小阻尼接触过程
1714373037 958428742 tool0 0 0 0 0 0 0
1714373037 958463040 tool0 0 0 0 0 0 0
1714373037 978413294 tool0 0 0 0 0 0 0
1714373037 978453480 tool0 0 0 0 0 0 0
1714373037 998438509 tool0 0 0 0 0 0 0
1714373037 998483583 tool0 0 0 0 0 0 0
1714373038 18460842 tool0 0 0 0 0 0 0
1714373038 18499816 tool0 0 0 0 0 0 0
1714373038 38450607 tool0 0 0 0 0 0 0
1714373038 38495531 tool0 0 0 0 0 0 0
1714373038 58465021 tool0 0 0 0 0 0 0
1714373038 58513899 tool0 0 0 0 0 0 0
1714373038 78459294 tool0 0 0 0 0 0 0
1714373038 78505258 tool0 0 0 0 0 0 0
1714373038 98599848 tool0 0 0 0 0 0 0
1714373038 98690910 tool0 0 0 0 0 0 0
1714373038 118452875 tool0 0 0 0 0 0 0
1714373038 118515873 tool0 0 0 0 0 0 0
1714373038 138401898 tool0 0 0 0 0 0 0
1714373038 138448990 tool0 0 0 0 0 0 0
1714373038 158460912 tool0 0 0 0 0 0 0
1714373038 158512998 tool0 0 0 0 0 0 0
1714373038 178494865 tool0 0 0 0 0 0 0
1714373038 178536873 tool0 0 0 0 0 0 0
1714373038 198561097 tool0 0 0 0 0 0 0
1714373038 198597759 tool0 0 0 0 0 0 0
1714373038 218450146 tool0 0 0 0 0 0 0
1714373038 218519113 tool0 0 0 0 0 0 0
1714373038 238450533 tool0 0 0 0 0 0 0
1714373038 238497771 tool0 0 0 0 0 0 0
1714373038 258495126 tool0 0 0 0 0 0 0
1714373038 258528348 tool0 0 0 0 0 0 0
1714373038 278417533 tool0 0 0 0 0 0 0
1714373038 278465108 tool0 0 0 0 0 0 0
1714373038 298449513 tool0 0 0 0 0 0 0
1714373038 298501714 tool0 0 0 0 0 0 0
1714373038 318440713 tool0 0 0 0 0 0 0
1714373038 318466810 tool0 0 0 0 0 0 0
1714373038 338473633 tool0 0 0 0 0 0 0
1714373038 338530452 tool0 0 0 0 0 0 0
1714373038 358401279 tool0 0 0 0 0 0 0
1714373038 358448011 tool0 0 0 0 0 0 0
1714373038 378446589 tool0 0 0 0 0 0 0
1714373038 378479166 tool0 0 0 0 0 0 0
1714373038 398432145 tool0 0 0 0 0 0 0
1714373038 398461201 tool0 0 0 0 0 0 0
1714373038 418456991 tool0 0 0 0 0 0 0
1714373038 418494840 tool0 0 0 0 0 0 0
1714373038 438540790 tool0 0 0 0 0 0 0
1714373038 438580017 tool0 0 0 0 0 0 0
1714373038 458503747 tool0 0 0 0 0 0 0
1714373038 458531846 tool0 0 0 0 0 0 0
1714373038 478442090 tool0 0 0 0 0 0 0
1714373038 478459497 tool0 0 0 0 0 0 0
1714373038 498504175 tool0 0 0 0 0 0 0
1714373038 498540747 tool0 0 0 0 0 0 0
1714373038 518450136 tool0 0 0 0 0 0 0
1714373038 518476858 tool0 0 0 0 0 0 0
1714373038 538466717 tool0 0 0 0 0 0 0
1714373038 538498614 tool0 0 0 0 0 0 0
1714373038 558419972 tool0 0 0 0 0 0 0
1714373038 558461388 tool0 0 0 0 0 0 0
1714373038 578627860 tool0 0 0 0 0 0 0
1714373038 578705953 tool0 0 0 0 0 0 0
1714373038 598499330 tool0 0 0 0 0 0 0
1714373038 598537973 tool0 0 0 0 0 0 0
1714373038 618459461 tool0 0 0 0 0 0 0
1714373038 618502528 tool0 0 0 0 0 0 0
1714373038 638474637 tool0 0 0 0 0 0 0
1714373038 638530249 tool0 0 0 0 0 0 0
1714373038 658466504 tool0 0 0 0 0 0 0
1714373038 658493761 tool0 0 0 0 0 0 0
1714373038 678412077 tool0 0 0 0 0 0 0
1714373038 678452658 tool0 0 0 0 0 0 0
1714373038 698518619 tool0 0 0 0 0 0 0
1714373038 698535410 tool0 0 0 0 0 0 0
1714373038 718470253 tool0 0 0 0 0 0 0
1714373038 718552112 tool0 0 0 0 0 0 0
1714373038 738565732 tool0 0 0 0 0 0 0
1714373038 738635822 tool0 0 0 0 0 0 0
1714373038 758406343 tool0 0 0 0 0 0 0
1714373038 758443629 tool0 0 0 0 0 0 0
1714373038 778470246 tool0 0 0 0 0 0 0
1714373038 778517266 tool0 0 0 0 0 0 0
1714373038 798424363 tool0 0 0 0 0 0 0
1714373038 798465613 tool0 0 0 0 0 0 0
1714373038 818443766 tool0 0 0 0 0 0 0
1714373038 818509485 tool0 0 0 0 0 0 0
1714373038 838455901 tool0 0 0 0 0 0 0
1714373038 838478523 tool0 0 0 0 0 0 0
1714373038 858418336 tool0 0 0 0 0 0 0
1714373038 858465638 tool0 0 0 0 0 0 0
1714373038 878409224 tool0 0 0 0 0 0 0
1714373038 878444531 tool0 0 0 0 0 0 0
1714373038 898465675 tool0 0 0 0 0 0 0
1714373038 898491489 tool0 0 0 0 0 0 0
1714373038 918468889 tool0 0 0 0 0 0 0
1714373038 918534195 tool0 0 0 0 0 0 0
1714373038 938436307 tool0 0 0 0 0 0 0
1714373038 938481676 tool0 0 0 0 0 0 0
1714373038 958453747 tool0 0 0 0 0 0 0
1714373038 958507340 tool0 0 0 0 0 0 0
1714373038 978633197 tool0 0 0 0 0 0 0
1714373038 978680180 tool0 0 0 0 0 0 0
1714373038 998534535 tool0 0 0 0 0 0 0
1714373038 998565584 tool0 0 0 0 0 0 0
1714373039 18577649 tool0 0 0 0 0 0 0
1714373039 18617055 tool0 0 0 0 0 0 0
1714373039 38717559 tool0 0 0 0 0 0 0
1714373039 38751260 tool0 0 0 0 0 0 0
1714373039 58543993 tool0 0 0 0 0 0 0
1714373039 58593728 tool0 0 0 0 0 0 0
1714373039 78721153 tool0 0 0 0 0 0 0
1714373039 78783501 tool0 0 0 0 0 0 0
1714373039 98501321 tool0 0 0 0 0 0 0
1714373039 98552596 tool0 0 0 0 0 0 0
1714373039 118472520 tool0 0 0 0 0 0 0
1714373039 118517540 tool0 0 0 0 0 0 0
1714373039 138405841 tool0 0 0 0 0 0 0
1714373039 138446300 tool0 0 0 0 0 0 0
1714373039 158503709 tool0 0 0 0 0 0 0
1714373039 158539770 tool0 0 0 0 0 0 0
1714373039 178606588 tool0 0 0 0 0 0 0
1714373039 178618838 tool0 0 0 0 0 0 0
1714373039 198455773 tool0 0 0 0 0 0 0
1714373039 198496527 tool0 0 0 0 0 0 0
1714373039 218435140 tool0 0 0 0 0 0 0
1714373039 218464680 tool0 0 0 0 0 0 0
1714373039 238506698 tool0 0 0 0 0 0 0
1714373039 238527182 tool0 0 0 0 0 0 0
1714373039 258423641 tool0 0 0 0 0 0 0
1714373039 258478508 tool0 0 0 0 0 0 0
1714373039 278480287 tool0 0 0 0 0 0 0
1714373039 278523285 tool0 0 0 0 0 0 0
1714373039 298491387 tool0 0 0 0 0 0 0
1714373039 298536477 tool0 0 0 0 0 0 0
1714373039 318468494 tool0 0 0 0 0 0 0
1714373039 318486379 tool0 0 0 0 0 0 0
1714373039 338557169 tool0 0 0 0 0 0 0
1714373039 338574336 tool0 0 0 0 0 0 0
1714373039 358722661 tool0 0 0 0 0 0 0
1714373039 358739580 tool0 0 0 0 0 0 0
1714373039 378320655 tool0 0 0 0 0 0 0
1714373039 378338468 tool0 0 0 0 0 0 0
1714373039 398414594 tool0 0 0 0 0 0 0
1714373039 398442585 tool0 0 0 0 0 0 0
1714373039 418640877 tool0 0 0 0 0 0 0
1714373039 418693865 tool0 0 0 0 0 0 0
1714373039 438400661 tool0 0 0 0 0 0 0
1714373039 438433742 tool0 0 0 0 0 0 0
1714373039 458487845 tool0 0 0 0 0 0 0
1714373039 458513720 tool0 0 0 0 0 0 0
1714373039 478606513 tool0 0 0 0 0 0 0
1714373039 478657104 tool0 0 0 0 0 0 0
1714373039 498439182 tool0 0 0 0 0 0 0
1714373039 498464301 tool0 0 0 0 0 0 0
1714373039 518355766 tool0 0 0 0 0 0 0
1714373039 518383602 tool0 0 0 0 0 0 0
1714373039 538509518 tool0 0 0 0 0 0 0
1714373039 538558740 tool0 0 0 0 0 0 0
1714373039 558363207 tool0 0 0 0 0 0 0
1714373039 558384257 tool0 0 0 0 0 0 0
1714373039 578451055 tool0 0 0 0 0 0 0
1714373039 578479495 tool0 0 0 0 0 0 0
1714373039 598568990 tool0 0 0 0 0 0 0
1714373039 598619885 tool0 0 0 0 0 0 0
1714373039 618503192 tool0 0 0 0 0 0 0
1714373039 618525011 tool0 0 0 0 0 0 0
1714373039 638506695 tool0 0 0 0 0 0 0
1714373039 638550507 tool0 0 0 0 0 0 0
1714373039 658619157 tool0 0 0 0 0 0 0
1714373039 658667858 tool0 0 0 0 0 0 0
1714373039 678435120 tool0 0 0 0 0 0 0
1714373039 678457090 tool0 0 0 0 0 0 0
1714373039 698332937 tool0 0 0 0 0 0 0
1714373039 698357700 tool0 0 0 0 0 0 0
1714373039 718611873 tool0 0 0 0 0 0 0
1714373039 718637436 tool0 0 0 0 0 0 0
1714373039 738316361 tool0 0 0 0 0 0 0
1714373039 738366295 tool0 0 0 0 0 0 0
1714373039 758367863 tool0 0 0 0 0 0 0
1714373039 758406674 tool0 0 0 0 0 0 0
1714373039 778451952 tool0 0 0 0 0 0 0
1714373039 778471166 tool0 0 0 0 0 0 0
1714373039 798473848 tool0 0 0 0 0 0 0
1714373039 798514133 tool0 0 0 0 0 0 0
1714373039 818287239 tool0 0 0 0 0 0 0
1714373039 818316128 tool0 0 0 0 0 0 0
1714373039 838433786 tool0 0 0 0 0 0 0
1714373039 838452596 tool0 0 0 0 0 0 0
1714373039 858406059 tool0 0 0 0 0 0 0
1714373039 858439090 tool0 0 0 0 0 0 0
1714373039 878738430 tool0 0 0 0 0 0 0
1714373039 878761654 tool0 0 0 0 0 0 0
1714373039 898451395 tool0 0 0 0 0 0 0
1714373039 898503581 tool0 0 0 0 0 0 0
1714373039 918319979 tool0 0 0 0 0 0 0
1714373039 918347328 tool0 0 0 0 0 0 0
1714373039 938349436 tool0 0 0 0 0 0 0
1714373039 938376482 tool0 0 0 0 0 0 0
1714373039 958440008 tool0 0 0 0 0 0 0
1714373039 958462431 tool0 0 0 0 0 0 0
1714373039 978283401 tool0 0 0 0 0 0 0
1714373039 978307507 tool0 0 0 0 0 0 0
1714373039 998336746 tool0 0 0 0 0 0 0
1714373039 998378116 tool0 0 0 0 0 0 0
1714373040 18489724 tool0 0 0 0 0 0 0
1714373040 18514804 tool0 0 0 0 0 0 0
1714373040 38437251 tool0 0 0 0 0 0 0
1714373040 38463849 tool0 0 0 0 0 0 0
1714373040 58342593 tool0 0 0 0 0 0 0
1714373040 58371829 tool0 0 0 0 0 0 0
1714373040 78747298 tool0 0 0 0 0 0 0
1714373040 78851681 tool0 0 0 0 0 0 0
1714373040 98528099 tool0 0 0 0 0 0 0
1714373040 98565798 tool0 0 0 0 0 0 0
1714373040 118569391 tool0 0 0 0 0 0 0
1714373040 118613335 tool0 0 0 0 0 0 0
1714373040 138359949 tool0 0 0 0 0 0 0
1714373040 138388511 tool0 0 0 0 0 0 0
1714373040 158788851 tool0 0 0 0 0 0 0
1714373040 158827561 tool0 0 0 0 0 0 0
1714373040 178371719 tool0 0 0 0 0 0 0
1714373040 178402404 tool0 0 0 0 0 0 0
1714373040 198271006 tool0 0 0 0 0 0 0
1714373040 198300440 tool0 0 0 0 0 0 0
1714373040 218393366 tool0 0 0 0 0 0 0
1714373040 218411390 tool0 0 0 0 0 0 0
1714373040 238545530 tool0 0 0 0 0 0 0
1714373040 238573087 tool0 0 0 0 0 0 0
1714373040 258391613 tool0 0 0 0 0 0 0
1714373040 258429758 tool0 0 0 0 0 0 0
1714373040 278804758 tool0 0 0 0 0 0 0
1714373040 278851701 tool0 0 0 0 0 0 0
1714373040 298514108 tool0 0 0 0 0 0 0
1714373040 298559733 tool0 0 0 0 0 0 0
1714373040 318382741 tool0 0 0 0 0 0 0
1714373040 318405963 tool0 0 0 0 0 0 0
1714373040 338412261 tool0 0 0 0 0 0 0
1714373040 338436732 tool0 0 0 0 0 0 0
1714373040 358349109 tool0 0 0 0 0 0 0
1714373040 358377362 tool0 0 0 0 0 0 0
1714373040 378299903 tool0 0 0 0 0 0 0
1714373040 378324083 tool0 0 0 0 0 0 0
1714373040 398453033 tool0 0 0 0 0 0 0
1714373040 398495481 tool0 0 0 0 0 0 0
1714373040 418292752 tool0 0 0 0 0 0 0
1714373040 418328863 tool0 0 0 0 0 0 0
1714373040 438483075 tool0 0 0 0 0 0 0
1714373040 438506608 tool0 0 0 0 0 0 0
1714373040 458393479 tool0 0 0 0 0 0 0
1714373040 458436842 tool0 0 0 0 0 0 0
1714373040 478334317 tool0 0 0 0 0 0 0
1714373040 478380431 tool0 0 0 0 0 0 0
1714373040 498282297 tool0 0 0 0 0 0 0
1714373040 498324112 tool0 0 0 0 0 0 0
1714373040 518364041 tool0 0 0 0 0 0 0
1714373040 518425585 tool0 0 0 0 0 0 0
1714373040 538358334 tool0 0 0 0 0 0 0
1714373040 538401346 tool0 0 0 0 0 0 0
1714373040 558633335 tool0 0 0 0 0 0 0
1714373040 558664616 tool0 0 0 0 0 0 0
1714373040 578519719 tool0 0 0 0 0 0 0
1714373040 578599627 tool0 0 0 0 0 0 0
1714373040 598694456 tool0 0 0 0 0 0 0
1714373040 598719406 tool0 0 0 0 0 0 0
1714373040 618477851 tool0 0 0 0 0 0 0
1714373040 618507013 tool0 0 0 0 0 0 0
1714373040 638464842 tool0 0 0 0 0 0 0
1714373040 638492365 tool0 0 0 0 0 0 0
1714373040 658427075 tool0 0 0 0 0 0 0
1714373040 658475258 tool0 0 0 0 0 0 0
1714373040 678389470 tool0 0 0 0 0 0 0
1714373040 678435689 tool0 0 0 0 0 0 0
1714373040 698314018 tool0 0 0 0 0 0 0
1714373040 698341047 tool0 0 0 0 0 0 0
1714373040 718272371 tool0 0 0 0 0 0 0
1714373040 718315549 tool0 0 0 0 0 0 0
1714373040 738566341 tool0 0 0 0 0 0 0
1714373040 738601018 tool0 0 0 0 0 0 0
1714373040 758519655 tool0 0 0 0 0 0 0
1714373040 758541329 tool0 0 0 0 0 0 0
1714373040 778435227 tool0 0 0 0 0 0 0
1714373040 778459026 tool0 0 0 0 0 -0.0516545 0
1714373040 798350038 tool0 0 0 1.88683 0 -0.0633084 0
1714373040 798375103 tool0 0 0 2.42943 0 -0.078358 0
1714373040 818374491 tool0 0 0 3.1117 0 -0.096982 0
1714373040 818394817 tool0 0 0 3.9388 0 -0.119243 0
1714373040 838521477 tool0 0 0 4.9204 0 -0.14531 0
1714373040 838566331 tool0 0 0 6.0606 0.0595755 -0.175129 0
1714373040 858322776 tool0 0 0 7.35119 0.075686 -0.20832 0
1714373040 858376802 tool0 0 0 8.76654 0.0931618 -0.244076 0
1714373040 878322211 tool0 1.7227 0 10.2796 0.111676 -0.281681 0
1714373040 878363630 tool0 2.02682 1.59281 11.8643 0.130777 -0.320327 0
1714373040 898462013 tool0 2.32948 1.81217 13.4971 0.150073 -0.359369 0
1714373040 898501465 tool0 2.62341 2.02489 15.155 0.169268 -0.398055 0
1714373040 918525105 tool0 2.90223 2.22349 16.8216 0.188147 -0.435968 0
1714373040 918540963 tool0 3.16398 2.40647 18.4806 0.206505 -0.472689 0
1714373040 938446886 tool0 3.40875 2.57178 20.1106 0.22411 -0.507832 0
1714373040 938499738 tool0 3.63282 2.72023 21.6957 0.240872 -0.540925 0
1714373040 958338296 tool0 3.83282 2.8504 23.2184 0.256569 -0.57164 0
1714373040 958395708 tool0 4.00105 2.9591 24.6696 0.270968 -0.599682 0
1714373040 978294086 tool0 4.13578 3.04331 26.036 0.283792 -0.624925 0
1714373040 978335022 tool0 4.23202 3.10223 27.3109 0.295028 -0.647143 0
1714373040 998331271 tool0 4.29105 3.13579 28.491 0.30476 -0.666472 0
1714373040 998362790 tool0 4.31294 3.14518 29.5748 0.313065 -0.682857 0
1714373041 18469339 tool0 4.3001 3.12946 30.5581 0.31975 -0.696301 0
1714373041 18517359 tool0 4.24992 3.08795 31.4295 0.32466 -0.706602 0
1714373041 38493451 tool0 4.16054 3.01962 32.1792 0.32754 -0.713601 0
1714373041 38520680 tool0 4.02687 2.9199 32.8128 0.328452 -0.717416 0
1714373041 58640043 tool0 3.85027 2.7898 33.3283 0.327286 -0.718029 0
1714373041 58699226 tool0 3.63043 2.62979 33.7347 0.324273 -0.715631 0
1714373041 78365544 tool0 3.37132 2.44014 34.0291 0.319485 -0.710341 0
1714373041 78448241 tool0 3.08085 2.22134 34.2266 0.313241 -0.702562 0
1714373041 98590953 tool0 2.75888 1.96753 34.3294 0.305381 -0.692439 0
1714373041 98614944 tool0 2.41043 1.68648 34.341 0.295989 -0.680024 0
1714373041 118346280 tool0 2.03192 0 34.2624 0.285015 -0.665443 0
1714373041 118369722 tool0 1.62781 0 34.0951 0.272763 -0.648928 0
1714373041 138768597 tool0 0 0 33.8459 0.259297 -0.63065 0
1714373041 138809184 tool0 0 0 33.5206 0.244835 -0.610741 0
1714373041 158724246 tool0 0 0 33.1262 0.229449 -0.589354 0
1714373041 158762770 tool0 0 0 32.6671 0.213358 -0.566865 0
1714373041 178324552 tool0 0 0 32.1426 0.196583 -0.543264 0
1714373041 178382462 tool0 0 0 31.5597 0.179408 -0.518853 0
1714373041 198284415 tool0 -1.63099 -1.50595 30.9153 0.161844 -0.493481 0
1714373041 198323836 tool0 -2.10538 -1.86743 30.2249 0.144343 -0.467737 0
1714373041 218384274 tool0 -2.56578 -2.21325 29.4997 0.127113 -0.441949 0
1714373041 218428500 tool0 -2.99503 -2.53107 28.7622 0.110668 -0.416868 0
1714373041 238379086 tool0 -3.39173 -2.82216 28.0227 0.0951458 -0.392767 0
1714373041 238404568 tool0 -3.74817 -3.08271 27.288 0.0809329 -0.370054 0
1714373041 258508638 tool0 -4.0609 -3.3098 26.5655 0.0682176 -0.348974 0
1714373041 258566759 tool0 -4.32625 -3.5036 25.862 0.0571568 -0.329711 0
1714373041 278314237 tool0 -4.54285 -3.658 25.1845 0 -0.312305 0
1714373041 278355955 tool0 -4.71145 -3.77288 24.5453 0 -0.297045 0
1714373041 298492335 tool0 -4.8337 -3.8469 23.9485 0 -0.283936 0
1714373041 298517841 tool0 -4.91432 -3.88418 23.411 0 -0.273152 0
1714373041 318384026 tool0 -4.9546 -3.88871 22.9329 0 -0.26456 0
1714373041 318406238 tool0 -4.96056 -3.86786 22.5208 0 -0.25815 0
1714373041 338463641 tool0 -4.93409 -3.82664 22.1607 0 -0.253522 0
1714373041 338495820 tool0 -4.88307 -3.76953 21.8501 0 -0.250416 0
1714373041 358372167 tool0 -4.80935 -3.69494 21.5881 0 -0.248708 0
1714373041 358411466 tool0 -4.71716 -3.60555 21.3803 0 -0.248469 0
1714373041 378820829 tool0 -4.61012 -3.50269 21.2268 0 -0.249587 0
1714373041 378884139 tool0 -4.49073 -3.39259 21.1274 0 -0.25196 0
1714373041 399367057 tool0 -4.35974 -3.27298 21.0743 0 -0.255374 0
1714373041 399405984 tool0 -4.21683 -3.14608 21.064 0 -0.259787 0
1714373041 418443646 tool0 -4.05766 -3.00789 21.0843 0 -0.265132 0
1714373041 418476647 tool0 -3.88622 -2.86369 21.1332 0 -0.271295 0
1714373041 438579705 tool0 -3.70172 -2.71033 21.2041 0.0533667 -0.278143 0
1714373041 438617452 tool0 -3.50993 -2.55131 21.3057 0.0596023 -0.285661 0
1714373041 458318485 tool0 -3.3116 -2.38641 21.4381 0.0661293 -0.293863 0
1714373041 458356954 tool0 -3.11082 -2.22028 21.6003 0.0728686 -0.30267 0
1714373041 478621659 tool0 -2.90888 -2.05404 21.7823 0.0797837 -0.31184 0
1714373041 478658728 tool0 -2.7061 -1.88829 21.9781 0.0868302 -0.321308 0
1714373041 498401707 tool0 -2.499 -1.72144 22.1893 0.0941427 -0.33111 0
1714373041 498467041 tool0 -2.28978 -1.55699 22.4149 0.101569 -0.341257 0
1714373041 518470429 tool0 -2.08075 0 22.6504 0.109033 -0.351543 0
1714373041 518508721 tool0 -1.87608 0 22.8926 0.116325 -0.361819 0
1714373041 538530398 tool0 -1.67726 0 23.141 0.123435 -0.372032 0
1714373041 538571756 tool0 0 0 23.3954 0.130419 -0.382179 0
1714373041 558562413 tool0 0 0 23.6482 0.137261 -0.392193 0
1714373041 558607352 tool0 0 0 23.8939 0.143921 -0.40198 0
1714373041 578348262 tool0 0 0 24.1324 0.150299 -0.411489 0
1714373041 578391404 tool0 0 0 24.3668 0.156344 -0.420692 0
1714373041 598777789 tool0 0 0 24.5997 0.16204 -0.429542 0
1714373041 598819439 tool0 0 0 24.8268 0.167348 -0.437975 0
1714373041 618549486 tool0 0 0 25.0447 0.172262 -0.445844 0
1714373041 618567099 tool0 0 0 25.2526 0.176799 -0.453139 0
1714373041 638327081 tool0 0 0 25.4506 0.180923 -0.459879 0
1714373041 638365740 tool0 0 0 25.6366 0.184634 -0.466007 0
1714373041 658413397 tool0 0 0 25.8089 0.187908 -0.471508 0
1714373041 658448110 tool0 0 0 25.9669 0.190745 -0.476278 0
1714373041 678566299 tool0 0 0 26.111 0.193153 -0.480431 0
1714373041 678620565 tool0 0 0 26.238 0.195132 -0.483804 0
1714373041 698585107 tool0 0 0 26.3455 0.196821 -0.486506 0
1714373041 698623453 tool0 0 0 26.4313 0.198279 -0.488471 0
1714373041 718340843 tool0 0 0 26.4967 0.19948 -0.489845 0
1714373041 718390526 tool0 0 0 26.5449 0.200432 -0.490653 0
1714373041 738620544 tool0 0 0 26.582 0.201012 -0.491019 0
1714373041 738690453 tool0 0 0 26.6063 0.20133 -0.49099 0
1714373041 758289377 tool0 0 0 26.6194 0.201321 -0.490651 0
1714373041 758347342 tool0 0 0 26.6206 0.201063 -0.490042 0
1714373041 778360709 tool0 0 0 26.6098 0.200484 -0.489098 0
1714373041 778400795 tool0 0 0 26.585 0.199625 -0.487684 0
1714373041 798430506 tool0 0 0 26.5472 0.198509 -0.48592 0
1714373041 798480549 tool0 0 0 26.5016 0.197134 -0.483897 0
1714373041 818331592 tool0 0 0 26.4504 0.195366 -0.481662 0
1714373041 818370202 tool0 0 0 26.3901 0.193352 -0.479112 0
1714373041 838357297 tool0 0 0 26.3225 0.191124 -0.476361 0
1714373041 838395533 tool0 0 0 26.2435 0.18901 -0.473488 0
1714373041 858493703 tool0 0 0 26.1556 0.186798 -0.470411 0
1714373041 858529377 tool0 0 0 26.0564 0.184623 -0.467128 0
1714373041 878391894 tool0 0 0 25.9476 0.182372 -0.463668 0
1714373041 878416325 tool0 0 0 25.8322 0.180224 -0.460278 0
1714373041 898838495 tool0 0 0 25.7128 0.17816 -0.456967 0
1714373041 898877271 tool0 0 0 25.5895 0.176239 -0.453693 0
1714373041 918440585 tool0 0 0 25.4609 0.174423 -0.450396 0
1714373041 918461218 tool0 0 0 25.328 0.172822 -0.447239 0
1714373041 938474384 tool0 0 0 25.1973 0.171287 -0.444306 0
1714373041 938523810 tool0 0 0 25.0679 0.169853 -0.441587 0
1714373041 958308438 tool0 0 0 24.9428 0.168307 -0.439043 0
1714373041 958343030 tool0 0 0 24.821 0.166732 -0.436687 0
1714373041 978332058 tool0 0 0 24.7047 0.16509 -0.434508 0
1714373041 978355946 tool0 0 0 24.5944 0.163441 -0.432401 0
1714373041 998316208 tool0 0 0 24.4904 0.161871 -0.430463 0
1714373041 998358664 tool0 0 0 24.3941 0.160434 -0.42876 0
1714373042 18481819 tool0 0 0 24.3076 0.159157 -0.427415 0
1714373042 18522669 tool0 0 0 24.2327 0.158043 -0.426359 0
1714373042 38481929 tool0 0 0 24.1709 0.157094 -0.42555 0
1714373042 38507114 tool0 0 0 24.1197 0.156328 -0.424904 0
1714373042 58427118 tool0 0 0 24.0787 0.155662 -0.42436 0
1714373042 58477347 tool0 0 0 24.0493 0.155124 -0.423952 0
1714373042 78515955 tool0 0 0 24.0293 0.154824 -0.423687 0
1714373042 78561673 tool0 0 0 24.0173 0.154777 -0.423634 0
1714373042 98346277 tool0 0 0 24.0075 0.155014 -0.423753 0
1714373042 98388737 tool0 0 0 24.0023 0.15535 -0.423983 0
1714373042 118472001 tool0 0 0 24.002 0.155792 -0.424382 0
1714373042 118502546 tool0 0 0 24.007 0.156308 -0.424891 0
1714373042 138420482 tool0 0 0 24.014 0.156924 -0.425525 0
1714373042 138446691 tool0 0 0 24.0237 0.157634 -0.426281 0
1714373042 158358341 tool0 0 0 24.0346 0.158431 -0.427163 0
1714373042 158379464 tool0 0 0 24.048 0.159296 -0.42823 0
1714373042 178462575 tool0 0 0 24.0614 0.160243 -0.429386 0
1714373042 178495476 tool0 0 0 24.0817 0.161252 -0.43079 0
1714373042 198464674 tool0 0 0 24.1084 0.162329 -0.432407 0
1714373042 198499890 tool0 0 0 24.1461 0.163455 -0.434318 0
1714373042 218295011 tool0 0 0 24.1894 0.164622 -0.436362 0
1714373042 218321448 tool0 0 0 24.2355 0.165914 -0.438355 0
1714373042 238293851 tool0 0 0 24.2834 0.167323 -0.440304 0
1714373042 238317399 tool0 0 0 24.3352 0.168815 -0.442273 0
1714373042 258799178 tool0 0 0 24.3911 0.170384 -0.444323 0
1714373042 258829848 tool0 0 0 24.4501 0.171957 -0.446389 0
1714373042 278555014 tool0 0 0 24.5142 0.173599 -0.448542 0
1714373042 278595029 tool0 0 0 24.5809 0.175225 -0.450749 0
1714373042 298303911 tool0 0 0 24.6467 0.176827 -0.452888 0
1714373042 298323098 tool0 0 0 24.7082 0.178358 -0.454747 0
1714373042 318361353 tool0 0 0 24.7726 0.179917 -0.456566 0
1714373042 318400677 tool0 0 0 24.8406 0.181527 -0.45842 0
1714373042 338354381 tool0 0 0 24.9118 0.183047 -0.460422 0
1714373042 338403023 tool0 0 0 24.9802 0.184325 -0.462326 0
1714373042 358302391 tool0 0 0 25.0461 0.185363 -0.464133 0
1714373042 358318323 tool0 0 0 25.1104 0.18623 -0.465823 0
1714373042 378343312 tool0 0 0 25.1726 0.187025 -0.46747 0
1714373042 378381336 tool0 0 0 25.2241 0.187771 -0.468877 0
1714373042 398423620 tool0 0 0 25.2656 0.188491 -0.470063 0
1714373042 398460663 tool0 0 0 25.2985 0.189149 -0.471092 0
1714373042 418374511 tool0 0 0 25.3317 0.189774 -0.472204 0
1714373042 418409674 tool0 0 0 25.3587 0.190245 -0.473151 0
1714373042 438414589 tool0 0 0 25.378 0.190505 -0.473778 0
1714373042 438448875 tool0 0 0 25.3893 0.19056 -0.474076 0
1714373042 458375388 tool0 0 0 25.3978 0.19055 -0.474259 0
1714373042 458413323 tool0 0 0 25.4034 0.190557 -0.474378 0
1714373042 478459380 tool0 0 0 25.4056 0.190548 -0.474395 0
1714373042 478501082 tool0 0 0 25.4033 0.190508 -0.474282 0
1714373042 498358490 tool0 0 0 25.4 0.190468 -0.474127 0
1714373042 498422925 tool0 0 0 25.3937 0.190476 -0.473883 0
1714373042 518377075 tool0 0 0 25.3878 0.190539 -0.473593 0
1714373042 518418288 tool0 0 0 25.3797 0.190483 -0.473197 0
1714373042 538480379 tool0 0 0 25.3693 0.190275 -0.472707 0
1714373042 538614671 tool0 0 0 25.3586 0.190024 -0.472244 0
1714373042 558458752 tool0 0 0 25.3505 0.189832 -0.471872 0
1714373042 558504818 tool0 0 0 25.349 0.189684 -0.471726 0
1714373042 578502294 tool0 0 0 25.3503 0.189548 -0.471659 0
1714373042 578534803 tool0 0 0 25.3485 0.189393 -0.471522 0
1714373042 598335820 tool0 0 0 25.3449 0.189174 -0.471277 0
1714373042 598364465 tool0 0 0 25.3391 0.188701 -0.47089 0
1714373042 618560342 tool0 0 0 25.3382 0.187978 -0.470545 0
1714373042 618606914 tool0 0 0 25.3364 0.187073 -0.470127 0
1714373042 638547765 tool0 0 0 25.3329 0.186172 -0.469637 0
1714373042 638596660 tool0 0 0 25.3251 0.18534 -0.469094 0
1714373042 658317764 tool0 0 0 25.3142 0.1845 -0.468461 0
1714373042 658421191 tool0 0 0 25.3009 0.183621 -0.467788 0
1714373042 678345425 tool0 0 0 25.2832 0.182725 -0.466894 0
1714373042 678383381 tool0 0 0 25.2613 0.181828 -0.465892 0
1714373042 698538204 tool0 0 0 25.2363 0.180931 -0.464853 0
1714373042 698564029 tool0 0 0 25.2054 0.180008 -0.463822 0
1714373042 718448230 tool0 0 0 25.1745 0.179185 -0.462951 0
1714373042 718477828 tool0 0 0 25.142 0.17843 -0.462121 0
1714373042 738340666 tool0 0 0 25.1118 0.177741 -0.461382 0
1714373042 738381451 tool0 0 0 25.0798 0.177089 -0.460609 0
1714373042 758397979 tool0 0 0 25.0494 0.176542 -0.459883 0
1714373042 758448096 tool0 0 0 25.0185 0.176131 -0.45913 0
1714373042 778627474 tool0 0 0 24.9876 0.175876 -0.458338 0
1714373042 778659263 tool0 0 0 24.9548 0.175699 -0.457524 0
1714373042 798503279 tool0 0 0 24.9262 0.175528 -0.456857 0
1714373042 798543794 tool0 0 0 24.9041 0.17532 -0.456363 0
1714373042 818309931 tool0 0 0 24.8904 0.175128 -0.456057 0
1714373042 818356847 tool0 0 0 24.8781 0.174966 -0.455812 0
1714373042 838482454 tool0 0 0 24.8634 0.174885 -0.455573 0
1714373042 838524271 tool0 0 0 24.8493 0.174833 -0.455399 0
1714373042 858350312 tool0 0 0 24.8424 0.174815 -0.455391 0
1714373042 858385251 tool0 0 0 24.8435 0.174756 -0.455543 0
1714373042 878436762 tool0 0 0 24.8478 0.174692 -0.455784 0
1714373042 878478259 tool0 0 0 24.8503 0.174592 -0.455973 0
1714373042 898483521 tool0 0 0 24.8501 0.174471 -0.45613 0
1714373042 898507069 tool0 0 0 24.8491 0.174347 -0.456234 0
1714373042 918336168 tool0 0 0 24.8475 0.17423 -0.4563 0
1714373042 918379861 tool0 0 0 24.846 0.17402 -0.456271 0
1714373042 938338128 tool0 0 0 24.8441 0.173712 -0.456107 0
1714373042 938385103 tool0 0 0 24.8449 0.173337 -0.455892 0
1714373042 958415597 tool0 0 0 24.8425 0.173061 -0.455552 0
1714373042 958458113 tool0 0 0 24.8347 0.17289 -0.455135 0
1714373042 978363338 tool0 0 0 24.8182 0.172816 -0.454607 0
1714373042 978414932 tool0 0 0 24.8025 0.172737 -0.45414 0
1714373042 998477548 tool0 0 0 24.7888 0.1726 -0.453716 0
1714373042 998504272 tool0 0 0 24.7804 0.17241 -0.453339 0
1714373043 18340647 tool0 0 0 24.7722 0.172159 -0.452993 0
1714373043 18388370 tool0 0 0 24.7641 0.171898 -0.452715 0
1714373043 38341567 tool0 0 0 24.7557 0.171743 -0.452511 0
1714373043 38376501 tool0 0 0 24.7479 0.171765 -0.452326 0
1714373043 58516538 tool0 0 0 24.7423 0.171993 -0.452167 0
1714373043 58542387 tool0 0 0 24.7412 0.17225 -0.452071 0
1714373043 78368935 tool0 0 0 24.7454 0.172413 -0.452048 0
1714373043 78408194 tool0 0 0 24.7525 0.172423 -0.451981 0
1714373043 98314667 tool0 0 0 24.759 0.172398 -0.451902 0
1714373043 98343670 tool0 0 0 24.7657 0.172423 -0.451865 0
1714373043 118315191 tool0 0 0 24.7689 0.172495 -0.451918 0
1714373043 118371566 tool0 0 0 24.7675 0.172558 -0.451979 0
1714373043 138297653 tool0 0 0 24.7618 0.172662 -0.452009 0
1714373043 138347907 tool0 0 0 24.7581 0.17278 -0.4521 0
1714373043 158337523 tool0 0 0 24.7565 0.17289 -0.452245 0
1714373043 158386229 tool0 0 0 24.755 0.172933 -0.452391 0
1714373043 178388505 tool0 0 0 24.7493 0.172961 -0.452453 0
1714373043 179062024 tool0 0 0 24.74 0.173115 -0.452486 0
1714373043 198349571 tool0 0 0 24.7308 0.173394 -0.4526 0
1714373043 198400599 tool0 0 0 24.7218 0.173784 -0.452824 0
1714373043 218520391 tool0 0 0 24.7153 0.174132 -0.453176 0
1714373043 218550755 tool0 0 0 24.7133 0.174497 -0.45366 0
1714373043 238380444 tool0 0 0 24.7181 0.174938 -0.454198 0
1714373043 238408928 tool0 0 0 24.7289 0.175497 -0.45477 0
1714373043 258317673 tool0 0 0 24.7408 0.17617 -0.455281 0
1714373043 258372939 tool0 0 0 24.7576 0.176882 -0.455872 0
1714373043 278384392 tool0 0 0 24.7796 0.177575 -0.456592 0
1714373043 278431433 tool0 0 0 24.8094 0.178162 -0.457538 0
1714373043 298299200 tool0 0 0 24.8402 0.178659 -0.458543 0
1714373043 298337401 tool0 0 0 24.8692 0.179127 -0.459564 0
1714373043 318405004 tool0 0 0 24.896 0.179637 -0.460521 0
1714373043 318440207 tool0 0 0 24.9223 0.180256 -0.461456 0
1714373043 338349671 tool0 0 0 24.9495 0.180907 -0.462342 0
1714373043 338392553 tool0 0 0 24.9744 0.181523 -0.463184 0
1714373043 358363794 tool0 0 0 24.9946 0.182 -0.463875 0
1714373043 358406250 tool0 0 0 25.0075 0.1824 -0.464457 0
1714373043 378456502 tool0 0 0 25.0099 0.182719 -0.464861 0
1714373043 378503610 tool0 0 0 25.0047 0.183022 -0.465177 0
1714373043 398329170 tool0 0 0 24.9944 0.183301 -0.465392 0
1714373043 398361579 tool0 0 0 24.9829 0.183552 -0.465509 0
1714373043 418353949 tool0 0 0 24.9728 0.183763 -0.4656 0
1714373043 418425997 tool0 0 0 24.9654 0.183874 -0.465648 0
1714373043 438463497 tool0 0 0 24.9592 0.18389 -0.465701 0
1714373043 438500432 tool0 0 0 24.9526 0.183808 -0.465739 0
1714373043 458332769 tool0 0 0 24.943 0.183795 -0.465738 0
1714373043 458367721 tool0 0 0 24.9354 0.183821 -0.465806 0
1714373043 478408936 tool0 0 0 24.9319 0.183834 -0.465948 0
1714373043 478444307 tool0 0 0 24.9356 0.183809 -0.466271 0
1714373043 498473060 tool0 0 0 24.94 0.183795 -0.466617 0
1714373043 498496093 tool0 0 0 24.9429 0.183891 -0.466904 0
1714373043 518349115 tool0 0 0 24.9469 0.184031 -0.46713 0
1714373043 518384573 tool0 0 0 24.954 0.184135 -0.467304 0
1714373043 538387607 tool0 0 0 24.9624 0.184105 -0.467439 0
1714373043 538425588 tool0 0 0 24.9674 0.183955 -0.467435 0
1714373043 558369965 tool0 0 0 24.969 0.183826 -0.46734 0
1714373043 558405714 tool0 0 0 24.9713 0.183694 -0.467286 0
1714373043 578409658 tool0 0 0 24.9732 0.183591 -0.467251 0
1714373043 578987496 tool0 0 0 24.9751 0.183494 -0.467208 0
1714373043 598449133 tool0 0 0 24.9737 0.183496 -0.467017 0
1714373043 598516946 tool0 0 0 24.9723 0.18361 -0.466797 0
1714373043 618550333 tool0 0 0 24.9723 0.183794 -0.466637 0
1714373043 618609498 tool0 0 0 24.9736 0.183948 -0.466603 0
1714373043 638544138 tool0 0 0 24.9741 0.184084 -0.466674 0
1714373043 638628107 tool0 0 0 24.972 0.184246 -0.466794 0
1714373043 658494118 tool0 0 0 24.968 0.184515 -0.466941 0
1714373043 658559732 tool0 0 0 24.9616 0.184756 -0.467017 0
1714373043 678450552 tool0 0 0 24.9521 0.184974 -0.466979 0
1714373043 678491101 tool0 0 0 24.9427 0.185125 -0.466923 0
1714373043 698360284 tool0 0 0 24.9353 0.185215 -0.466882 0
1714373043 698424806 tool0 0 0 24.934 0.18518 -0.46698 0
1714373043 718446324 tool0 0 0 24.9352 0.184987 -0.467053 0
1714373043 718511863 tool0 0 0 24.9352 0.184723 -0.467056 0
1714373043 738412875 tool0 0 0 24.9319 0.184526 -0.467003 0
1714373043 738486150 tool0 0 0 24.9272 0.184455 -0.466945 0
1714373043 758439619 tool0 0 0 24.9226 0.184467 -0.466899 0
1714373043 758480800 tool0 0 0 24.9192 0.18448 -0.46682 0
1714373043 778595269 tool0 0 0 24.9173 0.184476 -0.466747 0
1714373043 778653795 tool0 0 0 24.919 0.184427 -0.466716 0
1714373043 798438972 tool0 0 0 24.9214 0.184332 -0.466707 0
1714373043 798480633 tool0 0 0 24.9223 0.184226 -0.466681 0
1714373043 819359461 tool0 0 0 24.9178 0.184128 -0.466542 0
1714373043 819407499 tool0 0 0 24.9095 0.184041 -0.466342 0
1714373043 838405897 tool0 0 0 24.8994 0.183943 -0.46617 0
1714373043 838441245 tool0 0 0 24.8866 0.183828 -0.465952 0
1714373043 858452510 tool0 0 0 24.875 0.183688 -0.465708 0
1714373043 858501919 tool0 0 0 24.8655 0.183551 -0.465443 0
1714373043 878326088 tool0 0 0 24.8615 0.183377 -0.46528 0
1714373043 878359501 tool0 0 0 24.8595 0.18319 -0.465149 0
1714373043 898362866 tool0 0 0 24.8586 0.183017 -0.465024 0
1714373043 898448461 tool0 0 0 24.8577 0.183018 -0.464952 0
1714373043 918484175 tool0 0 0 24.8554 0.183144 -0.464953 0
1714373043 918529176 tool0 0 0 24.8532 0.183348 -0.465042 0
1714373043 938323852 tool0 0 0 24.8541 0.183493 -0.465193 0
1714373043 938366808 tool0 0 0 24.8614 0.183542 -0.46541 0
1714373043 958336644 tool0 0 0 24.8756 0.183574 -0.465723 0
1714373043 958376496 tool0 0 0 24.8911 0.183614 -0.466038 0
1714373043 978599994 tool0 0 0 24.9054 0.183731 -0.466358 0
1714373043 978652996 tool0 0 0 24.9171 0.183862 -0.466674 0
1714373043 998523120 tool0 0 0 24.9307 0.184023 -0.467136 0
1714373043 998558304 tool0 0 0 24.9465 0.184208 -0.467726 0
1714373044 18476019 tool0 0 0 24.9651 0.184299 -0.46831 0
1714373044 18551540 tool0 0 0 24.9847 0.184375 -0.468824 0
1714373044 38333661 tool0 0 0 25.0034 0.184398 -0.469229 0
1714373044 38370853 tool0 0 0 25.018 0.184447 -0.469581 0
1714373044 58438859 tool0 0 0 25.0284 0.184522 -0.469849 0
1714373044 58478146 tool0 0 0 25.0366 0.184619 -0.470082 0
1714373044 78457898 tool0 0 0 25.0437 0.184758 -0.470353 0
1714373044 78479652 tool0 0 0 25.0523 0.184843 -0.470687 0
1714373044 98619539 tool0 0 0 25.0604 0.184903 -0.470978 0
1714373044 98657207 tool0 0 0 25.0657 0.184981 -0.471118 0
1714373044 118374398 tool0 0 0 25.0655 0.185104 -0.471066 0
1714373044 118415959 tool0 0 0 25.0618 0.18531 -0.470951 0
1714373044 138353043 tool0 0 0 25.0598 0.185553 -0.470878 0
1714373044 138374751 tool0 0 0 25.0618 0.185816 -0.470899 0
1714373044 158402289 tool0 0 0 25.0679 0.186098 -0.471021 0
1714373044 158437807 tool0 0 0 25.0736 0.1864 -0.471194 0
1714373044 178334441 tool0 0 0 25.078 0.18669 -0.471448 0
1714373044 178363840 tool0 0 0 25.0807 0.186935 -0.471698 0
1714373044 198309328 tool0 0 0 25.0834 0.187087 -0.471975 0
1714373044 198351144 tool0 0 0 25.0853 0.187231 -0.472243 0
1714373044 218311281 tool0 0 0 25.0864 0.187332 -0.472534 0
1714373044 218343765 tool0 0 0 25.0881 0.187421 -0.472779 0
1714373044 238441734 tool0 0 0 25.0909 0.187408 -0.472984 0
1714373044 238495324 tool0 0 0 25.0925 0.187313 -0.473101 0
1714373044 258789700 tool0 0 0 25.0914 0.187132 -0.473131 0
1714373044 258828662 tool0 0 0 25.0861 0.186918 -0.473023 0
1714373044 278376659 tool0 0 0 25.0807 0.186669 -0.472851 0
1714373044 278408855 tool0 0 0 25.075 0.186433 -0.472552 0
1714373044 298497066 tool0 0 0 25.07 0.186254 -0.472191 0
1714373044 298535402 tool0 0 0 25.0622 0.186172 -0.471673 0
1714373044 318468914 tool0 0 0 25.0538 0.186152 -0.471127 0
1714373044 318516264 tool0 0 0 25.0462 0.186169 -0.470618 0
1714373044 338554086 tool0 0 0 25.0408 0.186147 -0.470244 0
1714373044 338648838 tool0 0 0 25.034 0.186156 -0.46993 0
1714373044 358322251 tool0 0 0 25.0251 0.186164 -0.469612 0
1714373044 358375336 tool0 0 0 25.0128 0.186295 -0.469309 0
1714373044 378481368 tool0 0 0 25.002 0.186485 -0.469129 0
1714373044 378518719 tool0 0 0 24.9943 0.186728 -0.469058 0
1714373044 398576565 tool0 0 0 24.991 0.186954 -0.469053 0
1714373044 398627408 tool0 0 0 24.9905 0.18718 -0.46912 0
1714373044 418353894 tool0 0 0 24.9921 0.187419 -0.469329 0
1714373044 418402775 tool0 0 0 24.9955 0.187617 -0.469647 0
1714373044 438431145 tool0 0 0 24.998 0.187709 -0.469927 0
1714373044 438466144 tool0 0 0 24.9964 0.187774 -0.470063 0
1714373044 458345058 tool0 0 0 24.9938 0.187853 -0.470178 0
1714373044 458388646 tool0 0 0 24.9915 0.187994 -0.470341 0
1714373044 478324099 tool0 0 0 24.9911 0.188028 -0.470528 0
1714373044 478359288 tool0 0 0 24.9917 0.187938 -0.470655 0
1714373044 498310128 tool0 0 0 24.9901 0.187695 -0.470674 0
1714373044 498369002 tool0 0 0 24.9863 0.187349 -0.470618 0
1714373044 518321071 tool0 0 0 24.9777 0.186892 -0.47038 0
1714373044 518346070 tool0 0 0 24.9673 0.186417 -0.469948 0
1714373044 538416576 tool0 0 0 24.9571 0.186004 -0.469487 0
1714373044 538437726 tool0 0 0 24.9479 0.185761 -0.469036 0
1714373044 558336064 tool0 0 0 24.9389 0.18553 -0.46867 0
1714373044 558373369 tool0 0 0 24.928 0.18529 -0.468203 0
1714373044 578411310 tool0 0 0 24.9152 0.184977 -0.467714 0
1714373044 578436029 tool0 0 0 24.9059 0.184795 -0.467375 0
1714373044 598338762 tool0 0 0 24.8995 0.184723 -0.46719 0
1714373044 598362206 tool0 0 0 24.8983 0.184783 -0.467208 0
1714373044 618347643 tool0 0 0 24.8975 0.184922 -0.467283 0
1714373044 618384138 tool0 0 0 24.8994 0.185096 -0.467509 0
1714373044 638514416 tool0 0 0 24.8982 0.185249 -0.467744 0
1714373044 638560698 tool0 0 0 24.8931 0.185342 -0.467875 0
1714373044 658542885 tool0 0 0 24.8845 0.185339 -0.467921 0
1714373044 658565601 tool0 0 0 24.8788 0.185336 -0.467946 0
1714373044 678473229 tool0 0 0 24.8774 0.185349 -0.46803 0
1714373044 678498703 tool0 0 0 24.8815 0.185405 -0.468118 0
1714373044 698518489 tool0 0 0 24.8882 0.18539 -0.468097 0
1714373044 698550285 tool0 0 0 24.896 0.185316 -0.467993 0
1714373044 718390935 tool0 0 0 24.9012 0.185259 -0.46778 0
1714373044 718450549 tool0 0 0 24.9055 0.185242 -0.467611 0
1714373044 738414268 tool0 0 0 24.9099 0.18524 -0.467462 0
1714373044 738458688 tool0 0 0 24.9183 0.185196 -0.46743 0
1714373044 758898702 tool0 0 0 24.9292 0.185127 -0.467505 0
1714373044 758944138 tool0 0 0 24.9427 0.185031 -0.467669 0
1714373044 778421489 tool0 0 0 24.9588 0.184968 -0.467949 0
1714373044 778470686 tool0 0 0 24.9751 0.184918 -0.468282 0
1714373044 798626055 tool0 0 0 24.9892 0.18493 -0.468677 0
1714373044 798649612 tool0 0 0 24.9971 0.185008 -0.46903 0
1714373044 818476543 tool0 0 0 25.0009 0.185194 -0.469365 0
1714373044 818507523 tool0 0 0 25.0014 0.185381 -0.469645 0
1714373044 838349492 tool0 0 0 25.0004 0.185479 -0.46984 0
1714373044 838370833 tool0 0 0 24.9966 0.185516 -0.469908 0
1714373044 858363441 tool0 0 0 24.9926 0.185524 -0.46992 0
1714373044 858429873 tool0 0 0 24.9893 0.185582 -0.469911 0
1714373044 878801897 tool0 0 0 24.9865 0.185708 -0.469923 0
1714373044 878824567 tool0 0 0 24.9789 0.185862 -0.469844 0
1714373044 898386218 tool0 0 0 24.966 0.185928 -0.469628 0
1714373044 898409511 tool0 0 0 24.949 0.185833 -0.46924 0
1714373044 918365001 tool0 0 0 24.931 0.185665 -0.468754 0
1714373044 918390332 tool0 0 0 24.9128 0.18547 -0.468206 0
1714373044 938333467 tool0 0 0 24.8982 0.18533 -0.467738 0
1714373044 938359531 tool0 0 0 24.8899 0.185253 -0.467458 0
1714373044 958369509 tool0 0 0 24.8871 0.185331 -0.467398 0
1714373044 958393533 tool0 0 0 24.8849 0.185507 -0.467416 0
1714373044 978491204 tool0 0 0 24.8803 0.1857 -0.467411 0
1714373044 978525027 tool0 0 0 24.8733 0.185801 -0.467392 0
1714373044 998311407 tool0 0 0 24.8654 0.185818 -0.467408 0
1714373044 998337517 tool0 0 0 24.8608 0.185891 -0.467541 0
1714373045 18401607 tool0 0 0 24.8587 0.186147 -0.467745 0
1714373045 18499689 tool0 0 0 24.8615 0.186519 -0.46804 0
1714373045 38532678 tool0 0 0 24.8657 0.186883 -0.468336 0
1714373045 38576343 tool0 0 0 24.8704 0.187114 -0.468608 0
1714373045 58346789 tool0 0 0 24.8732 0.187256 -0.468743 0
1714373045 58375131 tool0 0 0 24.8743 0.187263 -0.468704 0
1714373045 78599097 tool0 0 0 24.8749 0.187239 -0.468571 0
1714373045 78629474 tool0 0 0 24.875 0.187168 -0.468366 0
1714373045 98340455 tool0 0 0 24.8783 0.18714 -0.468187 0
1714373045 98382856 tool0 0 0 24.8863 0.187106 -0.468026 0
1714373045 118467020 tool0 0 0 24.8981 0.187039 -0.467921 0
1714373045 118492290 tool0 0 0 24.913 0.186834 -0.467937 0
1714373045 138343455 tool0 0 0 24.9301 0.186559 -0.468085 0
1714373045 138370968 tool0 0 0 24.9485 0.18631 -0.468379 0
1714373045 158847973 tool0 0 0 24.9645 0.186153 -0.46868 0
1714373045 158889376 tool0 0 0 24.9758 0.18607 -0.468953 0
1714373045 178745300 tool0 0 0 24.9831 0.185993 -0.469239 0
1714373045 178799512 tool0 0 0 24.9862 0.185939 -0.469454 0
1714373045 198356797 tool0 0 0 24.9893 0.18587 -0.469616 0
1714373045 198394511 tool0 0 0 24.9892 0.185764 -0.469681 0
1714373045 218617095 tool0 0 0 24.9876 0.185635 -0.469787 0
1714373045 218668098 tool0 0 0 24.9821 0.185536 -0.469906 0
1714373045 238624299 tool0 0 0 24.9747 0.185479 -0.469951 0
1714373045 238653274 tool0 0 0 24.9627 0.18538 -0.469805 0
1714373045 258336527 tool0 0 0 24.9482 0.185206 -0.469479 0
1714373045 258373890 tool0 0 0 24.9321 0.184995 -0.469019 0
1714373045 278337100 tool0 0 0 24.9167 0.184828 -0.4685 0
1714373045 278380730 tool0 0 0 24.9025 0.1847 -0.467957 0
1714373045 298321727 tool0 0 0 24.8934 0.184569 -0.467564 0
1714373045 298362157 tool0 0 0 24.8891 0.184433 -0.46739 0
1714373045 318346458 tool0 0 0 24.8892 0.184348 -0.467303 0
1714373045 318383580 tool0 0 0 24.8919 0.184283 -0.467172 0
1714373045 338409561 tool0 0 0 24.8992 0.184249 -0.467052 0
1714373045 338512030 tool0 0 0 24.9087 0.184228 -0.467034 0
1714373045 358319574 tool0 0 0 24.9183 0.184309 -0.467159 0
1714373045 358347521 tool0 0 0 24.9258 0.184432 -0.4673 0
1714373045 378380868 tool0 0 0 24.9347 0.184602 -0.467554 0
1714373045 378439896 tool0 0 0 24.9467 0.184755 -0.467954 0
1714373045 398331321 tool0 0 0 24.9603 0.184974 -0.468426 0
1714373045 398380226 tool0 0 0 24.971 0.185201 -0.468842 0
1714373045 418528251 tool0 0 0 24.9759 0.185427 -0.46909 0
1714373045 418555564 tool0 0 0 24.9784 0.185571 -0.469321 0
1714373045 438369187 tool0 0 0 24.9757 0.185664 -0.469469 0
1714373045 438392883 tool0 0 0 24.9688 0.185685 -0.469474 0
1714373045 458461070 tool0 0 0 24.9577 0.185659 -0.469361 0
1714373045 458519805 tool0 0 0 24.9488 0.185564 -0.469231 0
1714373045 478332146 tool0 0 0 24.9416 0.185452 -0.469193 0
1714373045 478400549 tool0 0 0 24.9293 0.185319 -0.469022 0
1714373045 498344721 tool0 0 0 24.912 0.185173 -0.468732 0
1714373045 498375453 tool0 0 0 24.8938 0.18491 -0.468359 0
1714373045 518408295 tool0 0 0 24.8782 0.184568 -0.468037 0
1714373045 518461653 tool0 0 0 24.8656 0.184225 -0.467784 0
1714373045 538346416 tool0 0 0 24.8535 0.184043 -0.467549 0
1714373045 538367893 tool0 0 0 24.8467 0.184036 -0.467406 0
1714373045 558313323 tool0 0 0 24.8432 0.184085 -0.467328 0
1714373045 558341313 tool0 0 0 24.8404 0.184114 -0.467306 0
1714373045 578538661 tool0 0 0 24.8349 0.18412 -0.467252 0
1714373045 578556830 tool0 0 0 24.8298 0.18416 -0.467203 0
1714373045 598334672 tool0 0 0 24.8313 0.184234 -0.467229 0
1714373045 598362187 tool0 0 0 24.8359 0.184276 -0.467232 0
1714373045 618820651 tool0 0 0 24.8388 0.184341 -0.467197 0
1714373045 618867073 tool0 0 0 24.841 0.184462 -0.467125 0
1714373045 638406595 tool0 0 0 24.8454 0.184606 -0.467165 0
1714373045 638443431 tool0 0 0 24.854 0.184692 -0.467312 0
1714373045 658390266 tool0 0 0 24.8657 0.184684 -0.467604 0
1714373045 658415383 tool0 0 0 24.8793 0.184787 -0.468056 0
1714373045 678328738 tool0 0 0 24.8979 0.185006 -0.46867 0
1714373045 678351970 tool0 0 0 24.9166 0.185324 -0.469428 0
1714373045 698373514 tool0 0 0 24.9354 0.185634 -0.470262 0
1714373045 698408249 tool0 0 0 24.9518 0.185963 -0.471164 0
1714373045 718346210 tool0 0 0 24.9657 0.186409 -0.472073 0
1714373045 718390697 tool0 0 0 24.982 0.186951 -0.473064 0
1714373045 738822705 tool0 0 0 24.9984 0.187545 -0.474135 0
1714373045 738847503 tool0 0 0 25.0156 0.188156 -0.47517 0
1714373045 758481175 tool0 0 0 25.0296 0.188743 -0.476142 0
1714373045 758510469 tool0 0 0 25.0376 0.189348 -0.476958 0
1714373045 778501257 tool0 0 0 25.042 0.189857 -0.477713 0
1714373045 778554369 tool0 0 0 25.0434 0.190285 -0.478347 0
1714373045 798362837 tool0 0 0 25.0461 0.190551 -0.47884 0
1714373045 798400057 tool0 0 0 25.048 0.190766 -0.47917 0
1714373045 818706422 tool0 0 0 25.0505 0.190968 -0.479352 0
1714373045 818792101 tool0 0 0 25.0565 0.19118 -0.479525 0
1714373045 838698352 tool0 0 0 25.0641 0.19139 -0.479654 0
1714373045 838774769 tool0 0 0 25.0711 0.191523 -0.479756 0
1714373045 858324456 tool0 0 0 25.0749 0.191615 -0.479895 0
1714373045 858371772 tool0 0 0 25.0776 0.19166 -0.480097 0
1714373045 878452919 tool0 0 0 25.0808 0.191708 -0.480338 0
1714373045 878471784 tool0 0 0 25.0811 0.191716 -0.48037 0
1714373045 898394328 tool0 0 0 25.0807 0.19171 -0.480205 0
1714373045 898440959 tool0 0 0 25.0801 0.191739 -0.479895 0
1714373045 918316973 tool0 0 0 25.0821 0.191798 -0.479608 0
1714373045 918364851 tool0 0 0 25.0841 0.191908 -0.479419 0
1714373045 938374822 tool0 0 0 25.0839 0.192036 -0.479303 0
1714373045 938403677 tool0 0 0 25.0808 0.192179 -0.479213 0
1714373045 958353173 tool0 0 0 25.0783 0.192291 -0.479103 0
1714373045 958383842 tool0 0 0 25.0789 0.19235 -0.478899 0
1714373045 978340801 tool0 0 0 25.0819 0.19234 -0.478598 0
1714373045 978377531 tool0 0 0 25.0864 0.192257 -0.478261 0
1714373045 998477792 tool0 0 0 25.0927 0.192168 -0.478029 0
1714373045 998524003 tool0 0 0 25.0966 0.192128 -0.477866 0
1714373046 18329880 tool0 0 0 25.0985 0.192122 -0.477714 0
1714373046 18353477 tool0 0 0 25.0982 0.192037 -0.477544 0
1714373046 38631989 tool0 0 0 25.0981 0.191753 -0.47732 0
1714373046 38656403 tool0 0 0 25.0984 0.191277 -0.477087 0
1714373046 58336482 tool0 0 0 25.0988 0.190687 -0.476828 0
1714373046 58360007 tool0 0 0 25.099 0.19021 -0.476615 0
1714373046 78295250 tool0 0 0 25.0947 0.189865 -0.476369 0
1714373046 78317421 tool0 0 0 25.0866 0.189664 -0.47605 0
1714373046 98355882 tool0 0 0 25.0766 0.189455 -0.475644 0
1714373046 98383952 tool0 0 0 25.0674 0.189245 -0.4752 0
1714373046 118372157 tool0 0 0 25.0596 0.189017 -0.474785 0
1714373046 118422197 tool0 0 0 25.0523 0.188772 -0.474432 0
1714373046 138560704 tool0 0 0 25.045 0.188528 -0.474013 0
1714373046 138597813 tool0 0 0 25.0379 0.188354 -0.473584 0
1714373046 158433456 tool0 0 0 25.0321 0.188281 -0.473074 0
1714373046 158487382 tool0 0 0 25.0269 0.188278 -0.472541 0
1714373046 178320937 tool0 0 0 25.0218 0.188239 -0.471874 0
1714373046 178359144 tool0 0 0 25.0185 0.188145 -0.471229 0
1714373046 198328095 tool0 0 0 25.0151 0.187979 -0.470625 0
1714373046 198369736 tool0 0 0 25.0099 0.187772 -0.470086 0
1714373046 218434079 tool0 0 0 25.0022 0.187519 -0.469529 0
1714373046 218461613 tool0 0 0 24.9962 0.187294 -0.469092 0
1714373046 238361008 tool0 0 0 24.9949 0.187102 -0.468763 0
1714373046 238376464 tool0 0 0 24.9981 0.186959 -0.468605 0
1714373046 258377096 tool0 0 0 25.0047 0.186823 -0.468495 0
1714373046 258414859 tool0 0 0 25.0101 0.186635 -0.468467 0
1714373046 278349141 tool0 0 0 25.0144 0.186424 -0.468521 0
1714373046 278370371 tool0 0 0 25.0187 0.18609 -0.468688 0
1714373046 298341465 tool0 0 0 25.0244 0.18575 -0.468908 0
1714373046 298370755 tool0 0 0 25.0318 0.185379 -0.469132 0
1714373046 318313145 tool0 0 0 25.0395 0.185027 -0.469343 0
1714373046 318351606 tool0 0 0 25.0482 0.18468 -0.469601 0
1714373046 338336915 tool0 0 0 25.0575 0.184251 -0.469782 0
1714373046 338362365 tool0 0 0 25.0631 0.18381 -0.469855 0
1714373046 358375296 tool0 0 0 25.0625 0.183345 -0.469784 0
1714373046 358400104 tool0 0 0 25.0524 0.182951 -0.469591 0
1714373046 378546936 tool0 0 0 25.0397 0.182668 -0.469361 0
1714373046 378603937 tool0 0 0 25.0261 0.18251 -0.469075 0
1714373046 398316357 tool0 0 0 25.0139 0.182545 -0.468788 0
1714373046 398331497 tool0 0 0 24.9985 0.182643 -0.468398 0
1714373046 418359760 tool0 0 0 24.9832 0.182764 -0.468044 0
1714373046 418383931 tool0 0 0 24.9691 0.182927 -0.467699 0
1714373046 438631916 tool0 0 0 24.9587 0.183162 -0.467428 0
1714373046 438676426 tool0 0 0 24.9497 0.183454 -0.467146 0
1714373046 458328424 tool0 0 0 24.9428 0.183697 -0.466955 0
1714373046 458348076 tool0 0 0 24.9397 0.183897 -0.466856 0
1714373046 478488747 tool0 0 0 24.9434 0.184063 -0.466931 0
1714373046 478513449 tool0 0 0 24.9498 0.184186 -0.467043 0
1714373046 498327383 tool0 0 0 24.9593 0.184224 -0.467192 0
1714373046 498360185 tool0 0 0 24.9669 0.184186 -0.467343 0
1714373046 518555443 tool0 0 0 24.9781 0.184157 -0.467594 0
1714373046 518584579 tool0 0 0 24.9889 0.184192 -0.467794 0
1714373046 538335857 tool0 0 0 25.0007 0.184277 -0.46795 0
1714373046 538387046 tool0 0 0 25.0103 0.184312 -0.468016 0
1714373046 558616690 tool0 0 0 25.0184 0.184348 -0.468119 0
1714373046 558630842 tool0 0 0 25.0254 0.184366 -0.468243 0
1714373046 578378944 tool0 0 0 25.0318 0.184485 -0.468404 0
1714373046 578396857 tool0 0 0 25.0381 0.184549 -0.468511 0
1714373046 598397984 tool0 0 0 25.0447 0.184592 -0.468504 0
1714373046 598442269 tool0 0 0 25.0506 0.184533 -0.468436 0
1714373046 618369038 tool0 0 0 25.0551 0.184431 -0.468327 0
1714373046 618395911 tool0 0 0 25.0584 0.184252 -0.46824 0
1714373046 638526399 tool0 0 0 25.0616 0.18396 -0.468216 0
1714373046 638561532 tool0 0 0 25.0626 0.18364 -0.468235 0
1714373046 658400720 tool0 0 0 25.0602 0.183396 -0.468262 0
1714373046 658443450 tool0 0 0 25.0537 0.183269 -0.468181 0
1714373046 678324535 tool0 0 0 25.0434 0.183181 -0.46798 0
1714373046 678363331 tool0 0 0 25.0315 0.182972 -0.467638 0
1714373046 698336181 tool0 0 0 25.0205 0.182811 -0.46736 0
1714373046 698395246 tool0 0 0 25.0138 0.182695 -0.46729 0
1714373046 718381588 tool0 0 0 25.0059 0.182672 -0.467295 0
1714373046 718411415 tool0 0 0 24.997 0.182637 -0.467214 0
1714373046 738385868 tool0 0 0 24.9874 0.182665 -0.467028 0
1714373046 738412461 tool0 0 0 24.9808 0.182797 -0.466842 0
1714373046 758382031 tool0 0 0 24.9772 0.182936 -0.466701 0
1714373046 758407384 tool0 0 0 24.9723 0.182989 -0.466502 0
1714373046 778374252 tool0 0 0 24.9658 0.182924 -0.466303 0
1714373046 778399050 tool0 0 0 24.9563 0.182882 -0.466059 0
1714373046 798405313 tool0 0 0 24.9494 0.18297 -0.465969 0
1714373046 798455615 tool0 0 0 24.9422 0.183096 -0.465904 0
1714373046 818768838 tool0 0 0 24.9338 0.18313 -0.465758 0
1714373046 818817470 tool0 0 0 24.9266 0.18303 -0.46549 0
1714373046 838344084 tool0 0 0 24.9233 0.182866 -0.465222 0
1714373046 838365041 tool0 0 0 24.9207 0.182717 -0.464999 0
1714373046 858595402 tool0 0 0 24.9141 0.182632 -0.464805 0
1714373046 858628133 tool0 0 0 24.9048 0.182586 -0.464592 0
1714373046 878347612 tool0 0 0 24.9009 0.182531 -0.464482 0
1714373046 878389631 tool0 0 0 24.9036 0.182426 -0.464416 0
1714373046 898572603 tool0 0 0 24.9112 0.182312 -0.464483 0
1714373046 898602721 tool0 0 0 24.9148 0.182188 -0.464463 0
1714373046 918379261 tool0 0 0 24.9145 0.182095 -0.464377 0
1714373046 918412783 tool0 0 0 24.9097 0.182029 -0.464199 0
1714373046 938393476 tool0 0 0 24.904 0.181991 -0.464085 0
1714373046 938432775 tool0 0 0 24.8953 0.181955 -0.463963 0
1714373046 958396493 tool0 0 0 24.8883 0.181897 -0.463851 0
1714373046 958421015 tool0 0 0 24.8851 0.181797 -0.463729 0
1714373046 978315528 tool0 0 0 24.8892 0.181684 -0.463775 0
1714373046 978340137 tool0 0 0 24.8956 0.181612 -0.463876 0
1714373046 998316271 tool0 0 0 24.9008 0.181596 -0.464025 0
1714373046 998352580 tool0 0 0 24.904 0.181569 -0.464128 0
1714373047 18362240 tool0 0 0 24.9088 0.181578 -0.464347 0
1714373047 18392825 tool0 0 0 24.9159 0.18159 -0.464609 0
1714373047 38458865 tool0 0 0 24.9258 0.18172 -0.464962 0
1714373047 38483318 tool0 0 0 24.936 0.181971 -0.465302 0
1714373047 58326179 tool0 0 0 24.9473 0.182337 -0.465699 0
1714373047 58355690 tool0 0 0 24.9542 0.182695 -0.466042 0
1714373047 78338060 tool0 0 0 24.9574 0.182926 -0.466308 0
1714373047 78388050 tool0 0 0 24.9546 0.183086 -0.466454 0
1714373047 98332618 tool0 0 0 24.9509 0.183157 -0.46655 0
1714373047 98358331 tool0 0 0 24.9469 0.183237 -0.466672 0
1714373047 118667035 tool0 0 0 24.9452 0.183296 -0.466785 0
1714373047 118689576 tool0 0 0 24.9441 0.18329 -0.466834 0
1714373047 138406025 tool0 0 0 24.9431 0.183208 -0.466779 0
1714373047 138448440 tool0 0 0 24.9423 0.182987 -0.466671 0
1714373047 158387019 tool0 0 0 24.9428 0.18272 -0.466551 0
1714373047 158425415 tool0 0 0 24.9465 0.182428 -0.466447 0
1714373047 178641842 tool0 0 0 24.9555 0.182233 -0.466458 0
1714373047 178674952 tool0 0 0 24.9671 0.182136 -0.46658 0
1714373047 198548077 tool0 0 0 24.9768 0.182069 -0.46667 0
1714373047 198565116 tool0 0 0 24.981 0.182041 -0.466672 0
1714373047 218414331 tool0 0 0 24.9819 0.181971 -0.466522 0
1714373047 218436412 tool0 0 0 24.9809 0.181911 -0.466322 0
1714373047 238360903 tool0 0 0 24.9743 0.181832 -0.465933 0
1714373047 238385844 tool0 0 0 24.9615 0.181846 -0.465418 0
1714373047 258531308 tool0 0 0 24.9437 0.181953 -0.464824 0
1714373047 258575045 tool0 0 0 24.9242 0.182114 -0.464293 0
1714373047 278453302 tool0 0 0 24.9032 0.182255 -0.463814 0
1714373047 278468848 tool0 0 0 24.8807 0.182336 -0.463292 0
1714373047 298330242 tool0 0 0 24.8586 0.18243 -0.462741 0
1714373047 298372240 tool0 0 0 24.8387 0.182557 -0.46221 0
1714373047 318352818 tool0 0 0 24.8218 0.182768 -0.461797 0
1714373047 318402846 tool0 0 0 24.8099 0.182959 -0.461536 0
1714373047 338342568 tool0 0 0 24.8028 0.183174 -0.461407 0
1714373047 338395066 tool0 0 0 24.8033 0.183372 -0.461522 0
1714373047 358359750 tool0 0 0 24.8102 0.183525 -0.461828 0
1714373047 358385522 tool0 0 0 24.8196 0.183588 -0.462176 0
1714373047 378685975 tool0 0 0 24.8305 0.183561 -0.46246 0
1714373047 378727799 tool0 0 0 24.8403 0.183566 -0.46267 0
1714373047 398874504 tool0 0 0 24.8511 0.183554 -0.462893 0
1714373047 398899387 tool0 0 0 24.86 0.18356 -0.463056 0
1714373047 418331691 tool0 0 0 24.8695 0.183502 -0.463162 0
1714373047 418358461 tool0 0 0 24.8795 0.183454 -0.46323 0
1714373047 439471849 tool0 0 0 24.8891 0.183467 -0.463282 0
1714373047 439500997 tool0 0 0 24.8975 0.183536 -0.463336 0
1714373047 458616523 tool0 0 0 24.9067 0.183589 -0.463338 0
1714373047 458636900 tool0 0 0 24.9162 0.183551 -0.463253 0
1714373047 478650610 tool0 0 0 24.9253 0.183474 -0.463116 0
1714373047 478708527 tool0 0 0 24.9299 0.183384 -0.462921 0
1714373047 498432646 tool0 0 0 24.9347 0.183258 -0.462824 0
1714373047 498458221 tool0 0 0 24.9418 0.183129 -0.462853 0
1714373047 518326791 tool0 0 0 24.9536 0.182965 -0.463085 0
1714373047 518351357 tool0 0 0 24.9681 0.182818 -0.463448 0
1714373047 538830063 tool0 0 0 24.9815 0.182598 -0.463797 0
1714373047 538849249 tool0 0 0 24.995 0.182359 -0.464148 0
1714373047 558382029 tool0 0 0 25.0049 0.18208 -0.464414 0
1714373047 558428224 tool0 0 0 25.0098 0.181826 -0.464647 0
1714373047 578435995 tool0 0 0 25.0097 0.181668 -0.464886 0
1714373047 578498405 tool0 0 0 25.0103 0.1817 -0.465236 0
1714373047 598392481 tool0 0 0 25.0148 0.181854 -0.465639 0
1714373047 598417875 tool0 0 0 25.0182 0.18208 -0.465951 0
1714373047 618823735 tool0 0 0 25.0169 0.182316 -0.466033 0
1714373047 618845980 tool0 0 0 25.0121 0.182616 -0.466023 0
1714373047 638448732 tool0 0 0 25.0081 0.182959 -0.465945 0
1714373047 638468642 tool0 0 0 25.0065 0.183238 -0.465848 0
1714373047 658344126 tool0 0 0 25.0046 0.183413 -0.46562 0
1714373047 658372725 tool0 0 0 25.0029 0.18355 -0.465327 0
1714373047 678423402 tool0 0 0 25.0036 0.183686 -0.465073 0
1714373047 678454860 tool0 0 0 25.0086 0.183763 -0.464895 0
1714373047 698365773 tool0 0 0 25.0158 0.18367 -0.464812 0
1714373047 698393345 tool0 0 0 25.0235 0.183547 -0.464844 0
1714373047 718385587 tool0 0 0 25.0332 0.183411 -0.464974 0
1714373047 718431105 tool0 0 0 25.0447 0.183278 -0.46523 0
1714373047 738345169 tool0 0 0 25.0541 0.182997 -0.465392 0
1714373047 738385545 tool0 0 0 25.0553 0.182668 -0.465438 0
1714373047 759010635 tool0 0 0 25.0516 0.182374 -0.465383 0
1714373047 759040737 tool0 0 0 25.0453 0.182141 -0.465336 0
1714373047 778629753 tool0 0 0 25.0404 0.181928 -0.465323 0
1714373047 778698419 tool0 0 0 25.0338 0.181744 -0.465263 0
1714373047 798411743 tool0 0 0 25.0273 0.181692 -0.465196 0
1714373047 798461015 tool0 0 0 25.023 0.181682 -0.465174 0
1714373047 818346412 tool0 0 0 25.0187 0.181655 -0.465126 0
1714373047 818378294 tool0 0 0 25.0121 0.18151 -0.465 0
1714373047 838474625 tool0 0 0 25.0041 0.181305 -0.464771 0
1714373047 838497478 tool0 0 0 24.9981 0.181134 -0.464578 0
1714373047 858482666 tool0 0 0 24.998 0.181036 -0.464478 0
1714373047 858548428 tool0 0 0 24.9996 0.181131 -0.464482 0
1714373047 878327323 tool0 0 0 25.0025 0.181342 -0.464565 0
1714373047 878386815 tool0 0 0 25.0086 0.18158 -0.464758 0
1714373047 898356999 tool0 0 0 25.0174 0.181722 -0.464972 0
1714373047 898416477 tool0 0 0 25.0256 0.181756 -0.465152 0
1714373047 918342077 tool0 0 0 25.0274 0.181795 -0.46521 0
1714373047 918380079 tool0 0 0 25.0271 0.181841 -0.465255 0
1714373047 938326644 tool0 0 0 25.0292 0.181942 -0.465324 0
1714373047 938369093 tool0 0 0 25.0306 0.182052 -0.465343 0
1714373047 958426372 tool0 0 0 25.0284 0.182142 -0.46522 0
1714373047 958451566 tool0 0 0 25.0194 0.182191 -0.464957 0
1714373047 978359290 tool0 0 0 25.0081 0.182122 -0.464595 0
1714373047 978388328 tool0 0 0 24.9948 0.182032 -0.464236 0
1714373047 998690822 tool0 0 0 24.9805 0.181942 -0.463895 0
1714373047 998732197 tool0 0 0 24.9688 0.181934 -0.463726 0
1714373048 18334335 tool0 0 0 24.9595 0.181919 -0.463627 0
1714373048 18379597 tool0 0 0 24.9544 0.18183 -0.463539 0
1714373048 38397282 tool0 0 0 24.9512 0.181674 -0.463386 0
1714373048 38479110 tool0 0 0 24.9486 0.181496 -0.463209 0
1714373048 58428694 tool0 0 0 24.9476 0.181376 -0.463094 0
1714373048 58480038 tool0 0 0 24.9494 0.181333 -0.463118 0
1714373048 78364833 tool0 0 0 24.9586 0.181289 -0.463317 0
1714373048 78503684 tool0 0 0 24.9724 0.181219 -0.463594 0
1714373048 98336645 tool0 0 0 24.9876 0.181069 -0.463804 0
1714373048 98396163 tool0 0 0 24.9987 0.180935 -0.463881 0
1714373048 118416383 tool0 0 0 25.0038 0.180794 -0.463781 0
1714373048 118441948 tool0 0 0 25.006 0.180682 -0.463572 0
1714373048 138530628 tool0 0 0 25.0026 0.180649 -0.463272 0
1714373048 138639842 tool0 0 0 24.9964 0.180746 -0.463005 0
1714373048 158466162 tool0 0 0 24.9862 0.180914 -0.462796 0
1714373048 158488016 tool0 0 0 24.9781 0.18106 -0.462676 0
1714373048 178349640 tool0 0 0 24.9703 0.181095 -0.462544 0
1714373048 178419784 tool0 0 0 24.9617 0.18109 -0.462408 0
1714373048 198366032 tool0 0 0 24.9532 0.181004 -0.462321 0
1714373048 198390537 tool0 0 0 24.947 0.180895 -0.462284 0
1714373048 218403215 tool0 0 0 24.9416 0.180692 -0.462173 0
1714373048 218461789 tool0 0 0 24.9381 0.180497 -0.462026 0
1714373048 238463694 tool0 0 0 24.9376 0.180334 -0.46197 0
1714373048 238538815 tool0 0 0 24.9428 0.180166 -0.462053 0
1714373048 258386057 tool0 0 0 24.9484 0.179899 -0.462141 0
1714373048 258419920 tool0 0 0 24.9514 0.179527 -0.462091 0
1714373048 278340947 tool0 0 0 24.9492 0.179173 -0.461952 0
1714373048 278370529 tool0 0 0 24.9476 0.178949 -0.461823 0
1714373048 298323563 tool0 0 0 24.9457 0.1788 -0.461703 0
1714373048 298377102 tool0 0 0 24.9433 0.178735 -0.461553 0
1714373048 318459400 tool0 0 0 24.9378 0.178811 -0.461391 0
1714373048 318487630 tool0 0 0 24.9358 0.179061 -0.461411 0
1714373048 338337944 tool0 0 0 24.936 0.17941 -0.461568 0
1714373048 338363167 tool0 0 0 24.9357 0.179728 -0.461697 0
1714373048 358379567 tool0 0 0 24.9348 0.180084 -0.461797 0
1714373048 358401778 tool0 0 0 24.9357 0.180461 -0.461908 0
1714373048 378322924 tool0 0 0 24.9407 0.180842 -0.462108 0
1714373048 378429039 tool0 0 0 24.9457 0.181085 -0.462253 0
1714373048 398364453 tool0 0 0 24.9493 0.181206 -0.462325 0
1714373048 398390759 tool0 0 0 24.9527 0.181337 -0.462395 0
1714373048 418403998 tool0 0 0 24.9554 0.181526 -0.462494 0
1714373048 418424951 tool0 0 0 24.9578 0.181642 -0.462629 0
1714373048 438343875 tool0 0 0 24.9565 0.181617 -0.462742 0
1714373048 438367315 tool0 0 0 24.9517 0.181411 -0.462765 0
1714373048 458382775 tool0 0 0 24.9469 0.181164 -0.462758 0
1714373048 458408387 tool0 0 0 24.9419 0.180838 -0.462669 0
1714373048 478384943 tool0 0 0 24.9377 0.180555 -0.46259 0
1714373048 478406551 tool0 0 0 24.9345 0.180352 -0.46255 0
1714373048 498464442 tool0 0 0 24.9344 0.180292 -0.462641 0
1714373048 498512431 tool0 0 0 24.9355 0.180344 -0.462762 0
1714373048 518366646 tool0 0 0 24.935 0.180402 -0.462804 0
1714373048 518394447 tool0 0 0 24.9323 0.180405 -0.46272 0
1714373048 538370719 tool0 0 0 24.932 0.18035 -0.462577 0
1714373048 538422340 tool0 0 0 24.9361 0.18031 -0.462365 0
1714373048 558324519 tool0 0 0 24.9432 0.180421 -0.462121 0
1714373048 558346228 tool0 0 0 24.9481 0.180616 -0.461887 0
1714373048 578402401 tool0 0 0 24.9489 0.180871 -0.461692 0
1714373048 578433763 tool0 0 0 24.9476 0.181041 -0.461483 0
