变阻尼接触过程
1714372921 538429277 tool0 0 0 0 0 0 0
1714372921 538457162 tool0 0 0 0 0 0 0
1714372921 558403672 tool0 0 0 0 0 0 0
1714372921 558431963 tool0 0 0 0 0 0 0
1714372921 578441727 tool0 0 0 0 0 0 0
1714372921 578474738 tool0 0 0 0 0 0 0
1714372921 598451478 tool0 0 0 0 0 0 0
1714372921 598503732 tool0 0 0 0 0 0 0
1714372921 618429261 tool0 0 0 0 0 0 0
1714372921 618467575 tool0 0 0 0 0 0 0
1714372921 638423816 tool0 0 0 0 0 0 0
1714372921 638462539 tool0 0 0 0 0 0 0
1714372921 658485349 tool0 0 0 0 0 0 0
1714372921 658525140 tool0 0 0 0 0 0 0
1714372921 678386512 tool0 0 0 0 0 0 0
1714372921 678427568 tool0 0 0 0 0 0 0
1714372921 698413766 tool0 0 0 0 0 0 0
1714372921 698457022 tool0 0 0 0 0 0 0
1714372921 718462594 tool0 0 0 0 0 0 0
1714372921 718535330 tool0 0 0 0 0 0 0
1714372921 738424105 tool0 0 0 0 0 0 0
1714372921 738463250 tool0 0 0 0 0 0 0
1714372921 758408218 tool0 0 0 0 0 0 0
1714372921 758448860 tool0 0 0 0 0 0 0
1714372921 778419303 tool0 0 0 0 0 0 0
1714372921 778465021 tool0 0 0 0 0 0 0
1714372921 798426336 tool0 0 0 0 0 0 0
1714372921 798471808 tool0 0 0 0 0 0 0
1714372921 818420685 tool0 0 0 0 0 0 0
1714372921 818610396 tool0 0 0 0 0 0 0
1714372921 838374397 tool0 0 0 0 0 0 0
1714372921 838443209 tool0 0 0 0 0 0 0
1714372921 858808723 tool0 0 0 0 0 0 0
1714372921 858908647 tool0 0 0 0 0 0 0
1714372921 878535357 tool0 0 0 0 0 0 0
1714372921 878583872 tool0 0 0 0 0 0 0
1714372921 898453795 tool0 0 0 0 0 0 0
1714372921 898533905 tool0 0 0 0 0 0 0
1714372921 918438102 tool0 0 0 0 0 0 0
1714372921 918481972 tool0 0 0 0 0 0 0
1714372921 938472248 tool0 0 0 0 0 0 0
1714372921 938519310 tool0 0 0 0 0 0 0
1714372921 958325434 tool0 0 0 0 0 0 0
1714372921 958378393 tool0 0 0 0 0 0 0
1714372921 978385041 tool0 0 0 0 0 0 0
1714372921 978435147 tool0 0 0 0 0 0 0
1714372921 998481932 tool0 0 0 0 0 0 0
1714372921 998525643 tool0 0 0 0 0 0 0
1714372922 18425511 tool0 0 0 0 0 0 0
1714372922 18472441 tool0 0 0 0 0 0 0
1714372922 38463138 tool0 0 0 0 0 0 0
1714372922 38489628 tool0 0 0 0 0 0 0
1714372922 58315663 tool0 0 0 0 0 0 0
1714372922 58339233 tool0 0 0 0 0 0 0
1714372922 78371982 tool0 0 0 0 0 0 0
1714372922 78416380 tool0 0 0 0 0 0 0
1714372922 98406720 tool0 0 0 0 0 0 0
1714372922 98444604 tool0 0 0 0 0 0 0
1714372922 118591939 tool0 0 0 0 0 0 0
1714372922 118610356 tool0 0 0 0 0 0 0
1714372922 138507855 tool0 0 0 0 0 0 0
1714372922 138562162 tool0 0 0 0 0 0 0
1714372922 158418873 tool0 0 0 0 0 0 0
1714372922 158443876 tool0 0 0 0 0 0 0
1714372922 178421088 tool0 0 0 0 0 0 0
1714372922 178443088 tool0 0 0 0 0 0 0
1714372922 198443622 tool0 0 0 0 0 0 0
1714372922 198473782 tool0 0 0 0 0 0 0
1714372922 218430681 tool0 0 0 0 0 0 0
1714372922 218473306 tool0 0 0 0 0 0 0
1714372922 238421625 tool0 0 0 0 0 0 0
1714372922 238457607 tool0 0 0 0 0 0 0
1714372922 258436245 tool0 0 0 0 0 0 0
1714372922 258496085 tool0 0 0 0 0 0 0
1714372922 278441096 tool0 0 0 0 0 0 0
1714372922 278479036 tool0 0 0 0 0 0 0
1714372922 298404063 tool0 0 0 0 0 0 0
1714372922 298455927 tool0 0 0 0 0 0 0
1714372922 318289133 tool0 0 0 0 0 0 0
1714372922 318312451 tool0 0 0 0 0 0 0
1714372922 338316951 tool0 0 0 0 0 0 0
1714372922 338339952 tool0 0 0 0 0 0 0
1714372922 358584863 tool0 0 0 0 0 0 0
1714372922 358607584 tool0 0 0 0 0 0 0
1714372922 378429150 tool0 0 0 0 0 0 0
1714372922 378453086 tool0 0 0 0 0 0 0
1714372922 398482714 tool0 0 0 0 0 0 0
1714372922 398505042 tool0 0 0 0 0 0 0
1714372922 418469596 tool0 0 0 0 0 0 0
1714372922 418521929 tool0 0 0 0 0 0 0
1714372922 438519331 tool0 0 0 0 0 0 0
1714372922 438581257 tool0 0 0 0 0 0 0
1714372922 458578217 tool0 0 0 0 0 0 0
1714372922 458615339 tool0 0 0 0 0 0 0
1714372922 478453096 tool0 0 0 0 0 0 0
1714372922 478483504 tool0 0 0 0 0 0 0
1714372922 498528457 tool0 0 0 0 0 0 0
1714372922 498548667 tool0 0 0 0 0 0 0
1714372922 518341394 tool0 0 0 0 0 0 0
1714372922 518401096 tool0 0 0 0 0 0 0
1714372922 538336938 tool0 0 0 0 0 0 0
1714372922 538382147 tool0 0 0 0 0 0 0
1714372922 558358209 tool0 0 0 0 0 0 0
1714372922 558418794 tool0 0 0 0 0 0 0
1714372922 578316793 tool0 0 0 0 0 0 0
1714372922 578340704 tool0 0 0 0 0 0 0
1714372922 598317709 tool0 0 0 0 0 0 0
1714372922 598341988 tool0 0 0 0 0 0 0
1714372922 618572012 tool0 0 0 0 0 0 0
1714372922 618637264 tool0 0 0 0 0 0 0
1714372922 638465924 tool0 0 0 0 0 0 0
1714372922 638508612 tool0 0 0 0 0 0 0
1714372922 658456023 tool0 0 0 0 0 0 0
1714372922 658481103 tool0 0 0 0 0 0 0
1714372922 678492060 tool0 0 0 0 0 0 0
1714372922 678527447 tool0 0 0 0 0 0 0
1714372922 698458502 tool0 0 0 0 0 0 0
1714372922 698502592 tool0 0 0 0 0 0 0
1714372922 718660679 tool0 0 0 0 0 0 0
1714372922 718684421 tool0 0 0 0 0 0 0
1714372922 738316755 tool0 0 0 0 0 0 0
1714372922 738347444 tool0 0 0 0 0 0 0
1714372922 758436238 tool0 0 0 0 0 0 0
1714372922 758482664 tool0 0 0 0 0 0 0
1714372922 778520109 tool0 0 0 0 0 0 0
1714372922 778569347 tool0 0 0 0 0 0 0
1714372922 798325324 tool0 0 0 0 0 0 0
1714372922 798350205 tool0 0 0 0 0 0 0
1714372922 818471589 tool0 0 0 0 0 0 0
1714372922 818514423 tool0 0 0 0 0 0 0
1714372922 838573256 tool0 0 0 0 0 0 0
1714372922 838623303 tool0 0 0 0 0 0 0
1714372922 858581498 tool0 0 0 0 0 0 0
1714372922 858601298 tool0 0 0 0 0 0 0
1714372922 878420513 tool0 0 0 0 0 0 0
1714372922 878444378 tool0 0 0 0 0 0 0
1714372922 898329864 tool0 0 0 0 0 0 0
1714372922 898386300 tool0 0 0 0 0 0 0
1714372922 918452580 tool0 0 0 0 0 0 0
1714372922 918484434 tool0 0 0 0 0 0 0
1714372922 938434837 tool0 0 0 0 0 0 0
1714372922 938470942 tool0 0 0 0 0 0 0
1714372922 958429529 tool0 0 0 0 0 0 0
1714372922 958476100 tool0 0 0 0 0 0 0
1714372922 978307043 tool0 0 0 0 0 0 0
1714372922 978348248 tool0 0 0 0 0 0 0
1714372922 998359209 tool0 0 0 0 0 0 0
1714372922 998416308 tool0 0 0 0 0 0 0
1714372923 18426737 tool0 0 0 0 0 0 0
1714372923 18453255 tool0 0 0 0 0 0 0
1714372923 38355579 tool0 0 0 0 0 0 0
1714372923 38394079 tool0 0 0 0 0 0 0
1714372923 58466769 tool0 0 0 0 0 0 0
1714372923 58492662 tool0 0 0 0 0 0 0
1714372923 78427709 tool0 0 0 0 0 0 0
1714372923 78469757 tool0 0 0 0 0 0 0
1714372923 98496573 tool0 0 0 0 0 0 0
1714372923 98537961 tool0 0 0 0 0 0 0
1714372923 118486202 tool0 0 0 0 0 0 0
1714372923 118518601 tool0 0 0 0 0 0 0
1714372923 138412029 tool0 0 0 0 0 0 0
1714372923 138453161 tool0 0 0 0 0 0 0
1714372923 158354083 tool0 0 0 0 0 0 0
1714372923 158390655 tool0 0 0 0 0 0 0
1714372923 178452750 tool0 0 0 0 0 0 0
1714372923 178525606 tool0 0 0 0 0 0 0
1714372923 198460716 tool0 0 0 0 0 0 0
1714372923 198490230 tool0 0 0 0 0 0 0
1714372923 218457596 tool0 0 0 0 0 0 0
1714372923 218488005 tool0 0 0 0 0 0 0
1714372923 238464592 tool0 0 0 0 0 0 0
1714372923 238490709 tool0 0 0 0 0 0 0
1714372923 258551016 tool0 0 0 0 0 0 0
1714372923 258584417 tool0 0 0 0 0 0 0
1714372923 278437255 tool0 0 0 0 0 0 0
1714372923 278458575 tool0 0 0 0 0 0 0
1714372923 298491939 tool0 0 0 0 0 0 0
1714372923 298646015 tool0 0 0 0 0 0 0
1714372923 318603434 tool0 0 0 0 0 0 0
1714372923 318634729 tool0 0 0 0 0 0 0
1714372923 338441107 tool0 0 0 0 0 0 0
1714372923 338488423 tool0 0 0 0 0 0 0
1714372923 358402419 tool0 0 0 0 0 0 0
1714372923 378418044 tool0 0 0 0 0 0 0
1714372923 378455017 tool0 0 0 0 0 0 0
1714372923 378482394 tool0 0 0 0 0 0 0
1714372923 398444488 tool0 0 0 1.68143 0 -0.057301 0
1714372923 398474296 tool0 0 0 2.03178 0 -0.0674432 0
1714372923 418578128 tool0 0 0 2.46081 0 -0.0796805 0
1714372923 418602249 tool0 0 0 2.97046 0 -0.0940138 0
1714372923 438504722 tool0 0 0 3.56697 0 -0.110518 0
1714372923 438614442 tool0 0 0 4.24565 0 -0.12898 0
1714372923 458653460 tool0 0 0 5.00026 0 -0.149031 0
1714372923 458670761 tool0 0 0 5.80837 0.0538739 -0.169998 0
1714372923 478440611 tool0 0 0 6.65698 0.0642967 -0.191393 0
1714372923 478463455 tool0 0 0 7.54789 0.0750128 -0.213379 0
1714372923 498382295 tool0 0 0 8.48397 0.0859762 -0.236029 0
1714372923 498407937 tool0 0 0 9.46376 0.0969983 -0.259253 0
1714372923 518543712 tool0 1.528 0 10.4687 0.10781 -0.282515 0
1714372923 518571484 tool0 1.66554 0 11.4863 0.118437 -0.305473 0
1714372923 538529862 tool0 1.79655 0 12.51 0.128805 -0.328091 0
1714372923 538563873 tool0 1.92155 1.58534 13.5313 0.13896 -0.350224 0
1714372923 558458286 tool0 2.03822 1.67017 14.5426 0.148775 -0.37168 0
1714372923 558485954 tool0 2.14773 1.74922 15.5342 0.158294 -0.392352 0
1714372923 578582520 tool0 2.24959 1.81857 16.5042 0.167477 -0.41214 0
1714372923 578621457 tool0 2.34272 1.87988 17.4548 0.176224 -0.431173 0
1714372923 598501207 tool0 2.4262 1.93263 18.3862 0.184544 -0.449276 0
1714372923 598539018 tool0 2.49757 1.98131 19.2901 0.192381 -0.466291 0
1714372923 618622834 tool0 2.55914 2.02468 20.159 0.199855 -0.482081 0
1714372923 618654987 tool0 2.60951 2.06319 20.9861 0.206902 -0.496569 0
1714372923 638505138 tool0 2.64863 2.09064 21.773 0.213366 -0.509849 0
1714372923 638557961 tool0 2.67374 2.10689 22.519 0.2192 -0.521874 0
1714372923 658476709 tool0 2.68359 2.11028 23.2209 0.224283 -0.532591 0
1714372923 658511884 tool0 2.67572 2.1043 23.8774 0.228599 -0.541921 0
1714372923 678462387 tool0 2.65112 2.08882 24.4831 0.232048 -0.549789 0
1714372923 678511544 tool0 2.6069 2.06296 25.041 0.234623 -0.556244 0
1714372923 698454012 tool0 2.54497 2.02237 25.551 0.236399 -0.561286 0
1714372923 698482323 tool0 2.4636 1.96643 26.0147 0.23737 -0.565072 0
1714372923 718515678 tool0 2.36697 1.89312 26.4308 0.237561 -0.567651 0
1714372923 718536443 tool0 2.25612 1.80696 26.7967 0.237041 -0.569042 0
1714372923 738564436 tool0 2.13075 1.70541 27.1167 0.235796 -0.569275 0
1714372923 738616107 tool0 1.99284 1.59412 27.3942 0.233962 -0.568546 0
1714372923 758501259 tool0 1.84094 0 27.6338 0.23143 -0.566936 0
1714372923 758529523 tool0 1.67943 0 27.8383 0.228354 -0.564458 0
1714372923 778452143 tool0 1.51215 0 28.0089 0.22482 -0.561154 0
1714372923 778499000 tool0 0 0 28.156 0.220921 -0.557243 0
1714372923 798458926 tool0 0 0 28.2803 0.21665 -0.552894 0
1714372923 798491057 tool0 0 0 28.3811 0.211965 -0.54814 0
1714372923 818459292 tool0 0 0 28.4579 0.207012 -0.543092 0
1714372923 818480243 tool0 0 0 28.514 0.201755 -0.537733 0
1714372923 838351241 tool0 0 0 28.5568 0.196085 -0.53219 0
1714372923 838422174 tool0 0 0 28.585 0.190029 -0.526453 0
1714372923 858629265 tool0 0 0 28.6002 0.183594 -0.520455 0
1714372923 858644522 tool0 0 0 28.6023 0.177039 -0.514254 0
1714372923 878507367 tool0 0 0 28.5915 0.170253 -0.507811 0
1714372923 878537730 tool0 0 0 28.5674 0.163335 -0.501225 0
1714372923 898471192 tool0 0 0 28.5308 0.156328 -0.494486 0
1714372923 898523488 tool0 0 0 28.4815 0.149354 -0.487603 0
1714372923 918475666 tool0 0 0 28.425 0.14255 -0.48067 0
1714372923 918528733 tool0 0 0 28.3579 0.135836 -0.47353 0
1714372923 938442850 tool0 0 -1.58664 28.2848 0.129346 -0.466399 0
1714372923 938480684 tool0 -1.60533 -1.74831 28.2033 0.123148 -0.459263 0
1714372923 958504719 tool0 -1.76426 -1.90213 28.117 0.117241 -0.452289 0
1714372923 958531229 tool0 -1.92146 -2.05138 28.022 0.111583 -0.445318 0
1714372923 978475778 tool0 -2.07633 -2.19486 27.9151 0.106091 -0.438365 0
1714372923 978513410 tool0 -2.22893 -2.3304 27.7986 0.10075 -0.431427 0
1714372923 998448439 tool0 -2.37806 -2.45927 27.6772 0.0955639 -0.424606 0
1714372923 998476232 tool0 -2.52118 -2.58079 27.5532 0.0905216 -0.417942 0
1714372924 18619299 tool0 -2.65861 -2.69814 27.4271 0.0857438 -0.411497 0
1714372924 18671337 tool0 -2.79134 -2.81003 27.2972 0.0811785 -0.405216 0
1714372924 38835618 tool0 -2.91912 -2.91636 27.1652 0.0768287 -0.399125 0
1714372924 38868702 tool0 -3.042 -3.01769 27.0297 0.0725932 -0.393093 0
1714372924 78462691 tool0 -3.16081 -3.11235 26.878 0.0682798 -0.386832 0
1714372924 78525679 tool0 -3.2769 -3.20169 26.7146 0.0639741 -0.380405 0
1714372924 98321907 tool0 -3.3899 -3.28347 26.5391 0.0597159 -0.373852 0
1714372924 98406508 tool0 -3.49576 -3.35851 26.3678 0.0557764 -0.367502 0
1714372924 98417714 tool0 -3.59215 -3.42858 26.1989 0.0522726 -0.361508 0
1714372924 118305112 tool0 -3.67696 -3.49276 26.0339 0 -0.355952 0
1714372924 118335892 tool0 -3.75091 -3.55222 25.8708 0 -0.350844 0
1714372924 138447599 tool0 -3.81707 -3.60474 25.707 0 -0.345981 0
1714372924 138486018 tool0 -3.87567 -3.65316 25.5456 0 -0.341479 0
1714372924 158443540 tool0 -3.9271 -3.69692 25.3892 0 -0.337393 0
1714372924 158484702 tool0 -3.9696 -3.73279 25.24 0 -0.33379 0
1714372924 178501707 tool0 -3.99973 -3.76004 25.111 0 -0.331002 0
1714372924 178549860 tool0 -4.01865 -3.77548 24.9959 0 -0.328854 0
1714372924 198564218 tool0 -4.02383 -3.78078 24.8986 0 -0.32749 0
1714372924 198616121 tool0 -4.02112 -3.77712 24.8056 0 -0.326522 0
1714372924 218453750 tool0 -4.0082 -3.76513 24.7215 0 -0.326021 0
1714372924 218501895 tool0 -3.98756 -3.74756 24.6456 0 -0.325879 0
1714372924 238412973 tool0 -3.9588 -3.72064 24.5728 0 -0.325921 0
1714372924 238449493 tool0 -3.92144 -3.68548 24.4994 0 -0.326088 0
1714372924 258357070 tool0 -3.87868 -3.64019 24.4179 0 -0.326136 0
1714372924 258403384 tool0 -3.83169 -3.58882 24.3299 0 -0.326059 0
1714372924 278298979 tool0 -3.78458 -3.538 24.2416 0 -0.326022 0
1714372924 278337975 tool0 -3.73843 -3.48981 24.1571 0 -0.326034 0
1714372924 298667925 tool0 -3.69463 -3.44639 24.0786 0 -0.326103 0
1714372924 298691330 tool0 -3.65446 -3.40529 24.0057 0 -0.326155 0
1714372924 318513591 tool0 -3.61782 -3.36882 23.9383 0 -0.326162 0
1714372924 318555270 tool0 -3.58566 -3.33426 23.8742 0 -0.326062 0
1714372924 338483204 tool0 -3.55741 -3.30208 23.8112 0 -0.325766 0
1714372924 338522016 tool0 -3.53291 -3.2716 23.7535 0 -0.325381 0
1714372924 358431311 tool0 -3.5131 -3.24629 23.7083 0 -0.325132 0
1714372924 358451324 tool0 -3.49815 -3.22513 23.6789 0 -0.325091 0
1714372924 378486021 tool0 -3.48663 -3.20769 23.6627 0 -0.325319 0
1714372924 378509849 tool0 -3.47519 -3.18886 23.6524 0 -0.325585 0
1714372924 398490299 tool0 -3.46116 -3.16816 23.643 0 -0.325861 0
1714372924 398552586 tool0 -3.44491 -3.1466 23.6363 0 -0.32625 0
1714372924 418464316 tool0 -3.42628 -3.1253 23.6327 0 -0.326748 0
1714372924 418501733 tool0 -3.40614 -3.10286 23.638 0 -0.327475 0
1714372924 438270554 tool0 -3.38523 -3.07861 23.6495 0 -0.328322 0
1714372924 438316081 tool0 -3.36355 -3.05086 23.6674 0 -0.329394 0
1714372924 458441538 tool0 -3.34194 -3.01975 23.6885 0 -0.330597 0
1714372924 458479309 tool0 -3.31843 -2.98601 23.714 0 -0.331928 0
1714372924 478456945 tool0 -3.29248 -2.95153 23.7429 0.0510229 -0.333402 0
1714372924 478495905 tool0 -3.2642 -2.91597 23.7759 0.0525431 -0.335017 0
1714372924 498453080 tool0 -3.23342 -2.87636 23.8098 0.0541686 -0.33666 0
1714372924 498493190 tool0 -3.20203 -2.83509 23.8485 0.0558285 -0.338334 0
1714372924 518379695 tool0 -3.1684 -2.79118 23.8886 0.0575725 -0.340009 0
1714372924 518416002 tool0 -3.13339 -2.74766 23.9327 0.0593618 -0.341815 0
1714372924 538473338 tool0 -3.09635 -2.70086 23.9722 0.0611795 -0.343571 0
1714372924 538502512 tool0 -3.05767 -2.65302 24.0084 0.0629822 -0.345277 0
1714372924 558588347 tool0 -3.01885 -2.60438 24.0438 0.0647532 -0.346938 0
1714372924 558616322 tool0 -2.98032 -2.55859 24.0871 0.0664929 -0.348824 0
1714372924 578310031 tool0 -2.94311 -2.51602 24.1371 0.0681604 -0.350947 0
1714372924 578369345 tool0 -2.90654 -2.47837 24.1918 0.0697444 -0.353234 0
1714372924 598383627 tool0 -2.86975 -2.44287 24.2466 0.0712458 -0.355493 0
1714372924 598439249 tool0 -2.83201 -2.40871 24.3042 0.0726742 -0.357797 0
1714372924 618395204 tool0 -2.79256 -2.37325 24.363 0.0740654 -0.360171 0
1714372924 618458054 tool0 -2.75403 -2.33828 24.4243 0.0753847 -0.362534 0
1714372924 638442860 tool0 -2.71625 -2.30393 24.4833 0.0766556 -0.364732 0
1714372924 638479421 tool0 -2.68012 -2.27212 24.5417 0.0778463 -0.366863 0
1714372924 658471333 tool0 -2.6442 -2.24318 24.6023 0.0789853 -0.369019 0
1714372924 658510074 tool0 -2.61037 -2.21711 24.6618 0.0800088 -0.371116 0
1714372924 678461201 tool0 -2.57792 -2.19387 24.7175 0.0809829 -0.372934 0
1714372924 678501048 tool0 -2.5474 -2.17043 24.7647 0.0818359 -0.374378 0
1714372924 698306321 tool0 -2.51725 -2.14409 24.8069 0.082641 -0.375562 0
1714372924 698346769 tool0 -2.4882 -2.11741 24.8467 0.083386 -0.376636 0
1714372924 718356788 tool0 -2.4602 -2.09366 24.8838 0.0841518 -0.377689 0
1714372924 718436184 tool0 -2.43484 -2.07411 24.9175 0.0849078 -0.378667 0
1714372924 738454552 tool0 -2.41179 -2.05678 24.9466 0.0856028 -0.379555 0
1714372924 738475182 tool0 -2.39145 -2.0401 24.9752 0.0862327 -0.380385 0
1714372924 758380117 tool0 -2.37391 -2.02773 25.0029 0.0868113 -0.381138 0
1714372924 758418373 tool0 -2.35942 -2.01766 25.0267 0.0873169 -0.381782 0
1714372924 778337994 tool0 -2.34485 -2.01154 25.0449 0.0877829 -0.382295 0
1714372924 778362045 tool0 -2.3306 -2.00582 25.0587 0.0881474 -0.382744 0
1714372924 798295508 tool0 -2.31653 -2.0025 25.0696 0.0885112 -0.383145 0
1714372924 798330113 tool0 -2.30748 -2.00113 25.0772 0.0887855 -0.383446 0
1714372924 818435802 tool0 -2.30312 -2.00233 25.0823 0.0889903 -0.383634 0
1714372924 818474455 tool0 -2.30569 -2.00593 25.0899 0.0890284 -0.383764 0
1714372924 838519143 tool0 -2.3121 -2.01161 25.102 0.0889047 -0.383957 0
1714372924 838565146 tool0 -2.32094 -2.02037 25.1184 0.0887431 -0.384216 0
1714372924 858318785 tool0 -2.33174 -2.03242 25.1366 0.08853 -0.384493 0
1714372924 858339575 tool0 -2.34471 -2.04756 25.1604 0.0883493 -0.384811 0
1714372924 878639188 tool0 -2.36062 -2.06343 25.1901 0.0881468 -0.385089 0
1714372924 878662365 tool0 -2.37922 -2.07769 25.2255 0.0879962 -0.385323 0
1714372924 898313179 tool0 -2.3983 -2.08874 25.2612 0.0879219 -0.38546 0
1714372924 898335715 tool0 -2.41672 -2.09888 25.2997 0.0878785 -0.385602 0
1714372924 918477302 tool0 -2.43191 -2.10789 25.3382 0.0878449 -0.385759 0
1714372924 918508328 tool0 -2.44562 -2.11635 25.3788 0.0877812 -0.385929 0
1714372924 938448902 tool0 -2.45577 -2.12227 25.4169 0.0877668 -0.386026 0
1714372924 938482714 tool0 -2.4633 -2.12645 25.452 0.0878226 -0.385967 0
1714372924 958472229 tool0 -2.46821 -2.12976 25.4827 0.0879572 -0.385789 0
1714372924 958511019 tool0 -2.471 -2.13278 25.5082 0.0881415 -0.385568 0
1714372924 978624479 tool0 -2.47142 -2.1331 25.525 0.0883616 -0.385315 0
1714372924 978646536 tool0 -2.46945 -2.13214 25.5337 0.0885913 -0.385111 0
1714372924 998485219 tool0 -2.46701 -2.12794 25.5333 0.0887724 -0.384925 0
1714372924 998524493 tool0 -2.46449 -2.12451 25.5297 0.0888652 -0.384825 0
1714372925 18380885 tool0 -2.46333 -2.11971 25.5202 0.0888843 -0.384681 0
1714372925 18417958 tool0 -2.46252 -2.11996 25.5151 0.0888835 -0.384677 0
1714372925 38345158 tool0 -2.46306 -2.12377 25.5082 0.0889246 -0.384681 0
1714372925 38371064 tool0 -2.46432 -2.13133 25.5007 0.0889751 -0.384708 0
1714372925 58395095 tool0 -2.46647 -2.13855 25.4858 0.0890119 -0.384629 0
1714372925 58424851 tool0 -2.47114 -2.14466 25.4693 0.0888522 -0.384555 0
1714372925 78367938 tool0 -2.47925 -2.1518 25.4549 0.0885081 -0.38448 0
1714372925 78391213 tool0 -2.49263 -2.16096 25.4456 0.0879768 -0.384376 0
1714372925 98408079 tool0 -2.50933 -2.17117 25.4387 0.0874166 -0.384175 0
1714372925 98459456 tool0 -2.5274 -2.18343 25.4354 0.0868536 -0.383939 0
1714372925 118644476 tool0 -2.54502 -2.196 25.4277 0.0863594 -0.383588 0
1714372925 118680257 tool0 -2.55922 -2.20959 25.4182 0.0858993 -0.383245 0
1714372925 138560373 tool0 -2.57329 -2.21802 25.3974 0.085376 -0.382673 0
1714372925 138585182 tool0 -2.5834 -2.21976 25.3678 0.0847747 -0.382009 0
1714372925 158508609 tool0 -2.59211 -2.21623 25.3289 0.0840983 -0.381146 0
1714372925 158550974 tool0 -2.59682 -2.21139 25.2872 0.083476 -0.380251 0
1714372925 178330879 tool0 -2.60143 -2.21007 25.2478 0.0829557 -0.379353 0
1714372925 178378755 tool0 -2.60478 -2.20724 25.2046 0.0825468 -0.378367 0
1714372925 198346987 tool0 -2.6049 -2.20267 25.1556 0.0822267 -0.377321 0
1714372925 198390757 tool0 -2.60043 -2.19641 25.1003 0.0819531 -0.376195 0
1714372925 218498477 tool0 -2.59344 -2.19211 25.0449 0.0817614 -0.37512 0
1714372925 218545182 tool0 -2.58718 -2.19053 24.9934 0.0815935 -0.374179 0
1714372925 238456683 tool0 -2.58526 -2.18984 24.9461 0.0814016 -0.373312 0
1714372925 238504387 tool0 -2.58477 -2.19306 24.9065 0.0812654 -0.372607 0
1714372925 258385093 tool0 -2.58517 -2.19908 24.8753 0.0812338 -0.371976 0
1714372925 258454182 tool0 -2.58537 -2.20705 24.8521 0.0812994 -0.371476 0
1714372925 278342080 tool0 -2.58764 -2.21563 24.836 0.0813758 -0.371089 0
1714372925 278398813 tool0 -2.59025 -2.22185 24.8181 0.0814439 -0.370679 0
1714372925 298423621 tool0 -2.59358 -2.22693 24.802 0.0814601 -0.370376 0
1714372925 298471925 tool0 -2.59758 -2.23118 24.7867 0.0814074 -0.37018 0
1714372925 318581447 tool0 -2.60292 -2.23655 24.7769 0.0812831 -0.370182 0
1714372925 318652207 tool0 -2.60764 -2.24323 24.7683 0.0811655 -0.370277 0
1714372925 338475788 tool0 -2.61005 -2.24963 24.7618 0.081125 -0.370323 0
1714372925 338539424 tool0 -2.61057 -2.25463 24.7555 0.0811837 -0.370286 0
1714372925 358497580 tool0 -2.6108 -2.25481 24.7453 0.0812248 -0.370104 0
1714372925 358532495 tool0 -2.61383 -2.25325 24.7325 0.0811356 -0.369929 0
1714372925 378335294 tool0 -2.61654 -2.25206 24.7206 0.0809561 -0.369854 0
1714372925 378375678 tool0 -2.61807 -2.25135 24.7098 0.080757 -0.369784 0
1714372925 398508517 tool0 -2.61688 -2.2504 24.6985 0.0806014 -0.369695 0
1714372925 398550636 tool0 -2.6131 -2.24982 24.6836 0.0806026 -0.369472 0
1714372925 418317149 tool0 -2.60719 -2.25088 24.6692 0.080789 -0.369167 0
1714372925 418342179 tool0 -2.59991 -2.25145 24.655 0.081094 -0.368805 0
1714372925 438269804 tool0 -2.59395 -2.24958 24.6421 0.0813087 -0.368383 0
1714372925 438308212 tool0 -2.59168 -2.246 24.629 0.0813512 -0.367998 0
1714372925 458310158 tool0 -2.59076 -2.2422 24.6157 0.0812728 -0.367628 0
1714372925 458344587 tool0 -2.58987 -2.24026 24.6068 0.0811796 -0.367377 0
1714372925 478431864 tool0 -2.58534 -2.24045 24.6018 0.0811529 -0.367176 0
1714372925 478489883 tool0 -2.57979 -2.24287 24.6005 0.0812049 -0.367075 0
1714372925 498419729 tool0 -2.57493 -2.24661 24.6004 0.0812998 -0.367103 0
1714372925 498494742 tool0 -2.57148 -2.25157 24.6021 0.0814719 -0.367281 0
1714372925 518309296 tool0 -2.56924 -2.25593 24.6044 0.0816329 -0.367518 0
1714372925 518347383 tool0 -2.56756 -2.25686 24.6035 0.0817162 -0.367699 0
1714372925 538351997 tool0 -2.56736 -2.25712 24.5998 0.0817282 -0.367817 0
1714372925 538394547 tool0 -2.56667 -2.25718 24.5921 0.0817764 -0.367832 0
1714372925 558344399 tool0 -2.56417 -2.25766 24.5824 0.0818778 -0.367809 0
1714372925 558366475 tool0 -2.56064 -2.25678 24.5744 0.0819678 -0.367817 0
1714372925 578508609 tool0 -2.55749 -2.25287 24.5685 0.081999 -0.367874 0
1714372925 578540969 tool0 -2.55706 -2.24745 24.5655 0.0819608 -0.367906 0
1714372925 598376616 tool0 -2.55873 -2.23941 24.5602 0.0818604 -0.367809 0
1714372925 598420362 tool0 -2.56131 -2.23073 24.5539 0.0817268 -0.367594 0
1714372925 618373649 tool0 -2.56226 -2.22181 24.5495 0.0816241 -0.367382 0
1714372925 618485644 tool0 -2.56146 -2.2146 24.5499 0.0815642 -0.36719 0
1714372925 638304739 tool0 -2.55986 -2.20844 24.5553 0.0814916 -0.367086 0
1714372925 638341204 tool0 -2.55953 -2.20278 24.5629 0.0813613 -0.367065 0
1714372925 658578639 tool0 -2.55862 -2.19696 24.5725 0.0812141 -0.367208 0
1714372925 658626861 tool0 -2.55697 -2.19207 24.5841 0.0811725 -0.367443 0
1714372925 678425615 tool0 -2.55317 -2.18731 24.5969 0.0812429 -0.367722 0
1714372925 678474356 tool0 -2.54863 -2.18144 24.609 0.0813571 -0.367951 0
1714372925 698336735 tool0 -2.54254 -2.1736 24.6171 0.0814896 -0.368126 0
1714372925 698364523 tool0 -2.53475 -2.1632 24.6222 0.081639 -0.36823 0
1714372925 718539204 tool0 -2.52372 -2.14992 24.6243 0.0818547 -0.368326 0
1714372925 718605829 tool0 -2.51075 -2.13313 24.626 0.0820801 -0.368418 0
1714372925 738538849 tool0 -2.49577 -2.11465 24.6291 0.0823741 -0.368714 0
1714372925 738591288 tool0 -2.47921 -2.09576 24.6364 0.0827854 -0.369173 0
1714372925 758427261 tool0 -2.45832 -2.07493 24.6467 0.0833416 -0.369795 0
1714372925 758644823 tool0 -2.43536 -2.05337 24.6601 0.0839668 -0.370485 0
1714372925 778613723 tool0 -2.41241 -2.03275 24.6769 0.0845097 -0.37131 0
1714372925 778689251 tool0 -2.39087 -2.01689 24.6955 0.0850592 -0.372248 0
1714372925 798603062 tool0 -2.36831 -2.00717 24.7162 0.0856968 -0.373317 0
1714372925 798655172 tool0 -2.34478 -2.00196 24.7389 0.086477 -0.374561 0
1714372925 818451069 tool0 -2.32278 -1.99893 24.7668 0.0872533 -0.376009 0
1714372925 818490389 tool0 -2.30421 -1.99786 24.7987 0.0879254 -0.377558 0
1714372925 838584608 tool0 -2.28824 -1.99603 24.8283 0.0884761 -0.379038 0
1714372925 838633138 tool0 -2.27264 -1.99302 24.8536 0.0889221 -0.380328 0
1714372925 858735835 tool0 -2.25717 -1.98893 24.8746 0.0893582 -0.381464 0
1714372925 858764908 tool0 -2.24289 -1.98667 24.8957 0.0897882 -0.382474 0
1714372925 878622182 tool0 -2.23021 -1.98684 24.9173 0.0902551 -0.383471 0
1714372925 878648048 tool0 -2.21871 -1.9857 24.935 0.0907163 -0.384343 0
1714372925 898588998 tool0 -2.20701 -1.98071 24.9472 0.0911337 -0.385055 0
1714372925 898612510 tool0 -2.19611 -1.97055 24.9538 0.0914209 -0.385548 0
1714372925 918519502 tool0 -2.18627 -1.95536 24.957 0.0915657 -0.385816 0
1714372925 918548702 tool0 -2.17728 -1.9403 24.9596 0.0916769 -0.38595 0
1714372925 938397550 tool0 -2.17024 -1.9262 24.9618 0.091767 -0.385965 0
1714372925 938463891 tool0 -2.16378 -1.91699 24.9675 0.0918232 -0.385952 0
1714372925 958561230 tool0 -2.16082 -1.91022 24.9724 0.0918398 -0.385948 0
1714372925 958583182 tool0 -2.1596 -1.90609 24.9767 0.0918042 -0.386 0
1714372925 978575218 tool0 -2.16211 -1.90387 24.9799 0.0917424 -0.386065 0
1714372925 978632128 tool0 -2.16691 -1.90149 24.985 0.0915486 -0.386062 0
1714372925 998503740 tool0 -2.17228 -1.90087 24.9932 0.0913677 -0.38598 0
1714372925 998547744 tool0 -2.17854 -1.89919 25.0015 0.0911882 -0.385838 0
1714372926 18411023 tool0 -2.18445 -1.89841 25.0104 0.0911046 -0.38575 0
1714372926 18458877 tool0 -2.191 -1.89757 25.0188 0.0910106 -0.385745 0
1714372926 38501178 tool0 -2.19656 -1.89527 25.0215 0.0909062 -0.385759 0
1714372926 58319020 tool0 -2.20065 -1.8913 25.0162 0.0908009 -0.385704 0
1714372926 58346528 tool0 -2.20378 -1.88713 25.007 0.0907241 -0.385662 0
1714372926 58350494 tool0 -2.20487 -1.88414 24.9998 0.0906485 -0.385638 0
1714372926 78277609 tool0 -2.20339 -1.88229 24.993 0.0905437 -0.385569 0
1714372926 78302958 tool0 -2.19922 -1.87659 24.9804 0.0904248 -0.385383 0
1714372926 98487234 tool0 -2.19241 -1.86878 24.9624 0.0903701 -0.385156 0
1714372926 98510867 tool0 -2.18467 -1.85654 24.9423 0.0903292 -0.384985 0
1714372926 118512876 tool0 -2.17583 -1.84475 24.9243 0.0902934 -0.384908 0
1714372926 118534966 tool0 -2.16649 -1.83292 24.9061 0.0902375 -0.384843 0
1714372926 138569805 tool0 -2.15598 -1.82354 24.8885 0.0902205 -0.38477 0
1714372926 138623473 tool0 -2.14451 -1.81645 24.8726 0.090277 -0.384691 0
1714372926 158498200 tool0 -2.13385 -1.81273 24.8651 0.0903792 -0.384734 0
1714372926 158528428 tool0 -2.12505 -1.80938 24.8607 0.0905308 -0.384823 0
1714372926 178320491 tool0 -2.11847 -1.80479 24.8575 0.090675 -0.384875 0
1714372926 178342027 tool0 -2.11364 -1.7967 24.8515 0.090848 -0.38487 0
1714372926 198358641 tool0 -2.10997 -1.7921 24.8504 0.0910237 -0.384911 0
1714372926 198387536 tool0 -2.10679 -1.79147 24.8521 0.0912439 -0.384965 0
1714372926 218364052 tool0 -2.10604 -1.79588 24.8547 0.0914385 -0.385043 0
1714372926 218407171 tool0 -2.10817 -1.80087 24.8556 0.0915993 -0.38505 0
1714372926 238306056 tool0 -2.11619 -1.80399 24.8537 0.0917608 -0.384945 0
1714372926 238343234 tool0 -2.12969 -1.80458 24.8503 0.0920059 -0.384654 0
1714372926 258270224 tool0 -2.14965 -1.80211 24.8475 0.0923732 -0.384247 0
1714372926 258312086 tool0 -2.17276 -1.79631 24.8446 0.0928124 -0.383768 0
1714372926 278362084 tool0 -2.19811 -1.78581 24.8412 0.0932795 -0.38315 0
1714372926 278386159 tool0 -2.2245 -1.77087 24.8353 0.0937963 -0.382382 0
1714372926 298528034 tool0 -2.25286 -1.75366 24.8307 0.0943314 -0.381532 0
1714372926 298621062 tool0 -2.28177 -1.73294 24.8257 0.0948812 -0.380643 0
1714372926 318335175 tool0 -2.3119 -1.70783 24.8191 0.0953462 -0.379699 0
1714372926 318373598 tool0 -2.34062 -1.68067 24.8107 0.0957566 -0.378654 0
1714372926 338710269 tool0 -2.3659 -1.65453 24.8007 0.096133 -0.377579 0
1714372926 338733041 tool0 -2.38457 -1.63258 24.7924 0.0964787 -0.376577 0
1714372926 358461224 tool0 -2.39728 -1.61337 24.7854 0.0967722 -0.375771 0
1714372926 358505808 tool0 -2.40459 -1.59722 24.7784 0.0969318 -0.375127 0
1714372926 378413175 tool0 -2.4083 -1.58332 24.7684 0.0969941 -0.37456 0
1714372926 378451140 tool0 -2.40916 -1.57206 24.7567 0.0969931 -0.374101 0
1714372926 398537274 tool0 -2.40815 -1.56413 24.7462 0.0970371 -0.373826 0
1714372926 398577938 tool0 -2.40474 -1.5591 24.7365 0.097153 -0.373738 0
1714372926 418386432 tool0 -2.40001 -1.55783 24.7252 0.0972987 -0.373724 0
1714372926 418409589 tool0 -2.3952 -1.5592 24.715 0.0974029 -0.373735 0
1714372926 438376952 tool0 -2.39088 -1.56175 24.7073 0.097472 -0.373728 0
1714372926 438431718 tool0 -2.38789 -1.56425 24.7035 0.0975655 -0.373701 0
1714372926 458282671 tool0 -2.38512 -1.56699 24.7026 0.0977553 -0.373624 0
1714372926 458332909 tool0 -2.38188 -1.57239 24.7061 0.0980561 -0.373593 0
1714372926 478500629 tool0 -2.37772 -1.57877 24.7141 0.0984065 -0.37358 0
1714372926 478561626 tool0 -2.37247 -1.58647 24.7277 0.0988068 -0.373705 0
1714372926 498600756 tool0 -2.36713 -1.59389 24.7464 0.0991787 -0.373932 0
1714372926 498660923 tool0 -2.36231 -1.60252 24.7702 0.0994642 -0.374226 0
1714372926 518551101 tool0 -2.3603 -1.61109 24.7978 0.0996085 -0.374521 0
1714372926 518604630 tool0 -2.36114 -1.61837 24.8293 0.0996773 -0.374866 0
1714372926 538335982 tool0 -2.36253 -1.62552 24.863 0.0998156 -0.375365 0
1714372926 538387104 tool0 -2.36245 -1.63224 24.8965 0.10007 -0.376022 0
1714372926 558496525 tool0 -2.36058 -1.63898 24.9288 0.100392 -0.376836 0
1714372926 558539524 tool0 -2.35797 -1.64437 24.9613 0.100711 -0.377815 0
1714372926 578590165 tool0 -2.35535 -1.6464 24.9906 0.100915 -0.378764 0
1714372926 578655745 tool0 -2.35015 -1.64617 25.0172 0.101094 -0.379725 0
1714372926 598424914 tool0 -2.3409 -1.64175 25.0374 0.101315 -0.3806 0
1714372926 598491975 tool0 -2.32622 -1.63569 25.0535 0.101682 -0.381533 0
1714372926 618652222 tool0 -2.30661 -1.62639 25.0617 0.102175 -0.382485 0
1714372926 618664857 tool0 -2.28364 -1.61518 25.0645 0.102685 -0.383437 0
1714372926 638616178 tool0 -2.25847 -1.6018 25.0617 0.103179 -0.384339 0
1714372926 638649042 tool0 -2.23301 -1.58656 25.0564 0.103621 -0.385093 0
1714372926 658524523 tool0 -2.20687 -1.57048 25.0494 0.104076 -0.385733 0
1714372926 658571402 tool0 -2.1805 -1.55371 25.0429 0.104477 -0.386282 0
1714372926 678525098 tool0 -2.15411 -1.53418 25.0318 0.104805 -0.386695 0
1714372926 678542325 tool0 -2.12806 -1.51271 25.019 0.105096 -0.387084 0
1714372926 698376317 tool0 -2.10363 0 25.0013 0.105409 -0.3873 0
1714372926 698421771 tool0 -2.08334 0 24.9843 0.105669 -0.387354 0
1714372926 718390816 tool0 -2.06891 0 24.9665 0.105767 -0.387187 0
1714372926 718431766 tool0 -2.05915 0 24.952 0.105715 -0.386946 0
1714372926 738474038 tool0 -2.05244 0 24.941 0.105598 -0.386702 0
1714372926 738618055 tool0 -2.04723 0 24.9316 0.105483 -0.386395 0
1714372926 758530428 tool0 -2.04389 0 24.9219 0.105401 -0.386051 0
1714372926 758565608 tool0 -2.04249 0 24.9136 0.105356 -0.385731 0
1714372926 778365616 tool0 -2.0427 0 24.9071 0.105388 -0.385487 0
1714372926 778403203 tool0 -2.04427 0 24.9054 0.10543 -0.385364 0
1714372926 799034734 tool0 -2.0466 0 24.9051 0.105452 -0.385302 0
1714372926 799065309 tool0 -2.05158 0 24.9061 0.105362 -0.385346 0
1714372926 818766248 tool0 -2.05821 0 24.9094 0.105247 -0.38555 0
1714372926 818829650 tool0 -2.06521 0 24.914 0.105187 -0.385759 0
1714372926 838566014 tool0 -2.07229 0 24.9221 0.10514 -0.385897 0
1714372926 838583242 tool0 -2.07863 0 24.9296 0.105073 -0.385939 0
1714372926 858391606 tool0 -2.08516 0 24.9387 0.104965 -0.386063 0
1714372926 858435082 tool0 -2.09072 0 24.947 0.104833 -0.386299 0
1714372926 878584658 tool0 -2.09644 0 24.9536 0.104638 -0.386532 0
1714372926 878616745 tool0 -2.10182 0 24.9578 0.104362 -0.386728 0
1714372926 898509656 tool0 -2.10722 0 24.96 0.104058 -0.386816 0
1714372926 898570740 tool0 -2.1134 0 24.9662 0.103753 -0.386891 0
1714372926 918513417 tool0 -2.11972 0 24.9774 0.103453 -0.386953 0
1714372926 918572854 tool0 -2.12611 0 24.9903 0.103184 -0.386989 0
1714372926 938595162 tool0 -2.13104 0 24.9987 0.102964 -0.386963 0
1714372926 938634050 tool0 -2.13486 0 25.0027 0.102817 -0.386905 0
1714372926 958498293 tool0 -2.13712 0 25.0059 0.102756 -0.386874 0
1714372926 958536557 tool0 -2.1398 0 25.0111 0.102729 -0.386846 0
1714372926 978524419 tool0 -2.1421 0 25.0176 0.102732 -0.386808 0
1714372926 978559749 tool0 -2.14536 0 25.0262 0.102721 -0.38678 0
1714372926 998534187 tool0 -2.14942 0 25.0381 0.102694 -0.386811 0
1714372926 998579946 tool0 -2.15518 0 25.0505 0.102653 -0.386866 0
1714372927 18360586 tool0 -2.16053 -1.50437 25.0596 0.102611 -0.386851 0
1714372927 18400738 tool0 -2.16529 -1.51059 25.0634 0.102585 -0.386749 0
1714372927 38598063 tool0 -2.17149 -1.51625 25.0632 0.102476 -0.38654 0
1714372927 38639353 tool0 -2.17788 -1.52511 25.063 0.102351 -0.386393 0
1714372927 58325050 tool0 -2.18353 -1.53447 25.0622 0.102174 -0.386282 0
1714372927 58360337 tool0 -2.18782 -1.54545 25.0632 0.102041 -0.386221 0
1714372927 78516018 tool0 -2.19222 -1.55528 25.0632 0.101893 -0.386093 0
1714372927 78583337 tool0 -2.1992 -1.56442 25.0618 0.101709 -0.38581 0
1714372927 98327448 tool0 -2.20664 -1.57269 25.0566 0.101498 -0.385419 0
1714372927 98354300 tool0 -2.21438 -1.58077 25.0475 0.101284 -0.384875 0
1714372927 118328260 tool0 -2.22069 -1.59122 25.04 0.101156 -0.384339 0
1714372927 118368783 tool0 -2.2285 -1.60098 25.0335 0.100971 -0.383763 0
1714372927 138353822 tool0 -2.24101 -1.61119 25.0318 0.10066 -0.383203 0
1714372927 138383343 tool0 -2.259 -1.6236 25.0355 0.100189 -0.382654 0
1714372927 158517721 tool0 -2.28338 -1.6413 25.0472 0.0995449 -0.382051 0
1714372927 158557852 tool0 -2.31305 -1.66268 25.0639 0.0988044 -0.381355 0
1714372927 178574668 tool0 -2.34707 -1.68228 25.0766 0.0979302 -0.380379 0
1714372927 178618379 tool0 -2.38341 -1.70104 25.086 0.0970377 -0.379283 0
1714372927 198528961 tool0 -2.41903 -1.7204 25.0955 0.0962072 -0.378205 0
1714372927 198571528 tool0 -2.45433 -1.7422 25.1074 0.0954274 -0.377177 0
1714372927 218499208 tool0 -2.48882 -1.76627 25.1215 0.0946739 -0.376237 0
1714372927 238479453 tool0 -2.52406 -1.7898 25.1333 0.0937701 -0.375295 0
1714372927 238569513 tool0 -2.55731 -1.81423 25.1445 0.0928821 -0.374466 0
1714372927 238650077 tool0 -2.5857 -1.83646 25.1527 0.0921036 -0.373681 0
1714372927 258411343 tool0 -2.60755 -1.85671 25.1586 0.0914959 -0.372993 0
1714372927 258471691 tool0 -2.62361 -1.87269 25.1623 0.0910015 -0.372412 0
1714372927 278554077 tool0 -2.63357 -1.88714 25.1673 0.0905897 -0.372045 0
1714372927 278599712 tool0 -2.63869 -1.89983 25.1745 0.0902505 -0.371865 0
1714372927 299123956 tool0 -2.64066 -1.91159 25.1831 0.0898895 -0.371816 0
1714372927 299156259 tool0 -2.64127 -1.9181 25.1853 0.0894588 -0.371639 0
1714372927 318510969 tool0 -2.64116 -1.92127 25.182 0.0890169 -0.371352 0
1714372927 318530616 tool0 -2.63944 -1.91848 25.1723 0.0886567 -0.370933 0
1714372927 339011803 tool0 -2.6368 -1.91381 25.1635 0.0883952 -0.370525 0
1714372927 339036969 tool0 -2.63346 -1.90841 25.1577 0.0881599 -0.370176 0
1714372927 358513354 tool0 -2.63123 -1.90586 25.156 0.0878864 -0.369932 0
1714372927 358560457 tool0 -2.62845 -1.90542 25.1554 0.0876695 -0.369805 0
1714372927 378395632 tool0 -2.62523 -1.9053 25.1519 0.0875085 -0.36971 0
1714372927 378422885 tool0 -2.62161 -1.90209 25.1418 0.0874231 -0.369539 0
1714372927 398636223 tool0 -2.61883 -1.89701 25.1273 0.0873697 -0.369272 0
1714372927 398666937 tool0 -2.6163 -1.89059 25.1104 0.0874267 -0.368967 0
1714372927 418541773 tool0 -2.61433 -1.88978 25.1001 0.0875771 -0.368878 0
1714372927 418566597 tool0 -2.61319 -1.8903 25.0953 0.0877573 -0.368997 0
1714372927 438485077 tool0 -2.61261 -1.89591 25.0965 0.0879633 -0.369282 0
1714372927 438515959 tool0 -2.61229 -1.90129 25.0976 0.088151 -0.36953 0
1714372927 458635280 tool0 -2.61209 -1.90717 25.0966 0.0883819 -0.369703 0
1714372927 458650696 tool0 -2.61223 -1.90903 25.0912 0.0885994 -0.369709 0
1714372927 478597027 tool0 -2.61321 -1.90778 25.0835 0.0887649 -0.369553 0
1714372927 498373478 tool0 -2.6152 -1.90524 25.0762 0.0888163 -0.36937 0
1714372927 498418646 tool0 -2.61963 -1.90318 25.0728 0.0887183 -0.36925 0
1714372927 498428859 tool0 -2.62449 -1.90481 25.0738 0.0885365 -0.369344 0
1714372927 518362245 tool0 -2.63023 -1.90845 25.077 0.088256 -0.369494 0
1714372927 518390995 tool0 -2.63395 -1.91123 25.078 0.0879481 -0.369611 0
1714372927 538365000 tool0 -2.63641 -1.91305 25.0775 0.0876083 -0.369664 0
1714372927 538388328 tool0 -2.63812 -1.91479 25.0781 0.0871771 -0.36973 0
1714372927 558297629 tool0 -2.63994 -1.91776 25.0817 0.0867123 -0.369864 0
1714372927 558321945 tool0 -2.64279 -1.91972 25.0862 0.0862005 -0.369961 0
1714372927 578729244 tool0 -2.64525 -1.92132 25.0904 0.0858007 -0.370011 0
1714372927 578770152 tool0 -2.64811 -1.9235 25.0931 0.0854594 -0.37001 0
1714372927 598561897 tool0 -2.65027 -1.92693 25.0942 0.085219 -0.369916 0
1714372927 598592048 tool0 -2.65031 -1.9333 25.0926 0.085118 -0.369763 0
1714372927 618499440 tool0 -2.64903 -1.9407 25.0906 0.0851126 -0.369613 0
1714372927 618557517 tool0 -2.64677 -1.94839 25.0866 0.0851864 -0.369461 0
1714372927 638726847 tool0 -2.64645 -1.95506 25.0851 0.0851459 -0.36939 0
1714372927 638756858 tool0 -2.64724 -1.96179 25.084 0.0850488 -0.369343 0
1714372927 658665405 tool0 -2.64753 -1.96569 25.0814 0.0849981 -0.369312 0
1714372927 658687479 tool0 -2.6474 -1.96683 25.0747 0.0850426 -0.369294 0
1714372927 678696300 tool0 -2.64647 -1.9648 25.0654 0.0851189 -0.369277 0
1714372927 678722051 tool0 -2.64546 -1.96476 25.059 0.0851098 -0.369408 0
1714372927 698637552 tool0 -2.64299 -1.96502 25.0531 0.0851089 -0.369535 0
1714372927 698677570 tool0 -2.63927 -1.96569 25.0482 0.0851949 -0.369715 0
1714372927 718691040 tool0 -2.63543 -1.96278 25.0397 0.0853298 -0.369807 0
1714372927 718724418 tool0 -2.6321 -1.95806 25.0296 0.0854919 -0.369786 0
1714372927 738357502 tool0 -2.62878 -1.95243 25.02 0.0856263 -0.369685 0
1714372927 738574316 tool0 -2.62275 -1.94706 25.0104 0.085896 -0.369499 0
1714372927 758665492 tool0 -2.6164 -1.94198 25.0015 0.0861817 -0.369331 0
1714372927 758678490 tool0 -2.61127 -1.94012 24.9945 0.0863832 -0.369241 0
1714372927 778437844 tool0 -2.60851 -1.94365 24.9927 0.0864293 -0.369322 0
1714372927 778469925 tool0 -2.6045 -1.95285 24.9955 0.0864918 -0.369562 0
1714372927 798314211 tool0 -2.60014 -1.9618 24.9985 0.0865967 -0.369839 0
1714372927 798357441 tool0 -2.59735 -1.96617 24.9993 0.0866919 -0.370039 0
1714372927 818506862 tool0 -2.59771 -1.96575 24.9998 0.0866283 -0.370147 0
1714372927 818528315 tool0 -2.60021 -1.96551 25.0038 0.0864754 -0.370252 0
1714372927 838655327 tool0 -2.60296 -1.96872 25.0121 0.0863069 -0.370455 0
1714372927 838695066 tool0 -2.6046 -1.97629 25.0224 0.086278 -0.370804 0
1714372927 858389885 tool0 -2.60514 -1.98701 25.0349 0.0863534 -0.37127 0
1714372927 858427009 tool0 -2.60484 -1.99851 25.0484 0.0865298 -0.371728 0
1714372927 878727867 tool0 -2.60416 -2.00801 25.0601 0.0867583 -0.372064 0
1714372927 878765400 tool0 -2.60248 -2.01207 25.065 0.0870539 -0.372148 0
1714372927 898334189 tool0 -2.60145 -2.01107 25.0647 0.0873356 -0.372102 0
1714372927 898386018 tool0 -2.60101 -2.00656 25.0598 0.0876066 -0.371933 0
1714372927 918642604 tool0 -2.60131 -2.00382 25.0566 0.0878553 -0.37181 0
1714372927 918752811 tool0 -2.60115 -2.00352 25.0534 0.0880963 -0.371771 0
1714372927 938375590 tool0 -2.59981 -2.00558 25.0518 0.0882666 -0.3718 0
1714372927 938397394 tool0 -2.59782 -2.00654 25.0473 0.0883703 -0.371757 0
1714372927 958382011 tool0 -2.59544 -2.00606 25.043 0.0883773 -0.371607 0
1714372927 958412579 tool0 -2.59487 -2.00335 25.036 0.0882198 -0.371351 0
1714372927 978378087 tool0 -2.59477 -2.00019 25.0282 0.0879623 -0.371065 0
1714372927 978415608 tool0 -2.59513 -1.99656 25.0192 0.0877338 -0.370743 0
1714372927 998350136 tool0 -2.59408 -1.99469 25.0136 0.0876357 -0.370502 0
1714372927 998399880 tool0 -2.59232 -1.99426 25.0127 0.087593 -0.370393 0
1714372928 18478751 tool0 -2.58889 -1.99677 25.017 0.0875352 -0.3705 0
1714372928 18529159 tool0 -2.58511 -1.99957 25.0226 0.0874279 -0.37076 0
1714372928 38502829 tool0 -2.58055 -2.00125 25.0264 0.0873167 -0.371029 0
1714372928 38544168 tool0 -2.57631 -2.00012 25.0274 0.0872254 -0.371239 0
1714372928 58509872 tool0 -2.57353 -1.99616 25.0266 0.0871281 -0.371416 0
1714372928 58551372 tool0 -2.57268 -1.9907 25.0229 0.0870074 -0.371597 0
1714372928 78400899 tool0 -2.57251 -1.98521 25.0172 0.0868712 -0.371711 0
1714372928 78426244 tool0 -2.57131 -1.98125 25.0109 0.0868013 -0.371757 0
1714372928 98405432 tool0 -2.56912 -1.97847 25.0048 0.0867447 -0.371786 0
1714372928 98448340 tool0 -2.56675 -1.97625 24.9976 0.0867203 -0.371812 0
1714372928 118647123 tool0 -2.56581 -1.97463 24.989 0.0866207 -0.371763 0
1714372928 118726799 tool0 -2.5671 -1.97398 24.9818 0.0864938 -0.37164 0
1714372928 138461025 tool0 -2.56929 -1.9752 24.9774 0.0863632 -0.371495 0
1714372928 138579540 tool0 -2.57056 -1.97781 24.9747 0.0863205 -0.37135 0
1714372928 158346157 tool0 -2.5709 -1.98125 24.9724 0.0863458 -0.37124 0
1714372928 158368590 tool0 -2.57171 -1.98438 24.9709 0.0863336 -0.371089 0
1714372928 178441374 tool0 -2.5741 -1.98583 24.9733 0.0862928 -0.370993 0
1714372928 178479730 tool0 -2.57819 -1.98451 24.9773 0.0862859 -0.370936 0
1714372928 198566689 tool0 -2.58304 -1.98118 24.9815 0.0863126 -0.370986 0
1714372928 198610648 tool0 -2.58884 -1.97753 24.985 0.0863285 -0.371115 0
1714372928 218685886 tool0 -2.59457 -1.975 24.9918 0.0862447 -0.37134 0
1714372928 218766385 tool0 -2.59902 -1.97251 25 0.0861698 -0.371601 0
1714372928 238726154 tool0 -2.60031 -1.97 25.0076 0.0861447 -0.371816 0
1714372928 238822988 tool0 -2.60003 -1.96885 25.0143 0.0861856 -0.371986 0
1714372928 258417334 tool0 -2.5999 -1.96976 25.0229 0.0862275 -0.372196 0
1714372928 258446237 tool0 -2.60025 -1.97163 25.0329 0.0862693 -0.372406 0
1714372928 278678157 tool0 -2.59867 -1.97335 25.0422 0.0863684 -0.372613 0
1714372928 278739481 tool0 -2.59545 -1.97565 25.0478 0.0865249 -0.372657 0
1714372928 298295147 tool0 -2.59111 -1.97838 25.0513 0.0867074 -0.372617 0
1714372928 298328696 tool0 -2.58735 -1.98096 25.0546 0.0868303 -0.372489 0
1714372928 318719825 tool0 -2.58316 -1.98133 25.0554 0.0869253 -0.372281 0
1714372928 318745187 tool0 -2.57926 -1.97936 25.0506 0.0870312 -0.371916 0
1714372928 338436514 tool0 -2.57632 -1.97501 25.0379 0.0871564 -0.37137 0
1714372928 338466521 tool0 -2.57614 -1.97026 25.0213 0.087233 -0.370788 0
1714372928 358660260 tool0 -2.57755 -1.96436 25.0029 0.087218 -0.370219 0
1714372928 358682110 tool0 -2.58044 -1.95709 24.9841 0.0871489 -0.369658 0
1714372928 378641314 tool0 -2.58435 -1.94938 24.9678 0.0870492 -0.369124 0
1714372928 378664209 tool0 -2.58975 -1.94239 24.9548 0.0869292 -0.368627 0
1714372928 398678544 tool0 -2.59579 -1.93585 24.9442 0.0867639 -0.368246 0
1714372928 398711588 tool0 -2.60263 -1.93174 24.9356 0.0865294 -0.367964 0
1714372928 418316657 tool0 -2.60977 -1.93013 24.9279 0.0862978 -0.367785 0
1714372928 418357038 tool0 -2.61598 -1.93221 24.9238 0.0860866 -0.367706 0
1714372928 438806645 tool0 -2.62126 -1.93543 24.9225 0.0859034 -0.367731 0
1714372928 438833824 tool0 -2.62532 -1.94006 24.9267 0.0856814 -0.367885 0
1714372928 458418518 tool0 -2.62771 -1.94347 24.9321 0.0854919 -0.368093 0
1714372928 458454047 tool0 -2.62824 -1.94447 24.936 0.0853655 -0.368349 0
1714372928 478634972 tool0 -2.62738 -1.94463 24.9361 0.0853924 -0.368623 0
1714372928 478744255 tool0 -2.62623 -1.94694 24.9347 0.0855139 -0.36892 0
1714372928 498643715 tool0 -2.62329 -1.95147 24.9325 0.0857335 -0.369207 0
1714372928 498687539 tool0 -2.61876 -1.95814 24.9312 0.0859887 -0.369482 0
1714372928 518683531 tool0 -2.61279 -1.96349 24.9309 0.0863015 -0.369746 0
1714372928 518704871 tool0 -2.60727 -1.96693 24.9303 0.086602 -0.369921 0
1714372928 538440887 tool0 -2.60336 -1.96687 24.9302 0.0868704 -0.370016 0
1714372928 538474392 tool0 -2.60071 -1.96554 24.9304 0.0870849 -0.370033 0
1714372928 558650315 tool0 -2.59901 -1.96357 24.9315 0.0872699 -0.370021 0
1714372928 558687913 tool0 -2.59881 -1.96165 24.9336 0.0873655 -0.369951 0
1714372928 578426714 tool0 -2.59994 -1.95944 24.9354 0.0873725 -0.369762 0
1714372928 578449476 tool0 -2.60229 -1.95909 24.941 0.0872859 -0.369576 0
1714372928 598774159 tool0 -2.60455 -1.95736 24.9449 0.0871742 -0.369358 0
1714372928 598811520 tool0 -2.60754 -1.95622 24.9494 0.0870434 -0.369225 0
1714372928 618310091 tool0 -2.61138 -1.9531 24.9506 0.0869326 -0.369089 0
1714372928 618334785 tool0 -2.61539 -1.95193 24.9515 0.0868403 -0.369015 0
1714372928 638344715 tool0 -2.6191 -1.95285 24.9533 0.0867643 -0.369021 0
1714372928 638377464 tool0 -2.62077 -1.95594 24.9545 0.0867348 -0.369049 0
1714372928 658730162 tool0 -2.62151 -1.96171 24.9566 0.086779 -0.369147 0
1714372928 658756553 tool0 -2.62113 -1.96812 24.9586 0.0869328 -0.369238 0
1714372928 678690870 tool0 -2.62028 -1.97397 24.9613 0.0871474 -0.369377 0
1714372928 678706587 tool0 -2.61908 -1.97902 24.9662 0.0873493 -0.369557 0
1714372928 698692464 tool0 -2.6185 -1.98223 24.9707 0.0874583 -0.369731 0
1714372928 698720582 tool0 -2.61813 -1.98623 24.9768 0.0874978 -0.36997 0
1714372928 718701904 tool0 -2.61779 -1.98932 24.9812 0.0875128 -0.370207 0
1714372928 718748684 tool0 -2.61666 -1.99302 24.9859 0.0875196 -0.370495 0
1714372928 738696205 tool0 -2.61511 -1.99786 24.9901 0.0875211 -0.37076 0
1714372928 738729407 tool0 -2.61302 -2.0006 24.9915 0.0874934 -0.370949 0
1714372928 758784083 tool0 -2.61189 -2.00151 24.9908 0.0874096 -0.371074 0
1714372928 758803581 tool0 -2.61305 -1.99689 24.9864 0.0872102 -0.371069 0
1714372928 778693321 tool0 -2.61439 -1.98924 24.9786 0.0869651 -0.370988 0
1714372928 778754738 tool0 -2.61465 -1.98082 24.9687 0.0867456 -0.370837 0
1714372928 798528726 tool0 -2.61226 -1.97517 24.9601 0.0866654 -0.370723 0
1714372928 798582219 tool0 -2.60966 -1.97246 24.9562 0.0866554 -0.370717 0
1714372928 818322022 tool0 -2.60659 -1.97102 24.9558 0.0866971 -0.37075 0
1714372928 818343389 tool0 -2.60399 -1.96903 24.9572 0.0866732 -0.370781 0
1714372928 838645437 tool0 -2.60129 -1.9667 24.9589 0.0866272 -0.370796 0
1714372928 838688213 tool0 -2.59867 -1.96114 24.957 0.0865256 -0.370762 0
1714372928 858824422 tool0 -2.59641 -1.95547 24.9537 0.0864384 -0.370722 0
1714372928 858851188 tool0 -2.59267 -1.95176 24.9505 0.086403 -0.370701 0
1714372928 878661132 tool0 -2.58831 -1.95331 24.9509 0.086429 -0.370764 0
1714372928 878704488 tool0 -2.58271 -1.95884 24.9529 0.0865349 -0.370904 0
1714372928 898655682 tool0 -2.57919 -1.96672 24.9559 0.0866306 -0.371075 0
1714372928 898674702 tool0 -2.57783 -1.97413 24.9589 0.0867314 -0.371253 0
1714372928 918507239 tool0 -2.5795 -1.9781 24.9585 0.0867909 -0.37128 0
1714372928 918532645 tool0 -2.58328 -1.98039 24.9547 0.0868346 -0.371227 0
1714372928 938479916 tool0 -2.58827 -1.98182 24.9488 0.0869121 -0.371196 0
1714372928 938524525 tool0 -2.59373 -1.98586 24.9469 0.0870224 -0.371269 0
1714372928 958425540 tool0 -2.60005 -1.99047 24.95 0.0871019 -0.371358 0
1714372928 958473266 tool0 -2.60661 -1.99705 24.9576 0.0871384 -0.371399 0
1714372928 978386537 tool0 -2.61481 -2.00178 24.9653 0.0870333 -0.371311 0
1714372928 978425750 tool0 -2.62217 -2.00534 24.973 0.0869163 -0.371096 0
1714372928 998710536 tool0 -2.6294 -2.00827 24.9819 0.0867349 -0.370805 0
1714372928 998741538 tool0 -2.63322 -2.01165 24.9894 0.0866105 -0.370481 0
1714372929 18345495 tool0 -2.63548 -2.01638 24.9944 0.0864296 -0.370185 0
1714372929 18392108 tool0 -2.63492 -2.02144 24.9946 0.0862857 -0.369902 0
1714372929 38734111 tool0 -2.63382 -2.02552 24.9936 0.0861232 -0.369686 0
1714372929 38845087 tool0 -2.63177 -2.02862 24.994 0.0859799 -0.36947 0
1714372929 58558201 tool0 -2.62996 -2.02954 24.9939 0.0857782 -0.369198 0
1714372929 58604348 tool0 -2.62785 -2.03107 24.9938 0.0856303 -0.368972 0
1714372929 78343967 tool0 -2.62593 -2.03161 24.9912 0.0855234 -0.368844 0
1714372929 78362528 tool0 -2.62448 -2.03269 24.9901 0.0854797 -0.368904 0
1714372929 98362396 tool0 -2.62481 -2.03309 24.9888 0.0854503 -0.369106 0
1714372929 98391459 tool0 -2.62606 -2.03421 24.9886 0.0853915 -0.369434 0
1714372929 118624632 tool0 -2.62837 -2.03629 24.9908 0.0852966 -0.369908 0
1714372929 118657244 tool0 -2.62927 -2.0398 24.9957 0.085195 -0.370454 0
1714372929 138655151 tool0 -2.63096 -2.04437 25.0046 0.0850539 -0.371023 0
1714372929 138697604 tool0 -2.63227 -2.04877 25.0148 0.0848734 -0.371521 0
1714372929 158658897 tool0 -2.63437 -2.05377 25.0262 0.0846687 -0.371937 0
1714372929 178460007 tool0 -2.63605 -2.05944 25.0371 0.084572 -0.372319 0
1714372929 178482468 tool0 -2.63662 -2.06585 25.0462 0.0846045 -0.372635 0
1714372929 178488059 tool0 -2.63608 -2.07107 25.0513 0.0846865 -0.372891 0
1714372929 198630770 tool0 -2.63298 -2.07241 25.0509 0.0848137 -0.373045 0
1714372929 198672662 tool0 -2.62914 -2.07169 25.0478 0.0849277 -0.373208 0
1714372929 218335132 tool0 -2.62597 -2.06886 25.0433 0.0850183 -0.373343 0
1714372929 218357151 tool0 -2.62408 -2.06654 25.0384 0.0850952 -0.373367 0
1714372929 238489965 tool0 -2.62483 -2.06082 25.0315 0.0851253 -0.373218 0
1714372929 238530078 tool0 -2.62513 -2.05331 25.0229 0.0851765 -0.372915 0
1714372929 258927459 tool0 -2.62571 -2.04292 25.0108 0.0851769 -0.372502 0
1714372929 258993373 tool0 -2.62568 -2.02956 24.9932 0.0851038 -0.371943 0
1714372929 278440769 tool0 -2.626 -2.01444 24.9758 0.0849603 -0.371367 0
1714372929 278479121 tool0 -2.62643 -1.99769 24.9593 0.0847311 -0.370856 0
1714372929 298710151 tool0 -2.62647 -1.98452 24.9508 0.0845535 -0.370521 0
1714372929 298732576 tool0 -2.62736 -1.97647 24.9488 0.0843847 -0.370297 0
1714372929 318778151 tool0 -2.62949 -1.97273 24.9519 0.0842673 -0.370091 0
1714372929 318831897 tool0 -2.63111 -1.97285 24.9568 0.0842478 -0.369897 0
1714372929 338673569 tool0 -2.63183 -1.9734 24.9607 0.0842866 -0.369764 0
1714372929 338698935 tool0 -2.62913 -1.97441 24.961 0.0844222 -0.369601 0
1714372929 358653955 tool0 -2.62649 -1.97406 24.9579 0.084528 -0.369388 0
1714372929 358680582 tool0 -2.62568 -1.97198 24.9518 0.0846523 -0.36907 0
1714372929 378607669 tool0 -2.62743 -1.97267 24.9498 0.0848124 -0.368878 0
1714372929 378641552 tool0 -2.62999 -1.97336 24.9437 0.0849732 -0.368595 0
1714372929 398316392 tool0 -2.63135 -1.97717 24.9385 0.085132 -0.368307 0
1714372929 398357767 tool0 -2.63213 -1.97968 24.9319 0.08525 -0.367994 0
1714372929 418311663 tool0 -2.63167 -1.98327 24.9297 0.0853499 -0.367847 0
1714372929 418330593 tool0 -2.62952 -1.98658 24.9262 0.0854443 -0.367801 0
1714372929 438657496 tool0 -2.62696 -1.98775 24.9202 0.0854747 -0.367763 0
1714372929 438702235 tool0 -2.62473 -1.9867 24.9122 0.0855274 -0.367671 0
1714372929 458639724 tool0 -2.62355 -1.98577 24.9063 0.0855499 -0.367632 0
1714372929 458692960 tool0 -2.62286 -1.98854 24.903 0.0855927 -0.367686 0
1714372929 478705576 tool0 -2.62068 -1.99854 24.9056 0.085633 -0.367893 0
1714372929 478740607 tool0 -2.61748 -2.01089 24.9086 0.0856897 -0.368083 0
1714372929 498651572 tool0 -2.61377 -2.02339 24.9148 0.0857213 -0.368365 0
1714372929 498690377 tool0 -2.61057 -2.03383 24.9198 0.0857472 -0.368654 0
1714372929 518679049 tool0 -2.60767 -2.04264 24.9235 0.0857377 -0.36884 0
1714372929 518706623 tool0 -2.60432 -2.04748 24.9204 0.0857573 -0.368766 0
1714372929 538356954 tool0 -2.60265 -2.04714 24.9123 0.0856993 -0.368484 0
1714372929 538396364 tool0 -2.60143 -2.04327 24.9 0.0856851 -0.368105 0
1714372929 558369939 tool0 -2.60121 -2.0396 24.8872 0.0856347 -0.3677 0
1714372929 558406708 tool0 -2.59937 -2.03441 24.8745 0.0857146 -0.367282 0
1714372929 578368158 tool0 -2.59653 -2.02638 24.8641 0.0858085 -0.366907 0
1714372929 578396169 tool0 -2.59491 -2.01392 24.8545 0.0859537 -0.366624 0
1714372929 598701026 tool0 -2.59537 -1.99947 24.845 0.0860302 -0.366406 0
1714372929 598746218 tool0 -2.59788 -1.9851 24.8346 0.0860569 -0.366153 0
1714372929 618314210 tool0 -2.60015 -1.97259 24.8249 0.0860527 -0.365833 0
1714372929 618341743 tool0 -2.60404 -1.96167 24.8154 0.0859918 -0.365484 0
1714372929 638660460 tool0 -2.60939 -1.95284 24.8072 0.0859377 -0.36519 0
1714372929 638698038 tool0 -2.61514 -1.94485 24.8002 0.0859174 -0.364873 0
1714372929 658679700 tool0 -2.62126 -1.93862 24.7952 0.0858739 -0.364562 0
1714372929 658771158 tool0 -2.62791 -1.93385 24.7933 0.085783 -0.364301 0
1714372929 678844590 tool0 -2.63564 -1.93325 24.795 0.0855599 -0.364169 0
1714372929 678870449 tool0 -2.64198 -1.93591 24.8004 0.085395 -0.364212 0
1714372929 698658045 tool0 -2.64606 -1.9398 24.8044 0.0852171 -0.36428 0
1714372929 698704282 tool0 -2.64849 -1.94232 24.8053 0.0850874 -0.364414 0
1714372929 718710827 tool0 -2.65102 -1.94292 24.803 0.0849618 -0.364517 0
1714372929 718778260 tool0 -2.65463 -1.94015 24.7998 0.0848467 -0.364646 0
1714372929 738330784 tool0 -2.6584 -1.93541 24.7976 0.08478 -0.364755 0
1714372929 738359479 tool0 -2.6599 -1.93182 24.7968 0.0847359 -0.364911 0
1714372929 758642542 tool0 -2.65942 -1.93317 24.7992 0.0847712 -0.365258 0
1714372929 758685347 tool0 -2.65633 -1.93764 24.8045 0.0848692 -0.365708 0
1714372929 778661280 tool0 -2.65209 -1.94185 24.8089 0.0849739 -0.366144 0
1714372929 778707325 tool0 -2.64747 -1.9429 24.8095 0.085067 -0.366396 0
