x y z Tx Ty Tz 
0 0 0 0 0 0
0 0 0 0 0 0
0 0 0 0 0 0
0 0 0 0 0 0
0 0 0 0 0 0
0 0 0 0 0 0
0 0 0 0 0 0
0 0 0 0 0 0
0 0 0 0 0 0
0 0 0 0 0 0
0 0 0 0 0 0
0 0 0 0 0 0
0 0 0 0 0 0
0 0 0 0 0 0
0 0 0 0 0 0
0 0 0 0 0 0
0 0 0 0 0 0
0 0 0 0 0 0
0 0 0 0 0 0
0 0 0 0 0 0
0 0 0 0 0 0
0 0 0 0 0 0
0 0 0 0 0 0
0 0 0 0 0 0
0 0 0 0 0 0
0 0 0 0 0 0
0 0 0 0 0 0
0 0 0 0 0 0
0 0 0 0 0 0
0 0 0 0 0 0
0 0 0 0 0 0
0 0 0 0 0 0
0 0 0 0 0 0
0 0 0 0 0 0
0 0 0 0 0 0
0 0 0 0 0 0
0 0 0 0 0 0
0 0 0 0 0 0
0 0 0 0 0 0
0 0 0 0 0 0
0 0 0 0 0 0
0 0 0 0 0 0
0 0 0 0 0 0
0 0 0 0 0 0
0 0 0 0 0 0
0 0 0 0 0 0
0 0 0 0 0 0
0 0 0 0 0 0
0 0 0 0 0 0
0 0 0 0 0 0
0 0 0 0 0 0
0 0 0 0 0 0
0 0 0 0 0 0
0 0 0 0 0 0
0 0 0 0 0 0
0 0 0 0 0 0
0 0 0 0 0 0
0 0 0 0 0 0
0 0 0 0 0 0
0 0 0 0 0 0
0 0 0 0 0 0
0 0 0 0 0 0
0 0 0 0 0 0
0 0 0 0 0 0
0 0 0 0 0 0
0 0 0 0 0 0
0 0 0 0 0 0
0 0 0 0 0 0
0 0 0 0 0 0
0 0 0 0 0 0
0 0 0 0 0 0
0 0 0 0 0 0
0 0 0 0 0 0
0 0 0 0 0 0
0 0 0 0 0 0
0 0 0 0 0 0
0 0 0 0 0 0
0 0 0 0 0 0
0 0 0 0 0 0
0 0 0 0 0 0
0 0 0 0 0 0
0 0 0 0 0 0
0 0 0 0 0 0
0 0 0 0 0 0
0 0 0 0 0 0
0 0 0 0 0 0
0 0 0 0 0 0
0 0 0 0 0 0
0 0 0 0 0 0
0 0 0 0 0 0
0 0 0 0 0 0
0 0 0 0 0 0
0 0 0 0 0 0
0 0 0 0 0 0
0 0 0 0 0 0
0 0 0 0 0 0
0 0 0 0 0 0
0 0 0 0 0 0
0 0 0 0 0 0
0 0 0 0 0 0
0 0 0 0 0 0
0 0 0 0 0 0
0 0 0 0 0 0
0 0 0 0 0 0
0 0 0 0 0 0
0 0 0 0 0 0
0 0 0 0 0 0
0 0 0 0 0 0
0 0 0 0 0 0
0 0 0 0 0 0
0 0 0 0 0 0
0 0 0 0 0 0
0 0 0 0 0 0
0 0 0 0 0 0
0 0 0 0 0 0
0 0 0 0 0 0
0 0 0 0 0 0
0 0 0 0 0 0
0 0 0 0 0 0
0 0 0 0 0 0
0 0 0 0 0 0
0 0 0 0 0 0
0 0 1.58988 0 0 0
0 0 1.85044 0 0 0
0 0 2.26246 0 0 0
0 0 2.7911 0 0 0
0 0 3.41326 0 -0.0553158 0
0 0 4.1256 0 -0.0638623 0
0 0 4.8682 0 -0.071263 0
0 0 5.4749 0.0511502 -0.0748456 0
0 0 5.89467 0.0550918 -0.0744728 0
0 0 6.10228 0.0567946 -0.0733706 0
0 0 6.32221 0.0589453 -0.0718003 0
0 0 6.75294 0.0629595 -0.0687966 0
0 0 7.05691 0.0646988 -0.0643391 0
0 0 7.24909 0.0652336 -0.0590882 0
0 0 7.50943 0.0668506 -0.0542134 0
0 0 7.81668 0.0687666 0 0
0 0 8.03711 0.0688052 0 0
0 0 8.12513 0.0682579 0 0
0 0 8.2106 0.067829 0 0
0 0 8.42614 0.0674093 0 0
0 0 8.62764 0.0669125 0 0
0 0 8.75913 0.0656225 0 0
0 0 8.8702 0.0632395 0 0
0 0 8.92481 0.0617498 0 0
0 0 8.96409 0.0602884 0 0
0 0 9.02198 0.0577329 0 0
0 0 9.14704 0.0561114 0 0
0 0 9.34951 0.0549401 0 0
0 0 9.47372 0.0536085 0 0
0 0 9.52702 0.0523842 0 0
0 0 9.60319 0.0518177 0 0
0 0 9.68352 0.0508608 0 0
0 0 9.73177 0 0 0
0 0 9.79755 0 0 0
0 0 9.84279 0 0 0
0 0 9.88352 0 0 0
0 0 9.93077 0 0 0
0 0 9.95208 0 0 0
0 0 9.96378 0 0 0
0 0 9.93794 0 0 0
0 0 9.91934 0 0 0
0 0 9.90885 0 0 0
0 0 9.89974 0 0 0
0 0 9.92216 0 0 0
0 0 9.93558 0 0 0
0 0 9.93341 0 0 0
0 0 9.93197 0 0 0
0 0 9.91514 0 0 0
0 0 9.89692 0 0 0
0 0 9.8816 0 0 0
0 0 9.87476 0 0 0
0 0 9.86881 0 0 0
0 0 9.85146 0 0 0
0 0 9.83236 0 0 0
0 0 9.80485 0 0 0
0 0 9.7559 0 0 0
0 0 9.69413 0 0 0
0 0 9.67687 0 0 0
0 0 9.68369 0 0 0
0 0 9.69616 0 0 0
0 0 9.72851 0 0 0
0 0 9.78644 0 0 0
0 0 9.85446 0 0 0
0 0 9.8973 0 0 0
0 0 9.92763 0 0 0
0 0 9.95047 0 0 0
0 0 9.96759 0 0 0
0 0 9.95754 0 0 0
-1.50396 0 9.95443 0 0 0
-1.51865 0 9.95209 0 0 0
-1.53535 0 9.93907 0 0 0
-1.53973 0 9.92114 0 0 0
-1.532 0 9.90175 0 0 0
-1.52329 0 9.89436 0 0 0
-1.5114 0 9.88622 0 0 0
-1.50584 0 9.88479 0 0 0
-1.50466 0 9.91088 0 0 0
-1.5243 0 9.95445 0 0 0
-1.55883 0 10.0132 0 0 0
-1.59252 0 10.0501 0 0 0
-1.60421 0 10.0853 0 0 0
-1.60674 0 10.0949 0 0 0
-1.60602 0 10.071 0 0 0
-1.60064 0 10.0435 0 0 0
-1.59105 0 10.0275 0 0 0
-1.59833 0 10.0271 0 0 0
-1.61435 0 10.0367 0 0 0
-1.62349 0 10.0556 0 0 0
-1.61635 0 10.071 0 0 0
-1.5917 0 10.0549 0 0 0
-1.56214 0 10.0207 0 0 0
-1.56176 0 10.0162 0 0 0
-1.57195 0 10.0095 0 0 0
-1.58298 0 10 0 0 0
-1.60001 0 9.99252 0 0 0
-1.61969 0 10.0032 0 0 0
-1.62093 0 9.99333 0 0 0
-1.60563 0 9.94338 0 0 0
-1.60392 0 9.93063 0 0 0
-1.60553 0 9.92281 0 0 0
-1.61303 0 9.91866 0 0 0
-1.62952 0 9.93873 0 0 0
-1.64138 0 9.94712 0 0 0
-1.64711 0 9.96591 0 0 0
-1.6561 0 9.99305 0 0 0
-1.6523 0 9.98779 0 0 0
-1.64402 0 9.96093 0 0 0
-1.63214 0 9.95597 0 0 0
-1.63027 0 9.95942 0 0 0
-1.62367 0 9.95514 0 0 0
-1.61934 0 9.95488 0 0 0
-1.61625 0 9.95319 0 0 0
-1.61199 0 9.95129 0 0 0
-1.60188 0 9.93276 0 0 0
-1.60419 0 9.9275 0 0 0
-1.60805 0 9.93208 0 0 0
-1.60296 0 9.90808 0 0 0
-1.59314 0 9.89525 0 0 0
-1.58826 0 9.91082 0 0 0
-1.58494 0 9.9167 0 0 0
-1.56864 0 9.90464 0 0 0
-1.56223 0 9.90898 0 0 0
-1.55922 0 9.92088 0 0 0
-1.55865 0 9.92313 0 0 0
-1.5572 0 9.92014 0 0 0
-1.55128 0 9.8989 0 0 0
-1.55125 0 9.89556 0 0 0
-1.54992 0 9.8848 0 0 0
-1.54564 0 9.86583 0 0 0
-1.5315 0 9.8252 0 0 0
-1.52521 0 9.79225 0 0 0
-1.52402 0 9.78258 0 0 0
-1.50793 0 9.7917 0 0 0
0 0 9.82176 0 0 0
0 0 9.88766 0 0 0
0 0 9.94458 0 0 0
0 0 9.98527 0 0 0
0 0 10.0097 0 0 0
0 0 10.0083 0 0 0
-1.50372 0 9.97651 0 0 0
-1.54001 0 9.95595 0 0 0
-1.5683 0 9.93762 0 0 0
-1.60599 0 9.95556 0 0 0
-1.62207 0 9.9733 0 0 0
-1.62657 0 9.98061 0 0 0
-1.63614 0 9.99551 0 0 0
-1.63652 -1.52106 10.0278 0 0 0
-1.61116 -2.0705 10.1112 0 0 0
-1.52599 -2.69202 10.2428 0 0 0
0 -3.32993 10.4017 0 0 0
0 -3.86836 10.6191 -0.0547639 0 0
0 -4.21075 10.8645 -0.0653597 0 0
0 -4.41644 11.0955 -0.0714038 0 0
0 -4.55441 11.2873 -0.0745433 0 0
0 -4.60382 11.3646 -0.075566 0 0
0 -4.64247 11.4306 -0.0766813 0 0
0 -4.69709 11.5339 -0.0790284 0 0
0 -4.74211 11.6019 -0.0803386 0 0
0 -4.77195 11.6351 -0.0815539 0 0
0 -4.79823 11.6555 -0.0834747 0 0
0 -4.81808 11.668 -0.0858049 0 0
0 -4.8461 11.6763 -0.0871116 0 0
0 -4.85747 11.6831 -0.0883847 0 0
0 -4.85162 11.6821 -0.0896017 0 0
0 -4.85492 11.6908 -0.0911455 0 0
0 -4.85074 11.6705 -0.0917813 0 0
0 -4.82777 11.6276 -0.0918104 0 0
0 -4.78026 11.5607 -0.0921668 0 0
0 -4.74715 11.4883 -0.0925527 0 0
0 -4.7211 11.4204 -0.0924153 0 0
0 -4.71207 11.3805 -0.091853 0 0
0 -4.70913 11.3757 -0.0917408 0 0
0 -4.72891 11.4162 -0.0919212 0 0
0 -4.74171 11.4589 -0.0916836 0 0
0 -4.75224 11.51 -0.0920225 0 0
0 -4.75085 11.5381 -0.092418 0 0
0 -4.74198 11.5651 -0.0935349 0 0
0 -4.74128 11.5927 -0.0949135 0 0
0 -4.74402 11.6002 -0.0954709 0 0
0 -4.75455 11.6024 -0.0957947 0 0
0 -4.79463 11.607 -0.0960469 0 0
0 -4.82613 11.608 -0.0965811 0 0
0 -4.83351 11.6054 -0.0976794 0 0
0 -4.83021 11.58 -0.0984287 0 0
0 -4.84374 11.5617 -0.0990126 0 0
0 -4.84168 11.5492 -0.100004 0 0
0 -4.82482 11.5406 -0.100684 0 0
0 -4.82107 11.5366 -0.100374 0 0
0 -4.82827 11.5223 -0.099746 0 0
0 -4.81107 11.5 -0.0996826 0 0
0 -4.79935 11.5001 -0.100092 0 0
0 -4.79302 11.5041 -0.100599 0 0
0 -4.79431 11.5138 -0.101116 0 0
0 -4.80073 11.5218 -0.101507 0 0
0 -4.81405 11.5355 -0.102113 0 0
0 -4.82306 11.5382 -0.102517 0 0
0 -4.84703 11.5715 -0.102751 0 0
0 -4.86632 11.583 -0.102558 0 0
0 -4.84829 11.5484 -0.101528 0 0
0 -4.8064 11.5095 -0.101218 0 0
0 -4.78249 11.4983 -0.101853 0 0
0 -4.74194 11.4641 -0.102517 0 0
0 -4.71093 11.3952 -0.10256 0 0
0 -4.70721 11.3657 -0.102278 0 0
0 -4.72472 11.3702 -0.102494 0 0
0 -4.72332 11.3691 -0.102855 0 0
0 -4.71825 11.3766 -0.102425 0 0
0 -4.73062 11.4159 -0.102051 0 0
0 -4.73167 11.4582 -0.102596 0 0
0 -4.72016 11.4831 -0.103424 0 0
0 -4.71096 11.5028 -0.104083 0 0
0 -4.72635 11.5281 -0.104434 0 0
0 -4.74248 11.5672 -0.10571 0 0
0 -4.74693 11.5984 -0.106689 0 0
0 -4.74767 11.6027 -0.107154 0 0
0 -4.75479 11.605 -0.10736 0 0
0 -4.77014 11.6193 -0.107791 0 0
0 -4.79013 11.6447 -0.108441 0 0
0 -4.80471 11.6668 -0.108689 0 0
0 -4.8195 11.7022 -0.108996 0 0
0 -4.82983 11.7407 -0.109078 0 0
0 -4.83725 11.7626 -0.109273 0 0
0 -4.83913 11.7821 -0.109493 0 0
0 -4.82263 11.795 -0.109571 0 0
0 -4.80535 11.7706 -0.109427 0 0
0 -4.77936 11.7284 -0.109644 0 0
0 -4.75344 11.6778 -0.110289 0 0
0 -4.7237 11.6304 -0.110641 0 0
0 -4.70472 11.5833 -0.110191 0 0
0 -4.69818 11.5664 -0.110138 0 0
0 -4.70365 11.5719 -0.110177 0 0
0 -4.70729 11.5821 -0.110463 0 0
0 -4.70433 11.6055 -0.111209 0 0
0 -4.7128 11.639 -0.112305 0 0
0 -4.71883 11.6454 -0.113284 0 0
0 -4.70326 11.6252 -0.114258 0 0
0 -4.68295 11.6 -0.115237 0 0
0 -4.68684 11.5689 -0.115343 0 0
0 -4.66373 11.4955 -0.114841 0 0
0 -4.62031 11.4446 -0.114865 0 0
0 -4.60389 11.4445 -0.115051 0 0
0 -4.61965 11.4674 -0.11423 0 0
0 -4.6284 11.5035 -0.113378 0 0
0 -4.65202 11.5661 -0.113659 0 0
0 -4.69812 11.6314 -0.114079 0 0
0 -4.74044 11.6714 -0.114285 0 0
0 -4.72771 11.6578 -0.114397 0 0
0 -4.69817 11.6216 -0.115386 0 0
0 -4.667 11.5941 -0.116339 0 0
0 -4.6521 11.5802 -0.116886 0 0
0 -4.64909 11.5742 -0.11725 0 0
0 -4.65626 11.5706 -0.117738 0 0
0 -4.68876 11.6116 -0.118481 0 0
0 -4.7 11.6311 -0.118372 0 0
0 -4.71001 11.65 -0.118476 0 0
0 -4.69168 11.6481 -0.118802 0 0
0 -4.66257 11.6254 -0.118972 0 0
0 -4.63512 11.596 -0.119273 0 0
0 -4.61913 11.5545 -0.11934 0 0
0 -4.60909 11.5187 -0.119098 0 0
0 -4.59937 11.4739 -0.11874 0 0
0 -4.57928 11.4283 -0.118877 0 0
0 -4.56672 11.3929 -0.119175 0 0
0 -4.53395 11.3441 -0.119234 0 0
0 -4.51435 11.2854 -0.119661 0 0
0 -4.51738 11.2541 -0.120241 0 0
0 -4.52124 11.2409 -0.120876 0 0
0 -4.51898 11.2303 -0.121572 0 0
0 -4.53315 11.2254 -0.122274 0 0
0 -4.54842 11.2441 -0.122747 0 0
0 -4.55757 11.2776 -0.123257 0 0
0 -4.55677 11.3341 -0.124357 0 0
0 -4.54592 11.3536 -0.125057 0 0
0 -4.57104 11.3986 -0.125556 0 0
0 -4.57892 11.4228 -0.125626 0 0
0 -4.57541 11.4261 -0.125748 0 0
0 -4.60284 11.4406 -0.126415 0 0
0 -4.63873 11.4679 -0.127106 0 0
0 -4.66702 11.4886 -0.127635 0 0
0 -4.67302 11.4916 -0.127985 0 0
0 -4.68876 11.517 -0.128883 0 0
0 -4.69339 11.519 -0.129241 0 0
0 -4.64228 11.4492 -0.128995 0 0
0 -4.59806 11.409 -0.128921 0 0
0 -4.57258 11.3711 -0.12915 0 0
0 -4.55616 11.3166 -0.129088 0 0
0 -4.55393 11.2767 -0.129084 0 0
0 -4.57008 11.2883 -0.129715 0 0
0 -4.58434 11.3133 -0.130394 0 0
0 -4.59026 11.3365 -0.130823 0 0
0 -4.61092 11.3893 -0.13131 0 0
0 -4.63412 11.452 -0.131784 0 0
0 -4.65323 11.5063 -0.132054 0 0
0 -4.67614 11.5234 -0.132354 0 0
0 -4.69674 11.5263 -0.133251 0 0
0 -4.70422 11.5258 -0.134181 0 0
0 -4.70661 11.5085 -0.135128 0 0
0 -4.70765 11.4826 -0.135918 0 0
0 -4.69749 11.4492 -0.136701 0 0
0 -4.71009 11.4382 -0.137383 0 0
0 -4.71761 11.4273 -0.137525 0 0
0 -4.7137 11.41 -0.13703 0 0
0 -4.69047 11.3965 -0.136786 0 0
0 -4.66524 11.3892 -0.137303 0 0
0 -4.63486 11.3967 -0.137939 0 0
0 -4.61261 11.4025 -0.138135 0 0
0 -4.59241 11.3935 -0.138479 0 0
0 -4.59192 11.4122 -0.1396 0 0
0 -4.60107 11.4099 -0.140304 0 0
0 -4.58931 11.3901 -0.140325 0 0
0 -4.57997 11.3661 -0.140158 0 0
0 -4.55997 11.2981 -0.140208 0 0
0 -4.55736 11.2578 -0.139919 0 0
0 -4.53546 11.1931 -0.138651 0 0
0 -4.52935 11.1626 -0.138067 0 0
0 -4.53542 11.1389 -0.137705 0 0
0 -4.55719 11.1239 -0.137481 0 0
0 -4.56631 11.1283 -0.137597 0 0
0 -4.57366 11.1591 -0.137623 0 0
0 -4.5942 11.2248 -0.138249 0 0
0 -4.62418 11.3217 -0.139432 0 0
0 -4.63375 11.4068 -0.140213 0 0
0 -4.64654 11.4848 -0.140799 0 0
0 -4.66491 11.5381 -0.141333 0 0
0 -4.68511 11.5704 -0.141868 0 0
0 -4.7158 11.612 -0.142241 0 0
0 -4.7345 11.6133 -0.142104 0 0
0 -4.73478 11.5983 -0.141897 0 0
0 -4.7336 11.5992 -0.141811 0 0
0 -4.71419 11.5797 -0.141703 0 0
0 -4.66117 11.5265 -0.141871 0 0
0 -4.62605 11.5015 -0.141981 0 0
0 -4.63474 11.5235 -0.142657 0 0
0 -4.65718 11.519 -0.143192 0 0
0 -4.68097 11.5062 -0.144088 0 0
0 -4.71915 11.514 -0.144287 0 0
0 -4.75849 11.5363 -0.14476 0 0
0 -4.75871 11.526 -0.145334 0 0
0 -4.73919 11.5055 -0.146257 0 0
0 -4.71306 11.4849 -0.146614 0 0
0 -4.68863 11.4563 -0.146956 0 0
0 -4.65603 11.4017 -0.14738 0 0
0 -4.62314 11.349 -0.147041 0 0
0 -4.59397 11.3067 -0.146085 0 0
0 -4.54842 11.234 -0.144139 0 0
0 -4.50074 11.1517 -0.142422 0 0
0 -4.47754 11.1103 -0.141432 0 0
0 -4.45892 11.1012 -0.141041 0 0
0 -4.45044 11.1111 -0.141131 0 0
0 -4.45392 11.1704 -0.1417 0 0
0 -4.48875 11.2793 -0.142801 0 0
0 -4.51655 11.371 -0.143477 0 0
0 -4.55424 11.457 -0.143964 0 0
0 -4.57117 11.4964 -0.144459 0 0
0 -4.57866 11.4881 -0.144544 0 0
0 -4.57644 11.4545 -0.14449 0 0
0 -4.57897 11.437 -0.144974 0 0
0 -4.58483 11.4377 -0.145242 0 0
0 -4.58348 11.4321 -0.145464 0 0
0 -4.57483 11.4105 -0.145183 0 0
0 -4.56832 11.4005 -0.14483 0 0
0 -4.5679 11.3983 -0.144927 0 0
0 -4.55825 11.3801 -0.144774 0 0
0 -4.52973 11.3618 -0.144535 0 0
0 -4.50139 11.3423 -0.144771 0 0
0 -4.4756 11.3267 -0.145574 0 0
0 -4.43221 11.2911 -0.146028 0 0
0 -4.40019 11.2706 -0.146702 0 0
0 -4.39749 11.2579 -0.147245 0 0
0 -4.39347 11.2134 -0.14779 0 0
0 -4.38063 11.1661 -0.147944 0 0
0 -4.38136 11.1251 -0.147791 0 0
0 -4.40329 11.1174 -0.147658 0 0
0 -4.41513 11.1545 -0.147766 0 0
0 -4.42345 11.2111 -0.14785 0 0
0 -4.44237 11.2454 -0.147558 0 0
0 -4.47434 11.3054 -0.147882 0 0
0 -4.51012 11.3913 -0.148713 0 0
0 -4.53601 11.4342 -0.149481 0 0
0 -4.54935 11.45 -0.149669 0 0
0 -4.55094 11.4765 -0.149559 0 0
0 -4.54724 11.5101 -0.149261 0 0
0 -4.54144 11.5138 -0.148581 0 0
0 -4.53062 11.5143 -0.148026 0 0
0 -4.52126 11.5058 -0.147769 0 0
0 -4.50759 11.4942 -0.148538 0 0
0 -4.49815 11.4764 -0.149334 0 0
0 -4.48625 11.4424 -0.150175 0 0
0 -4.4513 11.3914 -0.151112 0 0
0 -4.40292 11.3093 -0.151455 0 0
0 -4.37053 11.2186 -0.151071 0 0
0 -4.36901 11.1881 -0.150915 0 0
0 -4.38764 11.2072 -0.151664 0 0
0 -4.4131 11.2217 -0.152041 0 0
0 -4.4222 11.225 -0.152038 0 0
0 -4.42435 11.2408 -0.15238 0 0
0 -4.42253 11.2538 -0.153438 0 0
0 -4.38423 11.2143 -0.15362 0 0
0 -4.34393 11.172 -0.152926 0 0
0 -4.34341 11.1749 -0.15304 0 0
0 -4.38833 11.2132 -0.153954 0 0
0 -4.39885 11.2247 -0.154782 0 0
0 -4.40041 11.2147 -0.155142 0 0
0 -4.42246 11.2378 -0.156431 0 0
0 -4.44883 11.266 -0.157385 0 0
0 -4.44381 11.2564 -0.157817 0 0
0 -4.43036 11.2287 -0.157795 0 0
0 -4.4311 11.198 -0.156904 0 0
0 -4.42192 11.1518 -0.155623 0 0
0 -4.3914 11.0878 -0.154441 0 0
0 -4.34687 11.0309 -0.153863 0 0
0 -4.31336 10.9915 -0.153193 0 0
0 -4.29121 10.9733 -0.153239 0 0
0 -4.27193 10.9705 -0.154038 0 0
0 -4.26285 10.9628 -0.154468 0 0
0 -4.28508 10.9818 -0.155015 0 0
0 -4.33439 11.0339 -0.155432 0 0
0 -4.36403 11.0844 -0.155945 0 0
0 -4.39079 11.1384 -0.156231 0 0
0 -4.41868 11.2055 -0.156922 0 0
0 -4.45315 11.2862 -0.158136 0 0
0 -4.46686 11.3567 -0.159395 0 0
0 -4.47803 11.413 -0.160265 0 0
0 -4.4946 11.4708 -0.160687 0 0
0 -4.49416 11.504 -0.161114 0 0
0 -4.50477 11.5423 -0.161193 0 0
0 -4.49994 11.5338 -0.161026 0 0
0 -4.49379 11.5104 -0.16092 0 0
0 -4.47882 11.4833 -0.161537 0 0
0 -4.4642 11.4352 -0.16213 0 0
0 -4.44431 11.3573 -0.162793 0 0
0 -4.41414 11.2583 -0.163212 0 0
0 -4.38764 11.1565 -0.162533 0 0
0 -4.346 11.0408 -0.161183 0 0
0 -4.31067 10.9738 -0.159563 0 0
0 -4.29268 10.9554 -0.158022 0 0
0 -4.27647 10.9501 -0.156688 0 0
0 -4.25399 10.9657 -0.156208 0 0
0 -4.2349 11.0068 -0.156605 0 0
0 -4.23313 11.036 -0.156819 0 0
0 -4.24161 11.0464 -0.157021 0 0
0 -4.24813 11.0492 -0.157217 0 0
0 -4.26116 11.071 -0.157544 0 0
0 -4.27498 11.1069 -0.157874 0 0
0 -4.2949 11.1321 -0.158594 0 0
0 -4.31692 11.1522 -0.159536 0 0
0 -4.30765 11.136 -0.159951 0 0
0 -4.30109 11.1388 -0.160536 0 0
0 -4.31322 11.1634 -0.161276 0 0
0 -4.31719 11.1608 -0.161305 0 0
0 -4.31062 11.1233 -0.16083 0 0
0 -4.31122 11.1042 -0.16068 0 0
0 -4.3057 11.0865 -0.160741 0 0
0 -4.27086 11.028 -0.160451 0 0
0 -4.23316 10.9783 -0.160508 0 0
0 -4.21738 10.9727 -0.160635 0 0
0 -4.23802 11.0133 -0.161003 0 0
0 -4.25289 11.0474 -0.161418 0 0
0 -4.25738 11.096 -0.161574 0 0
0 -4.28322 11.1549 -0.162716 0 0
0 -4.31823 11.2068 -0.163952 0 0
0 -4.32963 11.2234 -0.164298 0 0
0 -4.31422 11.22 -0.164381 0 0
0 -4.32115 11.218 -0.164843 0 0
0 -4.32666 11.2093 -0.164936 0 0
0 -4.32695 11.2035 -0.164159 0 0
0 -4.31651 11.2199 -0.164466 0 0
0 -4.29578 11.2248 -0.165465 0 0
0 -4.27661 11.2227 -0.166042 0 0
0 -4.25087 11.2047 -0.165884 0 0
0 -4.22592 11.1721 -0.165343 0 0
0 -4.19644 11.0978 -0.164986 0 0
0 -4.17234 11.0262 -0.164341 0 0
0 -4.17265 10.985 -0.163671 0 0
0 -4.18862 10.9596 -0.163329 0 0
0 -4.21308 10.9805 -0.163774 0 0
0 -4.23808 11.07 -0.164871 0 0
0 -4.27477 11.1761 -0.16594 0 0
0 -4.31458 11.2891 -0.167074 0 0
0 -4.34616 11.4293 -0.169097 0 0
0 -4.37815 11.5617 -0.171381 0 0
0 -4.40658 11.6636 -0.173164 0 0
0 -4.44224 11.7362 -0.174018 0 0
0 -4.45977 11.7782 -0.175124 0 0
0 -4.46628 11.7608 -0.17517 0 0
0 -4.47749 11.7177 -0.174728 0 0
0 -4.45656 11.6154 -0.173791 0 0
0 -4.39778 11.4635 -0.172516 0 0
0 -4.33586 11.3251 -0.170657 0 0
0 -4.28915 11.206 -0.16899 0 0
0 -4.23733 11.1098 -0.168389 0 0
0 -4.18226 11.0141 -0.167568 0 0
0 -4.16344 10.9927 -0.166915 0 0
0 -4.15853 11.0395 -0.16675 0 0
0 -4.15399 11.1082 -0.16684 0 0
0 -4.14502 11.1952 -0.166519 0 0
0 -4.15431 11.3087 -0.165784 0 0
0 -4.18932 11.4435 -0.166051 0 0
0 -4.22442 11.5294 -0.166856 0 0
0 -4.25135 11.5802 -0.168063 0 0
0 -4.27815 11.6094 -0.169672 0 0
0 -4.30994 11.6031 -0.171303 0 0
0 -4.31361 11.5707 -0.172275 0 0
0 -4.29194 11.4878 -0.172347 0 0
0 -4.26569 11.3741 -0.17178 0 0
0 -4.2358 11.2611 -0.170878 0 0
0 -4.19998 11.1694 -0.169247 0 0
0 -4.17826 11.1312 -0.16846 0 0
0 -4.15883 11.1042 -0.167874 0 0
0 -4.14344 11.0859 -0.167404 0 0
0 -4.13191 11.0767 -0.166996 0 0
0 -4.11805 11.0779 -0.16667 0 0
0 -4.12302 11.1178 -0.167077 0 0
0 -4.15345 11.1712 -0.168114 0 0
0 -4.16633 11.1836 -0.16881 0 0
0 -4.17138 11.1809 -0.169467 0 0
0 -4.19546 11.1497 -0.170179 0 0
0 -4.2165 11.1169 -0.170504 0 0
0 -4.2076 11.0789 -0.170412 0 0
0 -4.18265 11.0329 -0.170395 0 0
0 -4.15855 11.0177 -0.170045 0 0
0 -4.14834 11.04 -0.16995 0 0
0 -4.12991 11.0478 -0.170411 0 0
0 -4.14281 11.0811 -0.171012 0 0
0 -4.16864 11.1163 -0.17138 0 0
0 -4.17742 11.1208 -0.171379 0 0
0 -4.17816 11.1076 -0.171401 0 0
0 -4.16788 11.105 -0.171967 0 0
0 -4.14209 11.1004 -0.171933 0 0
0 -4.11148 11.0801 -0.172338 0 0
0 -4.08577 11.048 -0.172419 0 0
0 -4.06366 11.0083 -0.17237 0 0
0 -4.05349 10.9578 -0.171873 0 0
0 -4.04435 10.9147 -0.171408 0 0
0 -4.02521 10.8799 -0.170998 0 0
0 -4.03577 10.8935 -0.170773 0 0
0 -4.06204 10.9281 -0.171341 0 0
0 -4.06531 10.9353 -0.171582 0 0
0 -4.05965 10.9433 -0.171628 0 0
0 -4.05034 10.9894 -0.171826 0 0
0 -4.06621 11.0443 -0.172841 0 0
0 -4.06365 11.0578 -0.173148 0 0
0 -4.0555 11.0534 -0.172913 0 0
0 -4.05134 11.0557 -0.17263 0 0
0 -4.07486 11.1039 -0.172426 0 0
0 -4.11514 11.1456 -0.172573 0 0
0 -4.13175 11.1534 -0.1726 0 0
0 -4.13799 11.1526 -0.172541 0 0
0 -4.14155 11.1627 -0.172626 0 0
0 -4.12633 11.1449 -0.172745 0 0
0 -4.09762 11.098 -0.172946 0 0
0 -4.06709 11.0247 -0.17276 0 0
0 -4.0282 10.936 -0.171965 0 0
0 -3.98593 10.8518 -0.171827 0 0
0 -3.95473 10.7813 -0.171101 0 0
0 -3.92363 10.7383 -0.170298 0 0
0 -3.90958 10.749 -0.17022 0 0
0 -3.90838 10.8062 -0.171262 0 0
0 -3.93144 10.8917 -0.171746 0 0
0 -3.94683 10.9663 -0.172549 0 0
0 -3.95558 11.0153 -0.173891 0 0
0 -3.97475 11.0624 -0.174534 0 0
0 -3.981 11.0774 -0.174163 0 0
0 -3.98963 11.0741 -0.173069 0 0
0 -3.98529 11.0563 -0.172375 0 0
0 -3.97562 11.0222 -0.17169 0 0
0 -3.96143 10.9746 -0.171713 0 0
0 -3.94873 10.9222 -0.172484 0 0
0 -3.94854 10.8885 -0.173279 0 0
0 -3.94321 10.8626 -0.173986 0 0
0 -3.96214 10.8829 -0.174684 0 0
0 -3.97913 10.928 -0.175073 0 0
0 -3.98875 10.9829 -0.175078 0 0
0 -3.99863 11.0469 -0.175166 0 0
0 -4.02761 11.1157 -0.175823 0 0
0 -4.03547 11.1403 -0.175998 0 0
0 -4.03794 11.1548 -0.175518 0 0
0 -4.03831 11.162 -0.175388 0 0
0 -4.03416 11.1477 -0.175085 0 0
0 -4.01941 11.111 -0.174036 0 0
0 -4.00802 11.0731 -0.173038 0 0
0 -3.99733 11.0373 -0.17284 0 0
0 -3.98053 10.9912 -0.173363 0 0
0 -3.9869 10.9552 -0.173519 0 0
0 -3.98368 10.9178 -0.173575 0 0
0 -3.97373 10.8931 -0.173667 0 0
0 -3.95988 10.8567 -0.173255 0 0
0 -3.95807 10.8255 -0.17288 0 0
0 -3.95359 10.8169 -0.172762 0 0
0 -3.9404 10.8301 -0.173469 0 0
0 -3.93878 10.8717 -0.174838 0 0
0 -3.93924 10.9133 -0.176255 0 0
0 -3.94743 10.9512 -0.176739 0 0
0 -3.958 10.9753 -0.176377 0 0
0 -3.96878 11.0128 -0.176119 0 0
0 -3.98791 11.0215 -0.175798 0 0
0 -4.00514 11.0117 -0.175155 0 0
0 -4.01277 11.0203 -0.175627 0 0
0 -4.0105 11.0355 -0.176852 0 0
0 -4.0033 11.018 -0.177373 0 0
0 -3.97336 10.9612 -0.177166 0 0
0 -3.92661 10.9035 -0.176681 0 0
0 -3.88954 10.8504 -0.176048 0 0
0 -3.86342 10.8062 -0.175243 0 0
0 -3.84375 10.7685 -0.174516 0 0
0 -3.83772 10.7401 -0.173508 0 0
0 -3.82976 10.6878 -0.172151 0 0
0 -3.82086 10.6568 -0.17126 0 0
0 -3.81784 10.6552 -0.170694 0 0
0 -3.81337 10.674 -0.170847 0 0
0 -3.79876 10.6872 -0.17116 0 0
0 -3.79771 10.7598 -0.172448 0 0
0 -3.81825 10.8836 -0.174095 0 0
0 -3.8403 10.9673 -0.17555 0 0
0 -3.84942 10.999 -0.175923 0 0
0 -3.87305 11.0427 -0.176511 0 0
0 -3.90405 11.0987 -0.177443 0 0
0 -3.94449 11.1366 -0.17798 0 0
0 -3.96843 11.151 -0.178283 0 0
0 -3.97521 11.146 -0.177927 0 0
0 -3.96657 11.1129 -0.177526 0 0
0 -3.93812 11.0501 -0.176749 0 0
0 -3.8982 10.9689 -0.175998 0 0
0 -3.84722 10.847 -0.175244 0 0
0 -3.80604 10.7362 -0.174731 0 0
0 -3.77886 10.6704 -0.173994 0 0
0 -3.76944 10.6319 -0.173125 0 0
0 -3.7617 10.5744 -0.172252 0 0
0 -3.75311 10.5453 -0.171198 0 0
0 -3.75739 10.5805 -0.170627 0 0
0 -3.772 10.6519 -0.171201 0 0
0 -3.79633 10.761 -0.172891 0 0
0 -3.83281 10.8766 -0.17435 0 0
0 -3.87353 11.0222 -0.175861 0 0
0 -3.90811 11.1517 -0.17728 0 0
0 -3.93425 11.2412 -0.178166 0 0
0 -3.94377 11.2652 -0.178513 0 0
0 -3.93263 11.2436 -0.178281 0 0
0 -3.91068 11.2032 -0.178018 0 0
0 -3.89357 11.1494 -0.177699 0 0
0 -3.87068 11.0854 -0.177256 0 0
0 -3.84582 11.0081 -0.176791 0 0
0 -3.83463 10.956 -0.176503 0 0
0 -3.83424 10.9493 -0.176766 0 0
0 -3.83663 10.9546 -0.177166 0 0
0 -3.84091 10.9742 -0.177682 0 0
0 -3.84517 10.9753 -0.17788 0 0
0 -3.86397 10.9935 -0.178347 0 0
0 -3.8971 11.0437 -0.178959 0 0
0 -3.90902 11.0659 -0.178516 0 0
0 -3.90947 11.0443 -0.17721 0 0
0 -3.91216 11.021 -0.177065 0 0
0 -3.91367 11.0002 -0.177083 0 0
0 -3.87218 10.9384 -0.176647 0 0
0 -3.81362 10.834 -0.176324 0 0
0 -3.77016 10.7207 -0.17624 0 0
0 -3.74295 10.6405 -0.175851 0 0
0 -3.70883 10.5825 -0.174976 0 0
0 -3.69859 10.5449 -0.174336 0 0
0 -3.69619 10.5212 -0.17378 0 0
0 -3.7087 10.5697 -0.173653 0 0
0 -3.7078 10.6555 -0.17398 0 0
0 -3.71238 10.7477 -0.17435 0 0
0 -3.7101 10.8427 -0.174583 0 0
0 -3.72369 10.9739 -0.17512 0 0
0 -3.75482 11.1098 -0.175703 0 0
0 -3.77682 11.165 -0.175857 0 0
0 -3.794 11.1676 -0.175548 0 0
0 -3.80829 11.1528 -0.175757 0 0
0 -3.82096 11.1324 -0.176556 0 0
0 -3.81291 11.0556 -0.176718 0 0
0 -3.79686 10.9647 -0.176337 0 0
0 -3.77235 10.8707 -0.17582 0 0
0 -3.75081 10.7698 -0.175433 0 0
0 -3.73363 10.7097 -0.174539 0 0
0 -3.72644 10.6836 -0.173185 0 0
0 -3.73142 10.6923 -0.172186 0 0
0 -3.72762 10.7066 -0.17245 0 0
0 -3.72475 10.7313 -0.172593 0 0
0 -3.70858 10.7271 -0.172804 0 0
0 -3.69366 10.7123 -0.173694 0 0
0 -3.67394 10.7013 -0.174984 0 0
0 -3.6462 10.6615 -0.174761 0 0
0 -3.62562 10.6495 -0.174447 0 0
0 -3.60198 10.6443 -0.174473 0 0
0 -3.58021 10.6399 -0.173869 0 0
0 -3.56232 10.6199 -0.172897 0 0
0 -3.5433 10.6248 -0.172963 0 0
0 -3.54557 10.6659 -0.173467 0 0
0 -3.56314 10.7194 -0.174024 0 0
0 -3.58724 10.7593 -0.174318 0 0
0 -3.59901 10.7688 -0.174346 0 0
0 -3.60878 10.757 -0.173634 0 0
0 -3.6175 10.7452 -0.172821 0 0
0 -3.60912 10.7304 -0.172468 0 0
0 -3.5975 10.7133 -0.172088 0 0
0 -3.56792 10.6761 -0.171353 0 0
0 -3.55165 10.6633 -0.171092 0 0
0 -3.5545 10.6915 -0.171529 0 0
0 -3.53795 10.7198 -0.172103 0 0
0 -3.52457 10.7193 -0.172006 0 0
0 -3.52225 10.719 -0.171801 0 0
0 -3.5308 10.7389 -0.171601 0 0
0 -3.52673 10.7424 -0.17117 0 0
0 -3.52548 10.7423 -0.17142 0 0
0 -3.53343 10.7371 -0.17191 0 0
0 -3.55811 10.7587 -0.172576 0 0
0 -3.58223 10.7807 -0.172859 0 0
0 -3.57616 10.7647 -0.173114 0 0
0 -3.57411 10.7469 -0.172826 0 0
0 -3.56719 10.7411 -0.172642 0 0
0 -3.56517 10.7584 -0.172202 0 0
0 -3.56301 10.7936 -0.172287 0 0
0 -3.56804 10.8382 -0.1723 0 0
0 -3.582 10.8969 -0.171776 0 0
0 -3.60794 10.9497 -0.171196 0 0
0 -3.6419 11.0046 -0.171339 0 0
0 -3.64967 10.9884 -0.171405 0 0
0 -3.63351 10.9134 -0.171062 0 0
0 -3.61991 10.8395 -0.171202 0 0
0 -3.59843 10.775 -0.171628 0 0
0 -3.55324 10.6763 -0.171254 0 0
0 -3.50391 10.5977 -0.170801 0 0
0 -3.48717 10.6034 -0.170827 0 0
0 -3.51725 10.6693 -0.170836 0 0
0 -3.52763 10.7158 -0.171181 0 0
0 -3.53618 10.7763 -0.172085 0 0
0 -3.56678 10.8656 -0.173406 0 0
0 -3.59601 10.9209 -0.174016 0 0
0 -3.58486 10.9179 -0.174031 0 0
0 -3.57238 10.8902 -0.173764 0 0
0 -3.57184 10.8419 -0.17287 0 0
0 -3.56047 10.7645 -0.171615 0 0
0 -3.50837 10.6631 -0.170284 0 0
0 -3.4534 10.5525 -0.169551 0 0
0 -3.38868 10.458 -0.169646 0 0
0 -3.32964 10.4045 -0.169965 0 0
0 -3.3062 10.3697 -0.169617 0 0
0 -3.30758 10.331 -0.168996 0 0
0 -3.30493 10.3057 -0.168982 0 0
0 -3.31544 10.3127 -0.168556 0 0
0 -3.34968 10.3467 -0.168226 0 0
0 -3.38554 10.3919 -0.168418 0 0
0 -3.3905 10.462 -0.168771 0 0
0 -3.39339 10.5408 -0.168862 0 0
0 -3.41545 10.6504 -0.169504 0 0
0 -3.43999 10.7562 -0.170756 0 0
0 -3.44578 10.8401 -0.171823 0 0
0 -3.44502 10.8943 -0.17303 0 0
0 -3.4468 10.9316 -0.174264 0 0
0 -3.45115 10.9569 -0.17467 0 0
0 -3.45472 10.9517 -0.174512 0 0
0 -3.46145 10.9042 -0.173855 0 0
0 -3.46284 10.8464 -0.172598 0 0
0 -3.46513 10.7953 -0.171613 0 0
0 -3.47979 10.7456 -0.170945 0 0
0 -3.47892 10.6776 -0.170754 0 0
0 -3.46486 10.6142 -0.170574 0 0
0 -3.43265 10.5475 -0.170308 0 0
0 -3.39597 10.4884 -0.16976 0 0
0 -3.36936 10.4589 -0.169494 0 0
0 -3.36044 10.4677 -0.16965 0 0
0 -3.34713 10.4707 -0.169583 0 0
0 -3.31974 10.4422 -0.168892 0 0
0 -3.31353 10.4295 -0.168507 0 0
0 -3.3043 10.415 -0.167914 0 0
0 -3.28608 10.3715 -0.166877 0 0
0 -3.27434 10.3335 -0.165546 0 0
0 -3.30215 10.3774 -0.165251 0 0
0 -3.35037 10.4828 -0.166191 0 0
0 -3.3936 10.5936 -0.1678 0 0
0 -3.43312 10.7201 -0.169688 0 0
0 -3.46685 10.8359 -0.171175 0 0
0 -3.47513 10.8961 -0.171385 0 0
0 -3.47279 10.9346 -0.171391 0 0
0 -3.46743 10.958 -0.171337 0 0
0 -3.45295 10.9464 -0.171105 0 0
0 -3.43023 10.8913 -0.170615 0 0
0 -3.41277 10.8499 -0.171334 0 0
0 -3.39382 10.7865 -0.171819 0 0
0 -3.34871 10.6877 -0.171539 0 0
0 -3.30341 10.5805 -0.170902 0 0
0 -3.27679 10.4958 -0.170486 0 0
0 -3.25617 10.4345 -0.16964 0 0
0 -3.23808 10.4039 -0.168588 0 0
0 -3.23568 10.4235 -0.167884 0 0
0 -3.25167 10.4672 -0.167928 0 0
0 -3.26496 10.4918 -0.167982 0 0
0 -3.27901 10.5493 -0.168081 0 0
0 -3.29484 10.6124 -0.168926 0 0
0 -3.31503 10.6406 -0.170127 0 0
0 -3.33631 10.6426 -0.170702 0 0
0 -3.35472 10.671 -0.171419 0 0
0 -3.37398 10.6986 -0.17205 0 0
0 -3.36751 10.682 -0.17261 0 0
0 -3.36499 10.6623 -0.17254 0 0
0 -3.37851 10.6874 -0.172861 0 0
0 -3.39329 10.6858 -0.172665 0 0
0 -3.39878 10.6819 -0.172396 0 0
0 -3.38481 10.6698 -0.172598 0 0
0 -3.38411 10.6563 -0.172324 0 0
0 -3.35755 10.6085 -0.172087 0 0
0 -3.31576 10.5416 -0.171674 0 0
0 -3.28764 10.5028 -0.171241 0 0
0 -3.27424 10.4803 -0.171176 0 0
0 -3.29601 10.478 -0.171449 0 0
0 -3.3216 10.5038 -0.17159 0 0
0 -3.34845 10.5276 -0.17095 0 0
0 -3.35553 10.5514 -0.171172 0 0
0 -3.35581 10.5427 -0.171202 0 0
0 -3.37147 10.5373 -0.170423 0 0
0 -3.36697 10.5427 -0.169995 0 0
0 -3.3408 10.52 -0.170012 0 0
0 -3.33214 10.5148 -0.170217 0 0
0 -3.35239 10.5338 -0.170189 0 0
0 -3.33188 10.5549 -0.170316 0 0
0 -3.28678 10.5376 -0.169994 0 0
0 -3.26392 10.518 -0.169493 0 0
0 -3.25774 10.5184 -0.169698 0 0
0 -3.25199 10.5297 -0.169815 0 0
0 -3.26237 10.5496 -0.170173 0 0
0 -3.28223 10.5789 -0.170816 0 0
0 -3.29474 10.5949 -0.171492 0 0
0 -3.31017 10.6293 -0.172036 0 0
0 -3.30357 10.6235 -0.172365 0 0
0 -3.27711 10.5708 -0.171938 0 0
0 -3.26107 10.4985 -0.171003 0 0
0 -3.25375 10.4551 -0.170534 0 0
0 -3.2441 10.4325 -0.170062 0 0
0 -3.23849 10.4142 -0.169407 0 0
0 -3.24274 10.4368 -0.168915 0 0
0 -3.25226 10.4952 -0.168717 0 0
0 -3.26722 10.6068 -0.169228 0 0
0 -3.29607 10.7167 -0.169933 0 0
0 -3.31873 10.8112 -0.170473 0 0
0 -3.35799 10.8917 -0.171147 0 0
0 -3.38907 10.9343 -0.172607 0 0
0 -3.38896 10.9195 -0.173166 0 0
0 -3.37952 10.8704 -0.17311 0 0
0 -3.37264 10.7984 -0.173201 0 0
0 -3.35292 10.7018 -0.172577 0 0
0 -3.31148 10.6085 -0.171181 0 0
0 -3.29485 10.5681 -0.170585 0 0
0 -3.29281 10.5479 -0.170535 0 0
0 -3.29354 10.5685 -0.169685 0 0
0 -3.2938 10.5982 -0.169756 0 0
0 -3.29836 10.6098 -0.170518 0 0
0 -3.29853 10.6039 -0.170893 0 0
0 -3.29944 10.5663 -0.170373 0 0
0 -3.27325 10.4602 -0.170124 0 0
0 -3.2453 10.3493 -0.170053 0 0
0 -3.25301 10.3126 -0.169474 0 0
0 -3.25541 10.3009 -0.168685 0 0
0 -3.24712 10.2906 -0.168472 0 0
0 -3.25939 10.3407 -0.168709 0 0
0 -3.30414 10.4573 -0.169313 0 0
0 -3.33754 10.5656 -0.170627 0 0
0 -3.34673 10.6404 -0.171861 0 0
0 -3.38417 10.7473 -0.172811 0 0
0 -3.42641 10.8584 -0.173873 0 0
0 -3.43559 10.9167 -0.174747 0 0
0 -3.41681 10.8975 -0.174613 0 0
0 -3.4121 10.8935 -0.174624 0 0
0 -3.41057 10.8753 -0.175079 0 0
0 -3.37323 10.7995 -0.174762 0 0
0 -3.34338 10.7165 -0.173372 0 0
0 -3.33353 10.6748 -0.172729 0 0
0 -3.32043 10.6502 -0.172296 0 0
0 -3.31265 10.6435 -0.171427 0 0
0 -3.3114 10.6545 -0.171113 0 0
0 -3.29516 10.6461 -0.171663 0 0
0 -3.28657 10.6269 -0.171853 0 0
0 -3.26469 10.5945 -0.171099 0 0
0 -3.23062 10.5418 -0.170299 0 0
0 -3.18971 10.4658 -0.169848 0 0
0 -3.18352 10.4238 -0.168976 0 0
0 -3.16507 10.3796 -0.168481 0 0
0 -3.13762 10.3335 -0.168105 0 0
0 -3.13104 10.3247 -0.16774 0 0
0 -3.13752 10.3541 -0.167795 0 0
0 -3.1305 10.3685 -0.167619 0 0
0 -3.13453 10.3965 -0.167238 0 0
0 -3.17094 10.4848 -0.167759 0 0
0 -3.19923 10.5354 -0.168268 0 0
0 -3.2037 10.5298 -0.168079 0 0
0 -3.19196 10.4787 -0.167533 0 0
0 -3.17943 10.3943 -0.166921 0 0
0 -3.14442 10.2978 -0.165794 0 0
0 -3.10685 10.2185 -0.16473 0 0
0 -3.0803 10.1648 -0.16455 0 0
0 -3.09561 10.1647 -0.164261 0 0
0 -3.12506 10.2405 -0.164654 0 0
0 -3.16093 10.3642 -0.165764 0 0
0 -3.2068 10.4585 -0.166347 0 0
0 -3.25116 10.5219 -0.16644 0 0
0 -3.2628 10.5416 -0.166674 0 0
0 -3.24407 10.5439 -0.166799 0 0
0 -3.22874 10.5225 -0.16649 0 0
0 -3.1909 10.4674 -0.166545 0 0
0 -3.16271 10.4217 -0.166638 0 0
0 -3.14673 10.3943 -0.166491 0 0
0 -3.13767 10.3624 -0.166123 0 0
0 -3.13155 10.3205 -0.165344 0 0
0 -3.11817 10.2949 -0.164437 0 0
0 -3.11817 10.2976 -0.163771 0 0
0 -3.12631 10.3235 -0.163641 0 0
0 -3.12864 10.3406 -0.163582 0 0
0 -3.11612 10.3566 -0.163858 0 0
0 -3.10965 10.3833 -0.1644 0 0
0 -3.11567 10.419 -0.164849 0 0
0 -3.10136 10.4401 -0.164978 0 0
0 -3.09447 10.4755 -0.164976 0 0
0 -3.11581 10.5264 -0.165083 0 0
0 -3.13098 10.5368 -0.165076 0 0
0 -3.13787 10.5328 -0.164668 0 0
0 -3.1399 10.5293 -0.164551 0 0
0 -3.13263 10.5077 -0.1642 0 0
0 -3.12063 10.4689 -0.163564 0 0
0 -3.12266 10.4592 -0.163056 0 0
0 -3.11723 10.4631 -0.162432 0 0
0 -3.09924 10.4576 -0.161573 0 0
0 -3.08468 10.4398 -0.160759 0 0
0 -3.08647 10.4496 -0.16075 0 0
0 -3.0747 10.429 -0.16039 0 0
0 -3.05862 10.399 -0.160094 0 0
0 -3.05406 10.3591 -0.160286 0 0
0 -3.06023 10.3172 -0.160656 0 0
0 -3.06489 10.2737 -0.160643 0 0
0 -3.06924 10.28 -0.16114 0 0
0 -3.09367 10.3092 -0.161537 0 0
0 -3.12981 10.3466 -0.161998 0 0
0 -3.14591 10.3784 -0.162385 0 0
0 -3.14649 10.4055 -0.162876 0 0
0 -3.12885 10.3892 -0.162931 0 0
0 -3.09065 10.3233 -0.162828 0 0
0 -3.03477 10.2697 -0.162983 0 0
0 -3.01473 10.244 -0.162994 0 0
0 -3.01497 10.2461 -0.163063 0 0
0 -3.04515 10.3068 -0.163414 0 0
0 -3.07408 10.3672 -0.163554 0 0
0 -3.10814 10.4415 -0.163745 0 0
0 -3.14158 10.5088 -0.163931 0 0
0 -3.16726 10.5614 -0.163723 0 0
0 -3.17135 10.5529 -0.163004 0 0
0 -3.14903 10.5183 -0.162466 0 0
0 -3.12782 10.482 -0.162369 0 0
0 -3.11876 10.4179 -0.16203 0 0
0 -3.10846 10.3291 -0.160814 0 0
0 -3.08378 10.259 -0.160287 0 0
0 -3.06228 10.1882 -0.159662 0 0
0 -3.06035 10.1229 -0.159428 0 0
0 -3.06526 10.113 -0.159223 0 0
0 -3.07563 10.1625 -0.159871 0 0
0 -3.10305 10.2292 -0.160461 0 0
0 -3.14536 10.2967 -0.161413 0 0
0 -3.192 10.3813 -0.162473 0 0
0 -3.22266 10.4457 -0.162644 0 0
0 -3.23172 10.4807 -0.162308 0 0
0 -3.22914 10.4947 -0.162519 0 0
0 -3.22096 10.5118 -0.162573 0 0
0 -3.21684 10.5517 -0.16265 0 0
0 -3.20408 10.6045 -0.163733 0 0
0 -3.21175 10.6581 -0.16524 0 0
0 -3.21339 10.6747 -0.166654 0 0
0 -3.21533 10.6532 -0.167425 0 0
0 -3.21365 10.6086 -0.16765 0 0
0 -3.20026 10.5281 -0.1668 0 0
0 -3.19499 10.4262 -0.165756 0 0
0 -3.16667 10.3253 -0.165342 0 0
0 -3.13714 10.2828 -0.1651 0 0
0 -3.12367 10.3111 -0.165407 0 0
0 -3.11939 10.3214 -0.165537 0 0
0 -3.11871 10.3324 -0.165691 0 0
0 -3.12088 10.3566 -0.165188 0 0
0 -3.14536 10.3637 -0.164286 0 0
0 -3.16711 10.3517 -0.16384 0 0
0 -3.18941 10.3209 -0.163499 0 0
0 -3.21769 10.3108 -0.163032 0 0
0 -3.25248 10.3096 -0.16291 0 0
0 -3.28018 10.3339 -0.163283 0 0
0 -3.2868 10.3443 -0.163513 0 0
0 -3.28391 10.3335 -0.163158 0 0
0 -3.26818 10.3426 -0.162914 0 0
0 -3.21654 10.366 -0.16278 0 0
0 -3.16826 10.3801 -0.162699 0 0
0 -3.13657 10.3974 -0.162425 0 0
0 -3.12068 10.4272 -0.161887 0 0
0 -3.0925 10.4558 -0.161474 0 0
0 -3.07094 10.446 -0.161313 0 0
0 -3.07063 10.4178 -0.160542 0 0
0 -3.05354 10.3744 -0.159782 0 0
0 -3.03515 10.3286 -0.159603 0 0
0 -3.00289 10.2723 -0.159888 0 0
0 -3.00259 10.2542 -0.16004 0 0
0 -3.00761 10.2508 -0.160286 0 0
0 -3.0013 10.2217 -0.160222 0 0
0 -2.98032 10.1733 -0.159294 0 0
0 -2.96381 10.1306 -0.158297 0 0
0 -2.94251 10.07 -0.157597 0 0
0 -2.91245 10.0007 -0.15661 0 0
0 -2.89308 9.96532 -0.155874 0 0
0 -2.89252 9.97746 -0.155524 0 0
0 -2.91572 10.0168 -0.155779 0 0
0 -2.93781 10.0671 -0.15651 0 0
0 -2.95115 10.1209 -0.157595 0 0
0 -2.95872 10.1594 -0.158419 0 0
0 -2.95929 10.1628 -0.158844 0 0
0 -2.96057 10.1708 -0.15966 0 0
0 -2.94358 10.1648 -0.159963 0 0
0 -2.93406 10.1621 -0.15995 0 0
0 -2.93077 10.1803 -0.159786 0 0
0 -2.93612 10.2209 -0.160222 0 0
0 -2.94447 10.2518 -0.160446 0 0
0 -2.95296 10.2724 -0.160589 0 0
0 -2.98047 10.3267 -0.160764 0 0
0 -3.02242 10.4045 -0.161105 0 0
0 -3.04377 10.4585 -0.161572 0 0
0 -3.04833 10.5085 -0.16208 0 0
0 -3.03983 10.5423 -0.162166 0 0
0 -3.03397 10.5387 -0.161766 0 0
0 -3.00727 10.4937 -0.161532 0 0
0 -2.97987 10.4366 -0.161325 0 0
0 -2.98219 10.3712 -0.160612 0 0
0 -2.98912 10.332 -0.160549 0 0
0 -3.00195 10.3381 -0.160837 0 0
0 -3.01106 10.3359 -0.160757 0 0
0 -3.03227 10.3407 -0.160462 0 0
0 -3.04374 10.3527 -0.160532 0 0
0 -3.02539 10.3598 -0.160739 0 0
0 -3.01152 10.3488 -0.16097 0 0
0 -3.02404 10.3564 -0.161538 0 0
0 -3.01331 10.3789 -0.162578 0 0
0 -2.97761 10.3789 -0.163294 0 0
0 -2.96528 10.3767 -0.163464 0 0
0 -2.98591 10.3555 -0.163002 0 0
0 -2.97911 10.3288 -0.162422 0 0
0 -2.95274 10.2686 -0.161626 0 0
0 -2.95581 10.2084 -0.161073 0 0
0 -2.97682 10.1549 -0.161029 0 0
0 -2.97628 10.1121 -0.161169 0 0
0 -2.95974 10.0776 -0.161441 0 0
0 -2.95862 10.0613 -0.161681 0 0
0 -2.9732 10.0897 -0.161888 0 0
0 -2.9706 10.1331 -0.16137 0 0
0 -2.96297 10.179 -0.161335 0 0
0 -2.97037 10.227 -0.161512 0 0
0 -2.97535 10.2653 -0.161918 0 0
0 -2.97967 10.2624 -0.161589 0 0
0 -2.97047 10.2314 -0.161464 0 0
0 -2.96578 10.2228 -0.16214 0 0
0 -2.97854 10.243 -0.162454 0 0
0 -3.00211 10.2706 -0.162237 0 0
0 -3.009 10.3026 -0.162437 0 0
0 -3.01201 10.3436 -0.163005 0 0
0 -3.0201 10.3861 -0.163448 0 0
0 -3.00918 10.3998 -0.163666 0 0
0 -2.97716 10.3831 -0.164072 0 0
0 -2.95563 10.3724 -0.16426 0 0
0 -2.94496 10.3833 -0.164604 0 0
0 -2.93185 10.3539 -0.164811 0 0
0 -2.93898 10.3319 -0.164609 0 0
0 -2.94958 10.3403 -0.164695 0 0
0 -2.95489 10.3467 -0.16482 0 0
0 -2.95654 10.3364 -0.165118 0 0
0 -2.95996 10.326 -0.165342 0 0
0 -2.96126 10.3119 -0.165406 0 0
0 -2.9564 10.2923 -0.165249 0 0
0 -2.95818 10.2915 -0.165382 0 0
0 -2.952 10.2708 -0.165223 0 0
0 -2.9445 10.2445 -0.165027 0 0
0 -2.93198 10.2165 -0.164166 0 0
0 -2.92898 10.1948 -0.163647 0 0
0 -2.92343 10.1776 -0.163394 0 0
0 -2.92596 10.1612 -0.163127 0 0
0 -2.92843 10.1396 -0.162746 0 0
0 -2.92525 10.141 -0.162655 0 0
0 -2.92918 10.1459 -0.163218 0 0
0 -2.94088 10.1368 -0.163256 0 0
0 -2.9475 10.1182 -0.163207 0 0
0 -2.9447 10.0931 -0.162882 0 0
0 -2.94241 10.0763 -0.163004 0 0
0 -2.95395 10.0704 -0.163074 0 0
0 -2.9649 10.0651 -0.162967 0 0
0 -2.96945 10.0724 -0.162952 0 0
0 -2.96735 10.0775 -0.162789 0 0
0 -2.95077 10.0726 -0.162899 0 0
0 -2.95151 10.0819 -0.163538 0 0
0 -2.96037 10.0779 -0.16365 0 0
0 -2.95603 10.0739 -0.164186 0 0
0 -2.95026 10.0755 -0.165403 0 0
0 -2.95516 10.0862 -0.166914 0 0
0 -2.96177 10.1073 -0.167479 0 0
0 -2.96882 10.1318 -0.167736 0 0
0 -2.98212 10.1775 -0.168046 0 0
0 -2.98782 10.225 -0.168526 0 0
0 -2.98359 10.2473 -0.168936 0 0
0 -2.9826 10.2683 -0.1692 0 0
0 -2.98902 10.3136 -0.169638 0 0
0 -2.99877 10.3492 -0.169782 0 0
0 -2.9741 10.3328 -0.169376 0 0
0 -2.95043 10.3006 -0.169152 0 0
0 -2.9412 10.253 -0.168478 0 0
0 -2.93359 10.1931 -0.167354 0 0
0 -2.91471 10.0988 -0.166055 0 0
0 -2.90937 10.0208 -0.165208 0 0
0 -2.91521 9.97248 -0.164842 0 0
0 -2.88173 9.93094 -0.164632 0 0
0 -2.85625 9.90182 -0.164204 0 0
0 -2.83741 9.888 -0.163952 0 0
0 -2.81566 9.8898 -0.163784 0 0
0 -2.79076 9.90091 -0.164291 0 0
0 -2.79997 9.92863 -0.165099 0 0
0 -2.81176 9.94951 -0.165481 0 0
0 -2.82554 9.9875 -0.166481 0 0
0 -2.83146 10.0055 -0.167051 0 0
0 -2.84725 10.0461 -0.168427 0 0
0 -2.86213 10.0738 -0.169353 0 0
0 -2.85066 10.0752 -0.169925 0 0
0 -2.8349 10.0636 -0.170343 0 0
0 -2.82359 10.052 -0.170172 0 0
0 -2.8163 10.0484 -0.169376 0 0
0 -2.80888 10.0457 -0.16853 0 0
0 -2.81939 10.0599 -0.168081 0 0
0 -2.84998 10.0975 -0.167593 0 0
0 -2.87233 10.1557 -0.167536 0 0
0 -2.88296 10.1961 -0.167512 0 0
0 -2.89134 10.2231 -0.167903 0 0
0 -2.90452 10.2484 -0.168578 0 0
0 -2.90595 10.2738 -0.168814 0 0
0 -2.90153 10.2785 -0.16883 0 0
0 -2.88531 10.2258 -0.168862 0 0
0 -2.87769 10.1947 -0.169335 0 0
0 -2.87234 10.1677 -0.169719 0 0
0 -2.85951 10.1085 -0.169811 0 0
0 -2.84438 10.0266 -0.169771 0 0
0 -2.84811 10.0027 -0.170101 0 0
0 -2.85547 10.0249 -0.170694 0 0
0 -2.8553 10.0107 -0.170433 0 0
0 -2.85955 10.0261 -0.170461 0 0
0 -2.86561 10.0749 -0.171017 0 0
0 -2.86336 10.1009 -0.171747 0 0
0 -2.84839 10.0642 -0.172216 0 0
0 -2.83381 10.0343 -0.17317 0 0
0 -2.82142 10.0286 -0.173737 0 0
0 -2.81091 10.019 -0.17415 0 0
0 -2.80298 9.9942 -0.174533 0 0
0 -2.80768 9.98276 -0.174388 0 0
0 -2.81559 9.97604 -0.174195 0 0
0 -2.83856 10.0113 -0.174116 0 0
0 -2.87055 10.0847 -0.174189 0 0
0 -2.90109 10.1518 -0.174236 0 0
0 -2.91904 10.1863 -0.174284 0 0
0 -2.93109 10.2132 -0.174352 0 0
0 -2.93822 10.2386 -0.174638 0 0
0 -2.93621 10.2406 -0.174734 0 0
0 -2.91674 10.2016 -0.173986 0 0
0 -2.88894 10.1416 -0.173438 0 0
0 -2.87673 10.093 -0.173523 0 0
0 -2.8578 10.0434 -0.173507 0 0
0 -2.84038 10.034 -0.174301 0 0
0 -2.82941 10.0267 -0.175685 0 0
0 -2.82457 10.0263 -0.176786 0 0
0 -2.82141 10.0339 -0.177318 0 0
0 -2.81413 10.0566 -0.177867 0 0
0 -2.81563 10.0883 -0.178764 0 0
0 -2.82983 10.122 -0.17886 0 0
0 -2.86291 10.1825 -0.179233 0 0
0 -2.88721 10.2282 -0.179764 0 0
0 -2.90482 10.2531 -0.180704 0 0
0 -2.92176 10.2357 -0.180774 0 0
0 -2.93409 10.2242 -0.180818 0 0
0 -2.93554 10.2125 -0.180941 0 0
0 -2.93026 10.2103 -0.180768 0 0
0 -2.93365 10.2006 -0.179966 0 0
0 -2.91944 10.1891 -0.178767 0 0
0 -2.89319 10.1883 -0.177969 0 0
0 -2.85391 10.1739 -0.177321 0 0
0 -2.84116 10.1525 -0.176668 0 0
0 -2.83168 10.1414 -0.176858 0 0
0 -2.82449 10.1597 -0.177473 0 0
0 -2.82362 10.1867 -0.17847 0 0
0 -2.82813 10.1774 -0.179036 0 0
0 -2.82559 10.1456 -0.179351 0 0
0 -2.81772 10.1125 -0.179156 0 0
0 -2.80906 10.0698 -0.178411 0 0
0 -2.79921 10.0024 -0.177622 0 0
0 -2.78416 9.935 -0.177388 0 0
0 -2.76674 9.8703 -0.177233 0 0
0 -2.73578 9.80382 -0.176732 0 0
0 -2.67649 9.68117 -0.176104 0 0
0 -2.65789 9.64618 -0.175952 0 0
0 -2.65175 9.61412 -0.175344 0 0
0 -2.65887 9.59565 -0.174002 0 0
0 -2.65474 9.58788 -0.173305 0 0
0 -2.65172 9.62127 -0.173676 0 0
0 -2.65652 9.66739 -0.174432 0 0
0 -2.66391 9.69396 -0.175177 0 0
0 -2.67066 9.72682 -0.175839 0 0
0 -2.69097 9.80386 -0.176956 0 0
0 -2.72658 9.84492 -0.177955 0 0
0 -2.74913 9.8426 -0.178233 0 0
0 -2.77444 9.84335 -0.178348 0 0
0 -2.77048 9.83162 -0.178411 0 0
0 -2.7462 9.78694 -0.178763 0 0
0 -2.72396 9.73977 -0.178402 0 0
0 -2.71662 9.71756 -0.177457 0 0
0 -2.71548 9.72003 -0.177061 0 0
0 -2.71287 9.7372 -0.176961 0 0
0 -2.70637 9.76051 -0.176962 0 0
0 -2.69923 9.80018 -0.177137 0 0
0 -2.71452 9.87465 -0.178368 0 0
0 -2.7209 9.97977 -0.180027 0 0
0 -2.71691 10.092 -0.181357 0 0
0 -2.72185 10.1822 -0.182717 0 0
0 -2.74979 10.2598 -0.184169 0 0
0 -2.76696 10.32 -0.185181 0 0
0 -2.78211 10.3489 -0.185775 0 0
0 -2.79268 10.338 -0.185647 0 0
0 -2.80003 10.3132 -0.185584 0 0
0 -2.80251 10.2878 -0.18567 0 0
0 -2.8021 10.2646 -0.185969 0 0
0 -2.80088 10.2209 -0.186248 0 0
0 -2.81543 10.1646 -0.185839 0 0
0 -2.81248 10.0872 -0.185081 0 0
0 -2.7884 10.031 -0.185031 0 0
0 -2.76634 9.9705 -0.184706 0 0
0 -2.75725 9.88043 -0.183265 0 0
0 -2.74403 9.80217 -0.182564 0 0
0 -2.71194 9.75075 -0.182701 0 0
0 -2.6962 9.71117 -0.182367 0 0
0 -2.70659 9.67185 -0.181829 0 0
0 -2.7129 9.67862 -0.182679 0 0
0 -2.70662 9.7117 -0.183479 0 0
0 -2.70556 9.7282 -0.183285 0 0
0 -2.71764 9.74793 -0.183495 0 0
0 -2.71915 9.76419 -0.184036 0 0
0 -2.72598 9.77701 -0.184462 0 0
0 -2.74206 9.78076 -0.184071 0 0
0 -2.75481 9.80413 -0.184481 0 0
0 -2.76111 9.82943 -0.184871 0 0
0 -2.77865 9.83975 -0.184651 0 0
0 -2.79174 9.87818 -0.184572 0 0
0 -2.79684 9.92349 -0.184853 0 0
0 -2.80631 9.94242 -0.185285 0 0
0 -2.81424 9.92209 -0.185493 0 0
0 -2.80632 9.88997 -0.186107 0 0
0 -2.80356 9.87576 -0.186804 0 0
0 -2.81009 9.83431 -0.186242 0 0
0 -2.81935 9.82363 -0.185763 0 0
0 -2.80326 9.83383 -0.186254 0 0
0 -2.79211 9.86874 -0.186719 0 0
0 -2.79564 9.91737 -0.187123 0 0
0 -2.80294 9.95257 -0.187931 0 0
0 -2.79822 9.94605 -0.188975 0 0
0 -2.81108 9.93607 -0.189293 0 0
0 -2.8334 9.92554 -0.188682 0 0
0 -2.85093 9.89833 -0.187883 0 0
0 -2.84394 9.86058 -0.187085 0 0
0 -2.84309 9.86877 -0.187087 0 0
0 -2.84127 9.84724 -0.186886 0 0
0 -2.8494 9.82886 -0.186741 0 0
0 -2.83745 9.80855 -0.186676 0 0
0 -2.82081 9.76518 -0.186943 0 0
0 -2.79604 9.6898 -0.187 0 0
0 -2.79006 9.65936 -0.187171 0 0
0 -2.78655 9.65281 -0.187253 0 0
0 -2.78343 9.61744 -0.187495 0 0
0 -2.79657 9.59485 -0.1883 0 0
0 -2.82715 9.62262 -0.188906 0 0
0 -2.86309 9.67645 -0.189526 0 0
0 -2.89314 9.75211 -0.190526 0 0
0 -2.91934 9.84119 -0.191731 0 0
0 -2.94366 9.91663 -0.192461 0 0
0 -2.93374 9.95631 -0.192801 0 0
0 -2.92359 9.9834 -0.192991 0 0
0 -2.90808 9.98278 -0.192523 0 0
0 -2.89554 9.94583 -0.191866 0 0
0 -2.88603 9.90045 -0.191093 0 0
0 -2.88206 9.86919 -0.190662 0 0
0 -2.88153 9.82921 -0.190898 0 0
0 -2.86045 9.77344 -0.191299 0 0
0 -2.84004 9.7367 -0.191482 0 0
0 -2.81324 9.70336 -0.192354 0 0
0 -2.80679 9.68832 -0.192995 0 0
0 -2.80949 9.67993 -0.192997 0 0
0 -2.83128 9.69331 -0.192464 0 0
0 -2.85938 9.70618 -0.192509 0 0
0 -2.87407 9.69819 -0.192273 0 0
0 -2.89317 9.72363 -0.191975 0 0
0 -2.91483 9.77966 -0.191898 0 0
0 -2.92818 9.81993 -0.191864 0 0
0 -2.9208 9.83248 -0.191877 0 0
0 -2.91914 9.84046 -0.191838 0 0
0 -2.91896 9.85654 -0.191686 0 0
0 -2.90525 9.84808 -0.19167 0 0
0 -2.88121 9.82636 -0.191726 0 0
0 -2.83304 9.77649 -0.191866 0 0
0 -2.80035 9.74127 -0.191991 0 0
0 -2.78653 9.71073 -0.192269 0 0
0 -2.77165 9.67918 -0.192375 0 0
0 -2.78596 9.66698 -0.192393 0 0
0 -2.81473 9.68627 -0.192607 0 0
0 -2.83466 9.7113 -0.192827 0 0
0 -2.84383 9.71781 -0.192765 0 0
0 -2.8382 9.73507 -0.193134 0 0
0 -2.82893 9.74501 -0.19368 0 0
0 -2.82728 9.71982 -0.193879 0 0
0 -2.84366 9.71217 -0.194221 0 0
0 -2.84218 9.68756 -0.194665 0 0
0 -2.85401 9.69568 -0.195123 0 0
0 -2.86866 9.70833 -0.195057 0 0
0 -2.87929 9.74151 -0.195075 0 0
0 -2.89662 9.77829 -0.194993 0 0
0 -2.92597 9.8288 -0.194858 0 0
0 -2.94381 9.87019 -0.194699 0 0
0 -2.9349 9.84801 -0.193917 0 0
0 -2.9335 9.81609 -0.19375 0 0
0 -2.9072 9.76109 -0.19351 0 0
0 -2.87156 9.69991 -0.193089 0 0
0 -2.858 9.67068 -0.192751 0 0
0 -2.85983 9.64739 -0.192518 0 0
0 -2.84848 9.619 -0.192623 0 0
0 -2.83989 9.5967 -0.192036 0 0
0 -2.84089 9.59113 -0.191908 0 0
0 -2.84277 9.59019 -0.19229 0 0
0 -2.8363 9.58306 -0.192558 0 0
0 -2.83767 9.61354 -0.192976 0 0
0 -2.84251 9.63737 -0.193101 0 0
0 -2.83182 9.65116 -0.193487 0 0
0 -2.82212 9.6592 -0.193696 0 0
0 -2.81806 9.65622 -0.193299 0 0
0 -2.83064 9.66639 -0.19294 0 0
0 -2.84478 9.68033 -0.192609 0 0
0 -2.86847 9.73989 -0.193319 0 0
0 -2.89463 9.79055 -0.193768 0 0
0 -2.91955 9.83078 -0.19384 0 0
0 -2.91772 9.84779 -0.194526 0 0
0 -2.91776 9.8409 -0.194913 0 0
0 -2.91503 9.82128 -0.1947 0 0
0 -2.89623 9.76778 -0.193755 0 0
0 -2.85632 9.69135 -0.193217 0 0
0 -2.83747 9.61698 -0.192684 0 0
0 -2.83116 9.57766 -0.191766 0 0
0 -2.82128 9.56009 -0.191128 0 0
0 -2.80966 9.57084 -0.191177 0 0
0 -2.81821 9.58511 -0.191231 0 0
0 -2.82221 9.59235 -0.190655 0 0
0 -2.80522 9.58503 -0.19043 0 0
0 -2.78103 9.55876 -0.190533 0 0
0 -2.75892 9.51576 -0.190762 0 0
0 -2.74531 9.50009 -0.190706 0 0
0 -2.71093 9.48824 -0.191063 0 0
0 -2.68455 9.48293 -0.191117 0 0
0 -2.68777 9.50425 -0.191316 0 0
0 -2.70798 9.55679 -0.191797 0 0
0 -2.71614 9.57032 -0.192083 0 0
0 -2.74668 9.58052 -0.192178 0 0
0 -2.78799 9.62698 -0.192572 0 0
0 -2.82317 9.68846 -0.192978 0 0
0 -2.83082 9.71269 -0.192885 0 0
0 -2.83335 9.7303 -0.192986 0 0
0 -2.837 9.76822 -0.19306 0 0
0 -2.82402 9.78387 -0.19301 0 0
0 -2.81538 9.77959 -0.192937 0 0
0 -2.80321 9.76632 -0.192904 0 0
0 -2.77823 9.73898 -0.192712 0 0
0 -2.76971 9.70954 -0.191791 0 0
0 -2.77539 9.6764 -0.19038 0 0
0 -2.7879 9.6408 -0.188962 0 0
0 -2.78632 9.59687 -0.187874 0 0
0 -2.7807 9.56287 -0.187328 0 0
0 -2.77608 9.52914 -0.186727 0 0
0 -2.76835 9.50183 -0.186233 0 0
0 -2.7654 9.51018 -0.186557 0 0
0 -2.76358 9.51745 -0.186954 0 0
0 -2.74276 9.48536 -0.187488 0 0
0 -2.72602 9.45474 -0.188067 0 0
0 -2.72548 9.46187 -0.188812 0 0
0 -2.73152 9.49991 -0.190263 0 0
0 -2.73837 9.50904 -0.190819 0 0
0 -2.74957 9.50682 -0.19097 0 0
0 -2.76714 9.51912 -0.191182 0 0
0 -2.79846 9.61695 -0.192017 0 0
0 -2.83428 9.6907 -0.192343 0 0
0 -2.87907 9.75964 -0.192709 0 0
0 -2.92235 9.83734 -0.193468 0 0
0 -2.93185 9.89319 -0.194604 0 0
0 -2.92303 9.88066 -0.195034 0 0
0 -2.90534 9.81151 -0.194605 0 0
0 -2.88735 9.74511 -0.194105 0 0
0 -2.8383 9.63776 -0.192549 0 0
0 -2.78809 9.50968 -0.190272 0 0
0 -2.75029 9.41378 -0.188304 0 0
0 -2.71557 9.30943 -0.186742 0 0
0 -2.6591 9.22183 -0.185578 0 0
0 -2.61142 9.16639 -0.184611 0 0
0 -2.57576 9.13408 -0.184483 0 0
0 -2.57261 9.14707 -0.184885 0 0
0 -2.57365 9.19479 -0.185935 0 0
0 -2.59111 9.28622 -0.187086 0 0
0 -2.62698 9.38606 -0.188644 0 0
0 -2.67069 9.47109 -0.189893 0 0
0 -2.7121 9.5463 -0.190013 0 0
0 -2.7278 9.57981 -0.189951 0 0
0 -2.73722 9.61301 -0.189984 0 0
0 -2.7624 9.67588 -0.190136 0 0
0 -2.77797 9.69918 -0.190169 0 0
0 -2.79148 9.69952 -0.189291 0 0
0 -2.78179 9.67536 -0.188786 0 0
0 -2.74952 9.61198 -0.188609 0 0
0 -2.7312 9.53889 -0.187723 0 0
0 -2.71056 9.506 -0.18659 0 0
0 -2.69741 9.4989 -0.185774 0 0
0 -2.67408 9.47198 -0.185327 0 0
0 -2.65457 9.4568 -0.185375 0 0
0 -2.64745 9.45993 -0.185163 0 0
0 -2.64219 9.47319 -0.185678 0 0
0 -2.63285 9.46173 -0.186252 0 0
0 -2.61923 9.45828 -0.186937 0 0
0 -2.6243 9.47798 -0.186963 0 0
0 -2.62707 9.4946 -0.18643 0 0
0 -2.63094 9.49079 -0.185597 0 0
0 -2.6366 9.45986 -0.184508 0 0
0 -2.64402 9.43099 -0.183708 0 0
0 -2.64652 9.44619 -0.183472 0 0
0 -2.66222 9.49753 -0.184079 0 0
0 -2.66939 9.5435 -0.185418 0 0
0 -2.66803 9.59467 -0.186693 0 0
0 -2.66439 9.67483 -0.187823 0 0
0 -2.6686 9.73303 -0.189003 0 0
0 -2.67382 9.71869 -0.189239 0 0
0 -2.66594 9.67369 -0.188554 0 0
0 -2.66289 9.65468 -0.188182 0 0
0 -2.67218 9.63914 -0.187769 0 0
0 -2.67753 9.61599 -0.186748 0 0
0 -2.67424 9.609 -0.186203 0 0
0 -2.65987 9.58331 -0.185563 0 0
0 -2.64782 9.55819 -0.184937 0 0
0 -2.64889 9.53946 -0.184623 0 0
0 -2.66141 9.52047 -0.184706 0 0
0 -2.66746 9.52206 -0.184667 0 0
0 -2.67382 9.54916 -0.184634 0 0
0 -2.69737 9.61039 -0.185821 0 0
0 -2.71463 9.63558 -0.186449 0 0
0 -2.70194 9.65343 -0.186764 0 0
0 -2.68521 9.66523 -0.187291 0 0
0 -2.6652 9.67218 -0.188619 0 0
0 -2.64886 9.68516 -0.189323 0 0
0 -2.64822 9.69736 -0.188984 0 0
0 -2.66132 9.7177 -0.189131 0 0
0 -2.67132 9.7224 -0.189091 0 0
0 -2.69567 9.72309 -0.188477 0 0
0 -2.71197 9.74632 -0.188488 0 0
0 -2.71746 9.75878 -0.189043 0 0
0 -2.7079 9.73556 -0.189414 0 0
0 -2.70436 9.70255 -0.189105 0 0
0 -2.67909 9.6738 -0.189264 0 0
0 -2.65531 9.61588 -0.188563 0 0
0 -2.65454 9.53751 -0.187621 0 0
0 -2.66118 9.50105 -0.187105 0 0
0 -2.62901 9.44583 -0.186416 0 0
0 -2.60711 9.39591 -0.18589 0 0
0 -2.59777 9.34257 -0.184871 0 0
0 -2.55736 9.27991 -0.183713 0 0
0 -2.50274 9.22172 -0.182325 0 0
0 -2.48638 9.19513 -0.181254 0 0
0 -2.50575 9.23198 -0.180772 0 0
0 -2.51847 9.29319 -0.180825 0 0
0 -2.5515 9.36642 -0.181558 0 0
0 -2.57388 9.44809 -0.182785 0 0
0 -2.57529 9.50725 -0.183655 0 0
0 -2.55459 9.52624 -0.184081 0 0
0 -2.54065 9.5012 -0.183997 0 0
0 -2.52088 9.46099 -0.183552 0 0
0 -2.50582 9.43099 -0.182609 0 0
0 -2.5013 9.39367 -0.181474 0 0
0 -2.497 9.36648 -0.180687 0 0
0 -2.4873 9.34632 -0.180374 0 0
0 -2.4715 9.36062 -0.180697 0 0
0 -2.47405 9.39187 -0.18116 0 0
0 -2.48335 9.40417 -0.181268 0 0
0 -2.48541 9.43471 -0.18164 0 0
0 -2.48153 9.47148 -0.182157 0 0
0 -2.47763 9.48777 -0.182385 0 0
0 -2.47324 9.48852 -0.182643 0 0
0 -2.44524 9.46996 -0.182742 0 0
0 -2.40447 9.42485 -0.182277 0 0
0 -2.38071 9.38604 -0.181511 0 0
0 -2.3876 9.41104 -0.181076 0 0
0 -2.39398 9.43048 -0.180136 0 0
0 -2.40479 9.46733 -0.179681 0 0
0 -2.43927 9.55086 -0.179884 0 0
0 -2.48337 9.62337 -0.180547 0 0
0 -2.51219 9.6942 -0.181437 0 0
0 -2.52766 9.75897 -0.18237 0 0
0 -2.5204 9.78951 -0.182906 0 0
0 -2.49274 9.71228 -0.182157 0 0
0 -2.4632 9.63732 -0.181551 0 0
0 -2.42128 9.54421 -0.179858 0 0
0 -2.36263 9.3649 -0.177455 0 0
0 -2.32606 9.18412 -0.174948 0 0
0 -2.29543 9.08613 -0.173894 0 0
0 -2.28606 9.06477 -0.173651 0 0
0 -2.27948 9.04543 -0.173347 0 0
0 -2.27588 9.01633 -0.17307 0 0
0 -2.28925 9.03041 -0.173693 0 0
0 -2.31746 9.13259 -0.174982 0 0
0 -2.35334 9.22777 -0.175662 0 0
0 -2.40814 9.32778 -0.175947 0 0
0 -2.43265 9.41736 -0.176703 0 0
0 -2.41413 9.44493 -0.176822 0 0
0 -2.3851 9.42989 -0.176135 0 0
0 -2.35315 9.38466 -0.175485 0 0
0 -2.3316 9.35561 -0.17481 0 0
0 -2.29881 9.29397 -0.173463 0 0
0 -2.27453 9.22746 -0.171642 0 0
0 -2.26221 9.18118 -0.170426 0 0
0 -2.2354 9.10349 -0.169473 0 0
0 -2.19766 9.00122 -0.168442 0 0
0 -2.14394 8.88287 -0.167528 0 0
0 -2.11147 8.79857 -0.166708 0 0
0 -2.10488 8.78072 -0.166742 0 0
0 -2.1189 8.81072 -0.167007 0 0
0 -2.12964 8.86998 -0.167191 0 0
0 -2.13584 8.92167 -0.167462 0 0
0 -2.15146 8.98842 -0.168023 0 0
0 -2.18464 9.12564 -0.169538 0 0
0 -2.2075 9.25036 -0.171371 0 0
0 -2.22648 9.33185 -0.172664 0 0
0 -2.22563 9.34936 -0.173137 0 0
0 -2.22059 9.36104 -0.173599 0 0
0 -2.22593 9.37804 -0.174242 0 0
0 -2.23541 9.35917 -0.174125 0 0
0 -2.24875 9.33992 -0.173656 0 0
0 -2.25871 9.30587 -0.172883 0 0
0 -2.27788 9.30099 -0.172396 0 0
0 -2.31055 9.32257 -0.17225 0 0
0 -2.32886 9.35001 -0.172588 0 0
0 -2.35036 9.40377 -0.17359 0 0
0 -2.35063 9.46171 -0.174549 0 0
0 -2.35231 9.52014 -0.175612 0 0
0 -2.35488 9.56033 -0.176032 0 0
0 -2.33749 9.56389 -0.176004 0 0
0 -2.31214 9.56986 -0.175671 0 0
0 -2.28655 9.55167 -0.175043 0 0
0 -2.27975 9.53953 -0.17443 0 0
0 -2.26981 9.54076 -0.173804 0 0
0 -2.25162 9.5425 -0.173861 0 0
0 -2.24857 9.54599 -0.174359 0 0
0 -2.23916 9.52006 -0.174627 0 0
0 -2.2289 9.45899 -0.174289 0 0
0 -2.21428 9.37994 -0.173831 0 0
0 -2.20116 9.3118 -0.173507 0 0
0 -2.20065 9.25087 -0.172573 0 0
0 -2.19829 9.17364 -0.171264 0 0
0 -2.20777 9.14945 -0.170679 0 0
0 -2.21402 9.14817 -0.170279 0 0
0 -2.2173 9.11731 -0.169713 0 0
0 -2.22908 9.10625 -0.169597 0 0
0 -2.23152 9.09063 -0.169726 0 0
0 -2.21545 9.06378 -0.169886 0 0
0 -2.18989 9.0549 -0.170152 0 0
0 -2.18212 9.11001 -0.170906 0 0
0 -2.18569 9.17927 -0.171529 0 0
0 -2.17971 9.22385 -0.172081 0 0
0 -2.17989 9.25159 -0.17233 0 0
0 -2.18832 9.28676 -0.172571 0 0
0 -2.22166 9.35102 -0.172917 0 0
0 -2.25557 9.36544 -0.172851 0 0
0 -2.27527 9.38556 -0.173124 0 0
0 -2.28334 9.42431 -0.174068 0 0
0 -2.29807 9.47467 -0.174686 0 0
0 -2.30024 9.49304 -0.174592 0 0
0 -2.28654 9.46871 -0.173788 0 0
0 -2.25946 9.42686 -0.173374 0 0
0 -2.24838 9.37077 -0.171955 0 0
0 -2.23727 9.29855 -0.169891 0 0
0 -2.21863 9.20408 -0.167878 0 0
0 -2.19373 9.13591 -0.16741 0 0
0 -2.17151 9.09881 -0.16741 0 0
0 -2.14725 9.05798 -0.1673 0 0
0 -2.11866 9.03251 -0.167705 0 0
0 -2.09584 9.00803 -0.168104 0 0
0 -2.08563 8.99453 -0.168176 0 0
0 -2.09561 8.98969 -0.16815 0 0
0 -2.10781 8.98655 -0.167807 0 0
0 -2.10879 8.96252 -0.166936 0 0
0 -2.11005 8.95845 -0.166391 0 0
0 -2.12276 9.01369 -0.167023 0 0
0 -2.14681 9.09036 -0.168008 0 0
0 -2.14649 9.16733 -0.168636 0 0
0 -2.15324 9.24771 -0.169298 0 0
0 -2.17695 9.31274 -0.169586 0 0
0 -2.18369 9.35914 -0.169648 0 0
0 -2.16363 9.36797 -0.169095 0 0
0 -2.14294 9.33361 -0.168048 0 0
0 -2.1546 9.31798 -0.167776 0 0
0 -2.15278 9.30279 -0.167881 0 0
0 -2.13604 9.31385 -0.168952 0 0
0 -2.12697 9.32772 -0.169598 0 0
0 -2.14511 9.36826 -0.17036 0 0
0 -2.16092 9.40035 -0.170883 0 0
0 -2.16358 9.419 -0.171775 0 0
0 -2.16372 9.40998 -0.172192 0 0
0 -2.18833 9.37441 -0.172136 0 0
0 -2.21259 9.33603 -0.171715 0 0
0 -2.22744 9.29252 -0.171038 0 0
0 -2.22214 9.21367 -0.169859 0 0
0 -2.2129 9.16185 -0.168849 0 0
0 -2.19318 9.13395 -0.167792 0 0
0 -2.17303 9.10546 -0.167023 0 0
0 -2.14355 9.04782 -0.166727 0 0
0 -2.11479 9.01263 -0.166707 0 0
0 -2.09708 8.99988 -0.166291 0 0
0 -2.09884 9.00033 -0.165777 0 0
0 -2.10143 9.01948 -0.165888 0 0
0 -2.09168 9.07075 -0.166374 0 0
0 -2.10206 9.17941 -0.167236 0 0
0 -2.11107 9.30446 -0.168397 0 0
0 -2.11218 9.38173 -0.168978 0 0
0 -2.10979 9.40984 -0.168989 0 0
0 -2.10649 9.39849 -0.1689 0 0
0 -2.09674 9.33578 -0.168313 0 0
0 -2.06868 9.20166 -0.167294 0 0
0 -2.03946 9.06419 -0.166026 0 0
0 -2.01943 8.96969 -0.165434 0 0
0 -1.99861 8.8807 -0.164505 0 0
0 -1.97949 8.83079 -0.163843 0 0
0 -1.97469 8.85373 -0.164114 0 0
0 -1.98527 8.90687 -0.164971 0 0
0 -1.99619 8.96795 -0.166205 0 0
0 -2.00612 9.01792 -0.167283 0 0
0 -2.00579 9.05888 -0.167853 0 0
0 -2.01132 9.09465 -0.168032 0 0
0 -2.02065 9.14701 -0.168505 0 0
0 -2.0374 9.19684 -0.169302 0 0
0 -2.05069 9.22408 -0.169833 0 0
0 -2.07636 9.27214 -0.170753 0 0
0 -2.09792 9.32252 -0.171935 0 0
0 -2.10556 9.37138 -0.172445 0 0
0 -2.12506 9.43753 -0.172471 0 0
0 -2.13117 9.47853 -0.171895 0 0
0 -2.12579 9.51158 -0.171879 0 0
0 -2.12277 9.52165 -0.171419 0 0
0 -2.12218 9.48426 -0.170658 0 0
0 -2.10638 9.40655 -0.169926 0 0
0 -2.09289 9.33153 -0.16977 0 0
0 -2.10061 9.27896 -0.169662 0 0
0 -2.11581 9.25534 -0.169987 0 0
0 -2.13847 9.28354 -0.171374 0 0
0 -2.16852 9.31235 -0.172629 0 0
0 -2.19331 9.32454 -0.173447 0 0
0 -2.20806 9.33862 -0.173936 0 0
0 -2.20924 9.32683 -0.173763 0 0
0 -2.21128 9.31158 -0.172923 0 0
0 -2.21014 9.29204 -0.17225 0 0
0 -2.20371 9.26217 -0.170996 0 0
0 -2.1751 9.22222 -0.170113 0 0
0 -2.15875 9.23368 -0.170326 0 0
0 -2.15839 9.24145 -0.170406 0 0
0 -2.15157 9.2426 -0.170546 0 0
0 -2.12441 9.24733 -0.17032 0 0
0 -2.10557 9.26519 -0.169849 0 0
0 -2.10766 9.28847 -0.16953 0 0
0 -2.11038 9.29585 -0.168976 0 0
0 -2.08112 9.2816 -0.168642 0 0
0 -2.06501 9.24034 -0.167984 0 0
0 -2.06745 9.17814 -0.167753 0 0
0 -2.05293 9.12415 -0.16823 0 0
0 -2.0267 9.04998 -0.168347 0 0
0 -2.01818 8.97279 -0.167808 0 0
0 -2.0107 8.91584 -0.166958 0 0
0 -1.97885 8.88942 -0.166867 0 0
0 -1.95362 8.90007 -0.166872 0 0
0 -1.94493 8.92588 -0.166642 0 0
0 -1.93781 8.95541 -0.166325 0 0
0 -1.93673 8.97993 -0.1665 0 0
0 -1.95069 8.99633 -0.166747 0 0
0 -1.96215 8.99545 -0.166704 0 0
0 -1.96675 8.98625 -0.166713 0 0
0 -1.96635 8.97156 -0.166635 0 0
0 -1.95782 8.94647 -0.166038 0 0
0 -1.934 8.93671 -0.166132 0 0
0 -1.92457 8.95727 -0.166674 0 0
0 -1.92325 8.96379 -0.166815 0 0
0 -1.93116 8.9715 -0.167168 0 0
0 -1.95052 8.98637 -0.167492 0 0
0 -1.96843 9.00802 -0.167949 0 0
0 -2.0023 9.04647 -0.167959 0 0
0 -2.01332 9.09056 -0.168038 0 0
0 -2.02339 9.12566 -0.168348 0 0
0 -2.01478 9.1838 -0.169225 0 0
0 -2.00554 9.26772 -0.170235 0 0
0 -1.98479 9.31828 -0.171023 0 0
0 -1.98189 9.34221 -0.171323 0 0
0 -1.97822 9.3305 -0.170847 0 0
0 -1.9665 9.31985 -0.170428 0 0
0 -1.97098 9.26977 -0.170126 0 0
0 -1.97625 9.17181 -0.16905 0 0
0 -1.96609 9.0705 -0.167115 0 0
0 -1.93349 8.9645 -0.165843 0 0
0 -1.92248 8.90496 -0.165123 0 0
0 -1.92735 8.9028 -0.165014 0 0
0 -1.93657 8.91509 -0.165084 0 0
0 -1.94977 8.97047 -0.165573 0 0
0 -1.96428 9.01755 -0.165857 0 0
0 -1.9734 9.08427 -0.166885 0 0
0 -1.98482 9.18471 -0.168655 0 0
0 -1.98041 9.21295 -0.16907 0 0
0 -1.95368 9.17445 -0.167866 0 0
0 -1.91311 9.12279 -0.167386 0 0
0 -1.86924 9.04496 -0.167092 0 0
0 -1.84465 8.94152 -0.165631 0 0
0 -1.8226 8.83005 -0.163892 0 0
0 -1.80743 8.74069 -0.163431 0 0
0 -1.81116 8.69408 -0.162854 0 0
0 -1.82585 8.70724 -0.162659 0 0
0 -1.8518 8.77242 -0.16305 0 0
0 -1.88072 8.8393 -0.163326 0 0
0 -1.90039 8.9212 -0.163619 0 0
0 -1.91272 9.0189 -0.164777 0 0
0 -1.93713 9.11588 -0.16601 0 0
0 -1.95844 9.16015 -0.166613 0 0
0 -1.95392 9.17201 -0.167321 0 0
0 -1.95481 9.21563 -0.168775 0 0
0 -1.96248 9.26633 -0.169979 0 0
0 -1.95496 9.28642 -0.170558 0 0
0 -1.95728 9.3126 -0.171322 0 0
0 -1.95465 9.31483 -0.171775 0 0
0 -1.94714 9.28497 -0.172011 0 0
0 -1.92485 9.1936 -0.171547 0 0
0 -1.90975 9.07155 -0.171001 0 0
0 -1.89239 8.95272 -0.170169 0 0
0 -1.88976 8.89133 -0.169448 0 0
0 -1.89692 8.89377 -0.169186 0 0
0 -1.90943 8.90719 -0.168637 0 0
0 -1.93917 8.92969 -0.167369 0 0
0 -1.96255 8.99066 -0.16703 0 0
0 -1.96992 9.04538 -0.16791 0 0
0 -1.95428 9.05782 -0.168798 0 0
0 -1.97345 9.05351 -0.168712 0 0
0 -1.98287 9.04035 -0.168809 0 0
0 -1.96791 8.99676 -0.168935 0 0
0 -1.95589 8.92475 -0.167948 0 0
0 -1.9416 8.83287 -0.165811 0 0
0 -1.92089 8.7609 -0.164114 0 0
0 -1.88865 8.73452 -0.163056 0 0
0 -1.85901 8.74779 -0.162786 0 0
0 -1.85457 8.78653 -0.162701 0 0
0 -1.86031 8.84519 -0.163066 0 0
0 -1.86811 8.86957 -0.163249 0 0
0 -1.87328 8.88728 -0.163515 0 0
0 -1.87452 8.90443 -0.164479 0 0
0 -1.89412 8.91761 -0.165037 0 0
0 -1.90659 8.92903 -0.165221 0 0
0 -1.87886 8.9176 -0.165436 0 0
0 -1.8608 8.92403 -0.165803 0 0
0 -1.88161 8.97796 -0.166448 0 0
0 -1.88015 9.00907 -0.166994 0 0
0 -1.86339 9.01658 -0.167534 0 0
0 -1.86259 9.03677 -0.167837 0 0
0 -1.87993 9.08997 -0.168717 0 0
0 -1.881 9.13529 -0.169455 0 0
0 -1.87569 9.14941 -0.16947 0 0
0 -1.86813 9.15433 -0.169398 0 0
0 -1.86343 9.17473 -0.169134 0 0
0 -1.86082 9.19591 -0.169151 0 0
0 -1.86213 9.18476 -0.168638 0 0
0 -1.86376 9.13876 -0.167742 0 0
0 -1.85777 9.08239 -0.167838 0 0
0 -1.87208 9.04434 -0.168138 0 0
0 -1.87924 9.00183 -0.168243 0 0
0 -1.89108 8.9705 -0.168387 0 0
0 -1.89111 8.93986 -0.168807 0 0
0 -1.88291 8.90484 -0.168527 0 0
0 -1.86841 8.86985 -0.167458 0 0
0 -1.84405 8.85759 -0.166789 0 0
0 -1.83263 8.87138 -0.166563 0 0
0 -1.8238 8.90179 -0.166583 0 0
0 -1.82118 8.94887 -0.166678 0 0
0 -1.80872 9.00635 -0.167625 0 0
0 -1.80786 9.06111 -0.168636 0 0
0 -1.81755 9.09803 -0.169353 0 0
0 -1.8189 9.11876 -0.169962 0 0
0 -1.82883 9.09514 -0.169919 0 0
0 -1.8437 9.02988 -0.169014 0 0
0 -1.85208 8.95929 -0.168011 0 0
0 -1.84117 8.86593 -0.167191 0 0
0 -1.81868 8.784 -0.166162 0 0
0 -1.78766 8.72663 -0.165682 0 0
0 -1.76807 8.71409 -0.165742 0 0
0 -1.7654 8.73258 -0.166586 0 0
0 -1.78907 8.78493 -0.16739 0 0
0 -1.81071 8.84627 -0.167956 0 0
0 -1.83876 8.87548 -0.167684 0 0
0 -1.84849 8.88547 -0.167888 0 0
0 -1.83294 8.87094 -0.167985 0 0
0 -1.80324 8.82 -0.167101 0 0
0 -1.76783 8.76394 -0.166625 0 0
0 -1.74142 8.71861 -0.166309 0 0
0 -1.72664 8.69283 -0.166028 0 0
0 -1.74009 8.72331 -0.166069 0 0
0 -1.75859 8.77817 -0.166582 0 0
0 -1.77515 8.85012 -0.167579 0 0
0 -1.79838 8.9071 -0.168415 0 0
0 -1.81008 8.95745 -0.169772 0 0
0 -1.81138 8.9712 -0.169895 0 0
0 -1.80657 8.90798 -0.168815 0 0
0 -1.80111 8.80955 -0.167177 0 0
0 -1.79075 8.67347 -0.165376 0 0
0 -1.77786 8.53745 -0.163565 0 0
0 -1.76702 8.41296 -0.162426 0 0
0 -1.75386 8.32531 -0.162003 0 0
0 -1.74585 8.28553 -0.161686 0 0
0 -1.73488 8.29623 -0.161894 0 0
0 -1.72578 8.37656 -0.162975 0 0
0 -1.73056 8.48823 -0.163648 0 0
0 -1.73721 8.60395 -0.164022 0 0
0 -1.74367 8.71947 -0.164952 0 0
0 -1.75884 8.82774 -0.166285 0 0
0 -1.75083 8.83646 -0.166487 0 0
0 -1.72776 8.76504 -0.166029 0 0
0 -1.69967 8.7177 -0.165988 0 0
0 -1.69109 8.69622 -0.166037 0 0
0 -1.6663 8.65559 -0.165284 0 0
0 -1.66256 8.63795 -0.164557 0 0
0 -1.68339 8.72869 -0.164974 0 0
0 -1.72215 8.84123 -0.166062 0 0
0 -1.74155 8.90666 -0.166654 0 0
0 -1.75268 8.9773 -0.167506 0 0
0 -1.76669 9.08322 -0.169441 0 0
0 -1.78021 9.1851 -0.170865 0 0
0 -1.77969 9.18919 -0.171629 0 0
0 -1.77719 9.15535 -0.171784 0 0
0 -1.7758 9.10381 -0.171886 0 0
0 -1.75712 9.0154 -0.171155 0 0
0 -1.73379 8.88476 -0.169725 0 0
0 -1.7278 8.78092 -0.168082 0 0
0 -1.71572 8.69942 -0.165838 0 0
0 -1.69822 8.62635 -0.164203 0 0
0 -1.68706 8.58897 -0.163565 0 0
0 -1.70229 8.60414 -0.163861 0 0
0 -1.68733 8.60298 -0.164606 0 0
0 -1.67159 8.62065 -0.165674 0 0
0 -1.6751 8.68645 -0.167175 0 0
0 -1.69633 8.76881 -0.168067 0 0
0 -1.70654 8.80761 -0.167911 0 0
0 -1.70826 8.84074 -0.167724 0 0
0 -1.72566 8.90005 -0.168399 0 0
0 -1.7368 8.957 -0.169211 0 0
0 -1.73817 8.98178 -0.169616 0 0
0 -1.72927 8.99507 -0.169744 0 0
0 -1.73013 8.99212 -0.170103 0 0
0 -1.71515 8.97899 -0.170184 0 0
0 -1.69154 8.9258 -0.169484 0 0
0 -1.65154 8.86169 -0.168695 0 0
0 -1.61665 8.79623 -0.168301 0 0
0 -1.58834 8.756 -0.168036 0 0
0 -1.57066 8.7272 -0.167318 0 0
0 -1.56724 8.70201 -0.166735 0 0
0 -1.58397 8.7132 -0.167224 0 0
0 -1.58491 8.71944 -0.167585 0 0
0 -1.58173 8.73623 -0.168065 0 0
0 -1.57644 8.78215 -0.168811 0 0
0 -1.58231 8.81826 -0.168984 0 0
0 -1.60908 8.90228 -0.169817 0 0
0 -1.61391 8.97678 -0.170268 0 0
0 -1.6117 9.04392 -0.170158 0 0
0 -1.62467 9.03968 -0.169507 0 0
0 -1.61501 8.99879 -0.169206 0 0
0 -1.58709 8.91021 -0.168176 0 0
0 -1.54783 8.76007 -0.166022 0 0
0 -1.52375 8.60225 -0.164232 0 0
0 -1.51426 8.47059 -0.162912 0 0
0 -1.50701 8.41191 -0.1618 0 0
0 -1.50765 8.37064 -0.161358 0 0
0 -1.50841 8.3792 -0.161599 0 0
0 -1.5144 8.40891 -0.161433 0 0
0 -1.51946 8.4613 -0.160918 0 0
0 -1.5283 8.54236 -0.16122 0 0
0 -1.5491 8.65939 -0.162442 0 0
0 -1.57947 8.76348 -0.16334 0 0
0 -1.6057 8.79866 -0.163772 0 0
0 -1.61097 8.7919 -0.16419 0 0
0 -1.61181 8.77827 -0.164551 0 0
0 -1.6062 8.74856 -0.164565 0 0
0 -1.5896 8.68164 -0.163821 0 0
0 -1.56045 8.64362 -0.163793 0 0
0 -1.55082 8.6581 -0.16459 0 0
0 -1.5403 8.66478 -0.16519 0 0
0 -1.53009 8.66771 -0.165563 0 0
0 -1.52319 8.68975 -0.165798 0 0
0 -1.55369 8.761 -0.166553 0 0
0 -1.57038 8.81874 -0.166789 0 0
0 -1.58097 8.89007 -0.166909 0 0
0 -1.60296 8.95378 -0.16657 0 0
0 -1.61466 9.00814 -0.166885 0 0
0 -1.58541 9.03154 -0.166972 0 0
0 -1.54417 9.04922 -0.167342 0 0
0 -1.51153 9.02738 -0.167555 0 0
0 0 8.94543 -0.167464 0 0
0 0 8.82908 -0.166667 0 0
0 0 8.69744 -0.16545 0 0
0 0 8.5696 -0.164062 0 0
0 0 8.45935 -0.162155 0 0
0 0 8.42821 -0.161022 0 0
0 0 8.43254 -0.160477 0 0
0 0 8.45077 -0.160228 0 0
0 0 8.46433 -0.160276 0 0
0 0 8.47682 -0.160522 0 0
0 0 8.49136 -0.160736 0 0
0 0 8.51399 -0.161123 0 0
0 0 8.52015 -0.161301 0 0
0 0 8.53383 -0.161563 0 0
0 0 8.55004 -0.161854 0 0
0 0 8.57198 -0.161608 0 0
0 0 8.57649 -0.161766 0 0
0 0 8.58897 -0.162283 0 0
0 0 8.60227 -0.163237 0 0
0 0 8.61318 -0.163638 0 0
0 0 8.62426 -0.163705 0 0
0 0 8.659 -0.163809 0 0
0 0 8.75353 -0.164813 0 0
0 0 8.83813 -0.165863 0 0
0 0 8.92823 -0.166675 0 0
0 -1.511 8.97022 -0.167267 0 0
0 -1.51173 8.9462 -0.16773 0 0
0 -1.52045 8.89311 -0.167957 0 0
0 -1.50547 8.80208 -0.167204 0 0
0 0 8.69506 -0.166094 0 0
0 0 8.59608 -0.165075 0 0
0 0 8.58889 -0.165046 0 0
0 0 8.59442 -0.165124 0 0
0 0 8.60777 -0.164905 0 0
0 0 8.638 -0.16451 0 0
0 0 8.6898 -0.164823 0 0
0 0 8.72645 -0.165328 0 0
0 0 8.74 -0.165491 0 0
0 0 8.75363 -0.165668 0 0
0 0 8.72388 -0.165973 0 0
0 0 8.67257 -0.165487 0 0
0 0 8.64483 -0.164613 0 0
0 0 8.62376 -0.163835 0 0
0 0 8.5851 -0.16297 0 0
0 0 8.56872 -0.162143 0 0
0 0 8.57391 -0.161743 0 0
0 0 8.55901 -0.16161 0 0
0 0 8.55523 -0.161834 0 0
0 0 8.58998 -0.162915 0 0
0 0 8.60943 -0.1638 0 0
0 0 8.62298 -0.164261 0 0
0 0 8.66167 -0.164815 0 0
0 0 8.71551 -0.165003 0 0
0 0 8.74968 -0.164797 0 0
0 0 8.77874 -0.164564 0 0
0 0 8.80976 -0.164896 0 0
0 0 8.82657 -0.165273 0 0
0 0 8.80566 -0.165723 0 0
0 0 8.76306 -0.165972 0 0
0 0 8.72408 -0.166109 0 0
0 0 8.70905 -0.166252 0 0
0 0 8.69992 -0.165902 0 0
0 0 8.69426 -0.165216 0 0
0 0 8.71827 -0.165121 0 0
0 0 8.74551 -0.165319 0 0
0 0 8.78513 -0.165579 0 0
0 0 8.8046 -0.165726 0 0
0 0 8.81932 -0.165914 0 0
0 0 8.828 -0.166371 0 0
0 0 8.84093 -0.166575 0 0
0 0 8.84713 -0.16659 0 0
0 0 8.83439 -0.166281 0 0
0 0 8.78949 -0.165535 0 0
0 0 8.7655 -0.164985 0 0
0 0 8.75853 -0.164651 0 0
0 0 8.75625 -0.164044 0 0
0 0 8.7611 -0.163621 0 0
0 0 8.76783 -0.163395 0 0
0 0 8.78822 -0.163342 0 0
0 0 8.78475 -0.163101 0 0
0 0 8.77459 -0.162864 0 0
0 0 8.76482 -0.162803 0 0
0 0 8.74913 -0.163061 0 0
0 0 8.73954 -0.162766 0 0
0 0 8.75272 -0.162832 0 0
0 0 8.787 -0.16286 0 0
0 0 8.79485 -0.162691 0 0
0 0 8.7986 -0.162641 0 0
0 0 8.80435 -0.162624 0 0
0 0 8.79356 -0.16236 0 0
0 0 8.7731 -0.161831 0 0
0 0 8.76214 -0.161668 0 0
0 0 8.77051 -0.161976 0 0
0 0 8.77089 -0.162195 0 0
0 0 8.75908 -0.161655 0 0
0 0 8.74841 -0.161518 0 0
0 0 8.72494 -0.161238 0 0
0 0 8.73226 -0.161568 0 0
0 0 8.7288 -0.161543 0 0
0 0 8.72631 -0.161552 0 0
0 0 8.73842 -0.162117 0 0
0 0 8.7526 -0.162869 0 0
0 0 8.72911 -0.162992 0 0
0 0 8.70072 -0.162334 0 0
0 0 8.70883 -0.161667 0 0
0 0 8.73605 -0.161306 0 0
0 0 8.77614 -0.161182 0 0
0 0 8.81351 -0.161038 0 0
0 0 8.83317 -0.16111 0 0
0 0 8.82315 -0.161057 0 0
0 0 8.7855 -0.161445 0 0
0 0 8.71778 -0.161606 0 0
0 0 8.65829 -0.161275 0 0
0 0 8.61303 -0.160512 0 0
0 0 8.57575 -0.15999 0 0
0 0 8.55194 -0.159692 0 0
0 0 8.5537 -0.159079 0 0
0 0 8.56588 -0.15854 0 0
0 0 8.59632 -0.158694 0 0
0 0 8.65405 -0.158936 0 0
0 0 8.74408 -0.159752 0 0
0 0 8.80558 -0.160183 0 0
0 0 8.83126 -0.160197 0 0
0 0 8.8592 -0.160398 0 0
0 0 8.83942 -0.160256 0 0
0 0 8.74072 -0.160105 0 0
0 0 8.61269 -0.159142 0 0
0 0 8.52303 -0.158684 0 0
0 0 8.42939 -0.158194 0 0
0 0 8.33701 -0.158011 0 0
0 0 8.29776 -0.15743 0 0
0 0 8.2917 -0.156623 0 0
0 0 8.30114 -0.156647 0 0
0 0 8.32343 -0.156978 0 0
0 0 8.37175 -0.156864 0 0
0 0 8.40536 -0.156694 0 0
0 0 8.43866 -0.156867 0 0
0 0 8.45447 -0.157192 0 0
0 0 8.43816 -0.157034 0 0
0 0 8.4214 -0.156965 0 0
0 0 8.41749 -0.156978 0 0
0 0 8.42918 -0.157471 0 0
0 0 8.4603 -0.158065 0 0
0 0 8.52532 -0.158626 0 0
0 0 8.58665 -0.158936 0 0
0 0 8.62149 -0.159209 0 0
0 0 8.6514 -0.159421 0 0
0 0 8.68957 -0.159783 0 0
0 0 8.72395 -0.159955 0 0
0 0 8.70077 -0.159719 0 0
0 0 8.66899 -0.159539 0 0
0 0 8.59836 -0.159261 0 0
0 0 8.53217 -0.158779 0 0
0 0 8.47849 -0.157904 0 0
0 0 8.43166 -0.157078 0 0
0 0 8.42539 -0.156654 0 0
0 0 8.42705 -0.155973 0 0
0 0 8.45869 -0.15615 0 0
0 0 8.49905 -0.157541 0 0
0 0 8.55368 -0.158905 0 0
0 0 8.60506 -0.159543 0 0
0 0 8.62977 -0.160079 0 0
0 0 8.61664 -0.160611 0 0
0 0 8.56439 -0.15976 0 0
0 0 8.4851 -0.158485 0 0
0 0 8.3936 -0.157962 0 0
0 0 8.33311 -0.157914 0 0
0 0 8.31352 -0.158232 0 0
0 0 8.31463 -0.157984 0 0
0 0 8.33705 -0.158581 0 0
0 0 8.3691 -0.15858 0 0
0 0 8.3986 -0.158393 0 0
0 0 8.46166 -0.158065 0 0
0 0 8.5229 -0.158176 0 0
0 0 8.54779 -0.157824 0 0
0 0 8.56849 -0.157416 0 0
0 0 8.59708 -0.157595 0 0
0 0 8.61108 -0.157639 0 0
0 0 8.60649 -0.157386 0 0
0 0 8.62503 -0.157574 0 0
0 0 8.64736 -0.158477 0 0
0 0 8.64732 -0.159056 0 0
0 0 8.60612 -0.159052 0 0
0 0 8.54886 -0.159179 0 0
0 0 8.53545 -0.159895 0 0
0 0 8.54017 -0.160057 0 0
0 0 8.54214 -0.159345 0 0
0 0 8.56813 -0.159288 0 0
0 0 8.59904 -0.159453 0 0
0 0 8.6122 -0.159503 0 0
0 0 8.62209 -0.15945 0 0
0 0 8.62504 -0.159809 0 0
0 0 8.59948 -0.159753 0 0
0 0 8.5594 -0.15896 0 0
0 0 8.52205 -0.158242 0 0
0 0 8.47619 -0.157833 0 0
0 0 8.41422 -0.157348 0 0
0 0 8.37121 -0.156697 0 0
0 0 8.36315 -0.157056 0 0
0 0 8.36693 -0.158339 0 0
0 0 8.3629 -0.158694 0 0
0 0 8.39254 -0.158296 0 0
0 0 8.46407 -0.158548 0 0
0 0 8.53215 -0.15888 0 0
0 0 8.59711 -0.159095 0 0
0 0 8.65333 -0.159231 0 0
0 0 8.68094 -0.159368 0 0
0 0 8.68016 -0.159404 0 0
0 0 8.67347 -0.159701 0 0
0 0 8.6532 -0.159821 0 0
0 0 8.60043 -0.159196 0 0
0 0 8.59405 -0.159498 0 0
0 0 8.60331 -0.15999 0 0
0 0 8.60709 -0.160395 0 0
0 0 8.61287 -0.160762 0 0
0 0 8.61952 -0.161067 0 0
0 0 8.61056 -0.160933 0 0
0 0 8.57807 -0.160488 0 0
0 0 8.55464 -0.160068 0 0
0 0 8.52855 -0.159978 0 0
0 0 8.5435 -0.16004 0 0
0 0 8.56597 -0.159656 0 0
0 0 8.59847 -0.159436 0 0
0 0 8.62151 -0.159956 0 0
0 0 8.61724 -0.159881 0 0
0 0 8.59535 -0.159285 0 0
0 0 8.58289 -0.158941 0 0
0 0 8.60149 -0.159484 0 0
0 0 8.58502 -0.15898 0 0
0 0 8.59431 -0.158559 0 0
0 0 8.61516 -0.158658 0 0
0 0 8.62312 -0.159357 0 0
0 0 8.63975 -0.159461 0 0
0 0 8.64924 -0.159429 0 0
0 0 8.63511 -0.159614 0 0
0 0 8.58618 -0.159437 0 0
0 0 8.54815 -0.158661 0 0
0 0 8.52043 -0.158292 0 0
0 0 8.51745 -0.158604 0 0
0 0 8.52293 -0.158389 0 0
0 0 8.55176 -0.158682 0 0
0 0 8.59131 -0.1594 0 0
0 0 8.65332 -0.160293 0 0
0 0 8.67647 -0.160647 0 0
0 0 8.69403 -0.161548 0 0
0 0 8.68187 -0.162451 0 0
0 0 8.65296 -0.162457 0 0
0 0 8.58686 -0.162186 0 0
0 0 8.50157 -0.161695 0 0
0 0 8.42808 -0.161571 0 0
0 0 8.33277 -0.16069 0 0
0 0 8.27536 -0.160397 0 0
0 0 8.25079 -0.159891 0 0
0 0 8.24852 -0.159672 0 0
0 0 8.2477 -0.159543 0 0
0 0 8.25831 -0.15902 0 0
0 0 8.28775 -0.158567 0 0
0 0 8.3106 -0.158542 0 0
0 0 8.33673 -0.15917 0 0
0 0 8.36663 -0.159397 0 0
0 0 8.3773 -0.159455 0 0
0 0 8.3728 -0.159694 0 0
0 0 8.37409 -0.159651 0 0
0 0 8.36244 -0.15957 0 0
0 0 8.33897 -0.159551 0 0
0 0 8.31904 -0.159445 0 0
0 0 8.3132 -0.159233 0 0
0 0 8.32451 -0.159748 0 0
0 0 8.33024 -0.160119 0 0
0 0 8.35063 -0.159884 0 0
0 0 8.39719 -0.160077 0 0
0 0 8.40582 -0.160547 0 0
0 0 8.43145 -0.160209 0 0
0 0 8.46861 -0.1557 0 0
0 0 8.47318 -0.147863 0 0
0 0 8.48399 -0.138782 0 0
0 0 8.55227 -0.128248 0 0
0 0 8.64747 -0.11687 0 0
0 0 8.76868 -0.10764 0 0
0 0 8.97367 -0.1026 0 0
0 0 9.20725 -0.0973168 0 0
0 0 9.39322 -0.0916259 0 0
0 0 9.57663 -0.0865702 0 0
0 0 9.73188 -0.0812508 0 0
0 0 9.84319 -0.0755366 0 0
0 1.54527 9.93821 -0.0708416 0 0
0 1.65486 10.0234 -0.0670252 0 0
0 1.79105 10.087 -0.0622257 0 0
0 1.92253 10.1586 -0.057191 0 0
0 2.06529 10.1989 -0.0524101 0 0
0 2.19493 10.2048 0 0 0
0 2.29185 10.2274 0 0 0
0 2.42758 10.2627 0 0 0
0 2.69364 10.256 0 0 0
0 3.03439 10.2735 0 0 0
0 3.42827 10.3559 0 0 0
0 3.8807 10.4495 0 0 0
0 4.37331 10.5239 0 0 0
0 4.76754 10.6935 0 0 0
0 5.02989 10.9362 0 0 0
0 5.24713 11.1594 0.0563327 0 0
0 5.44615 11.3401 0.0618659 0 0
0 5.61789 11.5372 0.0665009 0 0
0 5.75727 11.7181 0.0703934 0 0
0 5.87143 11.842 0.0738049 0 0
0 5.97505 11.9506 0.0767353 0 0
0 6.05882 12.0495 0.0794717 0 0
0 6.12691 12.1149 0.0821733 0 0
0 6.17542 12.1378 0.0848588 0 0
0 6.22353 12.1405 0.0874435 0 0
0 6.26167 12.1163 0.0896073 0 0
0 6.28068 12.0655 0.0914474 0 0
0 6.28413 12.0266 0.092329 0 0
0 6.27588 11.994 0.0936611 0 0
0 6.26585 11.9404 0.0953644 0 0
0 6.25896 11.8552 0.096755 0 0
0 6.24429 11.7558 0.0973599 0 0
0 6.23946 11.6771 0.097817 0 0
0 6.23566 11.604 0.098228 0 0
0 6.24123 11.5393 0.0987505 0 0
0 6.24413 11.5177 0.0994775 0 0
0 6.26344 11.498 0.100602 0 0
0 6.28368 11.4882 0.101939 0 0
0 6.30714 11.4906 0.103502 0 0
0 6.32329 11.5053 0.104757 0 0
0 6.34367 11.4962 0.105303 0 0
0 6.34969 11.5145 0.1063 0 0
0 6.34785 11.5572 0.107701 0 0
0 6.34169 11.5732 0.1086 0 0
0 6.33906 11.5783 0.108983 0 0
0 6.33799 11.5886 0.109204 0 0
0 6.33736 11.5781 0.109295 0 0
0 6.34453 11.5642 0.1092 0 0
0 6.37184 11.5206 0.109572 0 0
0 6.40075 11.4476 0.111179 0 0
0 6.42033 11.3726 0.112989 0 0
0 6.4411 11.3025 0.114637 0 0
0 6.4646 11.2587 0.116144 0 0
0 6.47975 11.2586 0.117357 0 0
0 6.4898 11.2901 0.118108 0 0
0 6.52139 11.3406 0.118288 0 0
0 6.54094 11.4174 0.11832 0 0
0 6.54761 11.4735 0.118949 0 0
0 6.56872 11.518 0.119965 0 0
0 6.60641 11.5538 0.121009 0 0
0 6.62704 11.5956 0.121856 0 0
0 6.64249 11.5904 0.122901 0 0
0 6.67587 11.5861 0.123418 0 0
0 6.69968 11.5948 0.123556 0 0
0 6.67225 11.6121 0.12342 0 0
0 6.65031 11.5993 0.123446 0 0
0 6.65105 11.5784 0.123711 0 0
0 6.64541 11.5627 0.124103 0 0
0 6.6225 11.5657 0.124495 0 0
0 6.6137 11.5436 0.124981 0 0
0 6.62921 11.4959 0.125836 0 0
0 6.62961 11.4667 0.12651 0 0
0 6.6265 11.4522 0.126633 0 0
0 6.62913 11.4357 0.126954 0 0
0 6.61541 11.4453 0.127379 0 0
0 6.6063 11.4527 0.127874 0 0
0 6.60714 11.4489 0.12787 0 0
0 6.60619 11.4251 0.127766 0 0
0 6.59532 11.3992 0.127279 0 0
0 6.59918 11.365 0.126822 0 0
0 6.59664 11.326 0.126736 0 0
0 6.5721 11.3192 0.126528 0 0
0 6.54178 11.321 0.126968 0 0
0 6.52918 11.3519 0.127872 0 0
0 6.52769 11.3854 0.128467 0 0
0 6.53164 11.3963 0.128301 0 0
0 6.54295 11.3889 0.12819 0 0
0 6.55762 11.3903 0.127933 0 0
0 6.56504 11.3874 0.127532 0 0
0 6.55619 11.3878 0.12748 0 0
0 6.55505 11.3861 0.127647 0 0
0 6.55278 11.3963 0.127886 0 0
0 6.55098 11.4357 0.127963 0 0
0 6.55342 11.4658 0.127567 0 0
0 6.54502 11.5084 0.1272 0 0
0 6.53953 11.5334 0.126566 0 0
0 6.52184 11.5389 0.125716 0 0
0 6.50098 11.5306 0.125128 0 0
0 6.48308 11.5225 0.125132 0 0
0 6.45726 11.4907 0.125073 0 0
0 6.43119 11.4176 0.125376 0 0
0 6.40566 11.3465 0.126046 0 0
0 6.40519 11.2845 0.126873 0 0
0 6.41697 11.2355 0.127614 0 0
0 6.43306 11.228 0.128607 0 0
0 6.44268 11.2641 0.129356 0 0
0 6.46569 11.3316 0.129702 0 0
0 6.49302 11.3985 0.130005 0 0
0 6.50552 11.4415 0.129826 0 0
0 6.50664 11.4684 0.129564 0 0
0 6.5317 11.4596 0.129833 0 0
0 6.55878 11.4435 0.130553 0 0
0 6.57819 11.3933 0.130785 0 0
0 6.58528 11.3674 0.131589 0 0
0 6.56946 11.3812 0.13243 0 0
0 6.54315 11.4089 0.132015 0 0
0 6.52589 11.4236 0.13084 0 0
0 6.50208 11.4321 0.130786 0 0
0 6.47976 11.4247 0.131454 0 0
0 6.48287 11.3882 0.131812 0 0
0 6.50934 11.3186 0.132082 0 0
0 6.5161 11.2455 0.133065 0 0
0 6.53533 11.1805 0.134396 0 0
0 6.5511 11.1868 0.134622 0 0
0 6.55036 11.2228 0.134143 0 0
0 6.56672 11.2718 0.134765 0 0
0 6.60407 11.3423 0.137027 0 0
0 6.63268 11.4463 0.138585 0 0
0 6.65742 11.5262 0.139077 0 0
0 6.68715 11.5679 0.14046 0 0
0 6.70474 11.5878 0.142085 0 0
0 6.68471 11.5887 0.142871 0 0
0 6.66608 11.5792 0.142674 0 0
0 6.65531 11.5991 0.142386 0 0
0 6.63728 11.6333 0.142588 0 0
0 6.63228 11.6503 0.142596 0 0
0 6.64338 11.6482 0.141794 0 0
0 6.65056 11.6472 0.141053 0 0
0 6.64807 11.6085 0.141317 0 0
0 6.63898 11.5449 0.141585 0 0
0 6.64646 11.4828 0.141192 0 0
0 6.63477 11.4393 0.140852 0 0
0 6.62279 11.3964 0.140439 0 0
0 6.609 11.3807 0.139856 0 0
0 6.59485 11.3873 0.139295 0 0
0 6.59675 11.386 0.138849 0 0
0 6.5897 11.4102 0.138247 0 0
0 6.5989 11.434 0.138049 0 0
0 6.60621 11.4362 0.138456 0 0
0 6.59233 11.4405 0.138806 0 0
0 6.5766 11.4525 0.139286 0 0
0 6.54822 11.4546 0.14013 0 0
0 6.53606 11.4294 0.140668 0 0
0 6.49686 11.4181 0.140807 0 0
0 6.47331 11.4117 0.140531 0 0
0 6.46976 11.3983 0.140359 0 0
0 6.47951 11.3817 0.140201 0 0
0 6.49691 11.3726 0.140435 0 0
0 6.4961 11.3764 0.140556 0 0
0 6.51168 11.3623 0.14109 0 0
0 6.5319 11.3316 0.141841 0 0
0 6.54645 11.3292 0.142487 0 0
0 6.54396 11.3295 0.143113 0 0
0 6.55152 11.3184 0.144054 0 0
0 6.56334 11.3164 0.144409 0 0
0 6.5789 11.3054 0.144736 0 0
0 6.60501 11.285 0.145436 0 0
0 6.61826 11.2697 0.145833 0 0
0 6.61925 11.2504 0.145745 0 0
0 6.60898 11.2488 0.145701 0 0
0 6.59133 11.2736 0.145777 0 0
0 6.56234 11.3423 0.145697 0 0
0 6.53833 11.4113 0.144782 0 0
0 6.51675 11.4494 0.144603 0 0
0 6.51791 11.4875 0.144605 0 0
0 6.53056 11.5067 0.144551 0 0
0 6.54758 11.5125 0.144183 0 0
0 6.54378 11.505 0.143876 0 0
0 6.54026 11.4816 0.14401 0 0
0 6.53099 11.4404 0.144087 0 0
0 6.51245 11.3961 0.143677 0 0
0 6.48381 11.3709 0.143358 0 0
0 6.46338 11.3194 0.143634 0 0
0 6.45657 11.2879 0.143887 0 0
0 6.44653 11.2706 0.143558 0 0
0 6.44769 11.2412 0.143327 0 0
0 6.44099 11.2069 0.143083 0 0
0 6.43112 11.1524 0.142278 0 0
0 6.42102 11.0961 0.141676 0 0
0 6.41218 11.0629 0.141001 0 0
0 6.41145 11.0861 0.140366 0 0
0 6.4057 11.1549 0.139634 0 0
0 6.41093 11.1971 0.140373 0 0
0 6.42282 11.2389 0.14176 0 0
0 6.43534 11.3064 0.141825 0 0
0 6.44316 11.3369 0.141781 0 0
0 6.44457 11.3037 0.141781 0 0
0 6.43466 11.2232 0.14216 0 0
0 6.42269 11.2023 0.141154 0 0
0 6.41458 11.1882 0.140588 0 0
0 6.40207 11.1885 0.141037 0 0
0 6.39252 11.23 0.14144 0 0
0 6.39623 11.315 0.141598 0 0
0 6.41296 11.4003 0.141304 0 0
0 6.42658 11.4756 0.1413 0 0
0 6.45375 11.5189 0.141386 0 0
0 6.47919 11.5182 0.141743 0 0
0 6.48955 11.4779 0.143026 0 0
0 6.49186 11.4446 0.14392 0 0
0 6.49862 11.3931 0.144544 0 0
0 6.50147 11.3148 0.145468 0 0
0 6.49631 11.2472 0.145988 0 0
0 6.47667 11.1971 0.145552 0 0
0 6.45591 11.1717 0.144674 0 0
0 6.44249 11.1681 0.144781 0 0
0 6.44308 11.2129 0.144627 0 0
0 6.44391 11.2628 0.144466 0 0
0 6.44098 11.3048 0.144448 0 0
0 6.45467 11.3388 0.144084 0 0
0 6.47193 11.3701 0.143125 0 0
0 6.46678 11.378 0.142826 0 0
0 6.45178 11.403 0.142666 0 0
0 6.46555 11.4206 0.142806 0 0
0 6.4914 11.4275 0.142685 0 0
0 6.49762 11.4181 0.142822 0 0
0 6.5002 11.3859 0.142776 0 0
0 6.50015 11.3327 0.142255 0 0
0 6.47367 11.264 0.141382 0 0
0 6.43849 11.2162 0.140578 0 0
0 6.41675 11.1308 0.14124 0 0
0 6.39941 11.0706 0.141682 0 0
0 6.37927 11.0314 0.142318 0 0
0 6.38277 11.0256 0.143015 0 0
0 6.40184 11.0478 0.144244 0 0
0 6.4125 11.1379 0.144851 0 0
0 6.44354 11.2743 0.14489 0 0
0 6.48325 11.3989 0.145523 0 0
0 6.50896 11.5353 0.146273 0 0
0 6.52222 11.6461 0.147254 0 0
0 6.53757 11.7056 0.148441 0 0
0 6.54078 11.7275 0.149522 0 0
0 6.53261 11.7156 0.150477 0 0
0 6.52244 11.6997 0.150477 0 0
0 6.50958 11.6485 0.14989 0 0
0 6.48228 11.5847 0.149258 0 0
0 6.46134 11.512 0.14845 0 0
0 6.44007 11.4473 0.147419 0 0
0 6.40843 11.3814 0.146471 0 0
0 6.38464 11.2717 0.14586 0 0
0 6.3798 11.209 0.145314 0 0
0 6.36206 11.2205 0.144865 0 0
0 6.35854 11.2686 0.144765 0 0
0 6.36891 11.3092 0.144824 0 0
0 6.39718 11.3704 0.145144 0 0
0 6.40895 11.4476 0.145919 0 0
0 6.41803 11.4965 0.146259 0 0
0 6.43319 11.4781 0.146207 0 0
0 6.42907 11.443 0.146116 0 0
0 6.40462 11.4081 0.146407 0 0
0 6.37592 11.3712 0.146295 0 0
0 6.37027 11.3095 0.145979 0 0
0 6.36835 11.2771 0.145457 0 0
0 6.35562 11.2814 0.145234 0 0
0 6.33767 11.3056 0.144359 0 0
0 6.3335 11.3332 0.143892 0 0
0 6.33343 11.3756 0.144236 0 0
0 6.3394 11.3807 0.144818 0 0
0 6.31837 11.364 0.145437 0 0
0 6.31415 11.3476 0.145739 0 0
0 6.31538 11.3314 0.146156 0 0
0 6.31607 11.3181 0.14663 0 0
0 6.31768 11.3014 0.146907 0 0
0 6.31702 11.2493 0.146304 0 0
0 6.29135 11.2189 0.145245 0 0
0 6.2632 11.2381 0.144424 0 0
0 6.24339 11.2619 0.143844 0 0
0 6.24247 11.2729 0.143237 0 0
0 6.23489 11.2838 0.142793 0 0
0 6.2123 11.2956 0.143248 0 0
0 6.19109 11.2738 0.143668 0 0
0 6.19992 11.2322 0.144071 0 0
0 6.21276 11.2145 0.143958 0 0
0 6.22419 11.2127 0.14452 0 0
0 6.23318 11.2404 0.1446 0 0
0 6.25808 11.2618 0.144404 0 0
0 6.26733 11.3005 0.144781 0 0
0 6.26255 11.3124 0.145178 0 0
0 6.24639 11.2844 0.145591 0 0
0 6.22917 11.2384 0.146009 0 0
0 6.20896 11.2131 0.146428 0 0
0 6.20515 11.1901 0.146375 0 0
0 6.20661 11.1554 0.145897 0 0
0 6.21692 11.1573 0.14544 0 0
0 6.22144 11.1882 0.144765 0 0
0 6.24449 11.2122 0.144162 0 0
0 6.25253 11.2234 0.143964 0 0
0 6.2443 11.2114 0.144048 0 0
0 6.23255 11.1719 0.144792 0 0
0 6.19941 11.1337 0.144712 0 0
0 6.1582 11.1121 0.144218 0 0
0 6.13255 11.0653 0.144248 0 0
0 6.11258 11.0517 0.144031 0 0
0 6.10043 11.0681 0.142985 0 0
0 6.09222 11.1029 0.142466 0 0
0 6.11292 11.1005 0.143053 0 0
0 6.11215 11.1249 0.14285 0 0
0 6.10172 11.1191 0.14301 0 0
0 6.10793 11.104 0.143368 0 0
0 6.10972 11.0945 0.143905 0 0
0 6.10437 11.1141 0.144414 0 0
0 6.10134 11.1407 0.145703 0 0
0 6.12543 11.1531 0.146656 0 0
0 6.13332 11.2016 0.146647 0 0
0 6.13731 11.2214 0.147327 0 0
0 6.13156 11.2312 0.147521 0 0
0 6.11977 11.2131 0.146874 0 0
0 6.09703 11.1855 0.14576 0 0
0 6.08384 11.1399 0.145715 0 0
0 6.07619 11.0855 0.146065 0 0
0 6.07768 11.0543 0.146254 0 0
0 6.09822 11.036 0.146431 0 0
0 6.11328 11.0314 0.14698 0 0
0 6.11441 11.059 0.146703 0 0
0 6.10293 11.1303 0.146137 0 0
0 6.0947 11.2147 0.145586 0 0
0 6.08309 11.2559 0.145368 0 0
0 6.06716 11.2658 0.144992 0 0
0 6.0518 11.2899 0.144842 0 0
0 6.05314 11.2747 0.145296 0 0
0 6.05098 11.2112 0.145997 0 0
0 6.01668 11.1396 0.14669 0 0
0 5.98593 11.096 0.14721 0 0
0 5.9661 11.0888 0.147514 0 0
0 5.95841 11.1062 0.147765 0 0
0 5.95182 11.1573 0.148083 0 0
0 5.98054 11.2273 0.148252 0 0
0 6.03456 11.315 0.148844 0 0
0 6.09626 11.4017 0.149644 0 0
0 6.16077 11.4509 0.150395 0 0
0 6.20261 11.4876 0.15057 0 0
0 6.23238 11.5105 0.150129 0 0
0 6.24008 11.5293 0.150132 0 0
0 6.23789 11.497 0.150361 0 0
0 6.22057 11.4163 0.150708 0 0
0 6.20065 11.3219 0.151408 0 0
0 6.17614 11.2476 0.151946 0 0
0 6.14943 11.2015 0.152266 0 0
0 6.1459 11.1724 0.152283 0 0
0 6.15265 11.202 0.153 0 0
0 6.15702 11.2526 0.153613 0 0
0 6.16543 11.28 0.153587 0 0
0 6.17859 11.2613 0.153661 0 0
0 6.16737 11.2291 0.153276 0 0
0 6.13219 11.1983 0.152401 0 0
0 6.11261 11.1817 0.151552 0 0
0 6.09578 11.1574 0.150709 0 0
0 6.06618 11.1192 0.149862 0 0
0 6.03603 11.1182 0.149779 0 0
0 6.01812 11.1448 0.15037 0 0
0 6.02956 11.1739 0.150978 0 0
0 6.05363 11.1932 0.151892 0 0
0 6.08079 11.2085 0.152579 0 0
0 6.0869 11.2028 0.152722 0 0
0 6.07723 11.1782 0.152011 0 0
0 6.04863 11.1184 0.151094 0 0
0 6.0179 11.0328 0.150256 0 0
0 5.98437 10.9635 0.14892 0 0
0 5.96307 10.9169 0.14819 0 0
0 5.96184 10.8709 0.148012 0 0
0 5.97544 10.8681 0.148105 0 0
0 5.99613 10.9282 0.148492 0 0
0 6.01179 11.015 0.149174 0 0
0 6.0272 11.1396 0.150707 0 0
0 6.03639 11.2925 0.152321 0 0
0 6.06196 11.4324 0.154185 0 0
0 6.0846 11.5133 0.155903 0 0
0 6.09729 11.5509 0.157479 0 0
0 6.10562 11.5244 0.158567 0 0
0 6.11462 11.4408 0.159145 0 0
0 6.11252 11.3569 0.15923 0 0
0 6.09273 11.2675 0.15865 0 0
0 6.06439 11.1877 0.157418 0 0
0 6.03247 11.1489 0.156416 0 0
0 6.02356 11.1366 0.15554 0 0
0 6.007 11.1977 0.154296 0 0
0 6.00207 11.2519 0.153744 0 0
0 6.00835 11.2853 0.154153 0 0
0 6.00726 11.2801 0.154464 0 0
0 5.97432 11.2701 0.154376 0 0
0 5.94489 11.2106 0.154053 0 0
0 5.93593 11.0699 0.153257 0 0
0 5.89935 10.9905 0.151666 0 0
0 5.85835 10.9444 0.14987 0 0
0 5.83427 10.9116 0.148303 0 0
0 5.805 10.8946 0.147176 0 0
0 5.7952 10.9109 0.146686 0 0
0 5.8048 10.9534 0.147069 0 0
0 5.83677 10.966 0.147968 0 0
0 5.85675 11.0023 0.149236 0 0
0 5.89468 11.0475 0.150037 0 0
0 5.9252 11.0843 0.150834 0 0
0 5.92406 11.0979 0.151376 0 0
0 5.91745 11.104 0.151878 0 0
0 5.89884 11.1211 0.152972 0 0
0 5.89174 11.1579 0.153612 0 0
0 5.8892 11.195 0.153325 0 0
0 5.87517 11.2137 0.153208 0 0
0 5.85821 11.2328 0.153136 0 0
0 5.82442 11.2626 0.152571 0 0
0 5.81187 11.259 0.151674 0 0
0 5.78837 11.2516 0.150652 0 0
0 5.77053 11.2104 0.15038 0 0
0 5.75405 11.1512 0.150909 0 0
0 5.74327 11.0653 0.151379 0 0
0 5.73635 10.9983 0.151207 0 0
0 5.72493 10.957 0.150727 0 0
0 5.71976 10.9303 0.150364 0 0
0 5.6998 10.8965 0.150067 0 0
0 5.68946 10.8948 0.149202 0 0
0 5.66872 10.9031 0.149149 0 0
0 5.62573 10.9159 0.149708 0 0
0 5.60034 10.9226 0.149969 0 0
0 5.59452 10.9275 0.149309 0 0
0 5.60148 10.9205 0.149166 0 0
0 5.60861 10.8975 0.14895 0 0
0 5.62912 10.8846 0.148341 0 0
0 5.6562 10.8451 0.147645 0 0
0 5.66759 10.811 0.147358 0 0
0 5.67079 10.8173 0.146962 0 0
0 5.67811 10.8546 0.146579 0 0
0 5.69067 10.9005 0.146818 0 0
0 5.70159 10.9674 0.147664 0 0
0 5.71222 11.0652 0.148729 0 0
0 5.72941 11.1555 0.150712 0 0
0 5.77001 11.2454 0.152592 0 0
0 5.80935 11.3632 0.15415 0 0
0 5.864 11.4797 0.155202 0 0
0 5.91109 11.5761 0.156274 0 0
0 5.94882 11.643 0.156977 0 0
0 5.96455 11.7137 0.157305 0 0
0 5.96639 11.7564 0.15788 0 0
0 5.9754 11.7822 0.158362 0 0
0 5.98765 11.8158 0.159123 0 0
0 6.01063 11.8615 0.159962 0 0
0 6.02485 11.8962 0.160416 0 0
0 6.04016 11.9303 0.160922 0 0
0 6.07611 11.9681 0.162115 0 0
0 6.10579 12.025 0.163531 0 0
0 6.12375 12.0951 0.164783 0 0
0 6.13942 12.1639 0.165909 0 0
0 6.15408 12.2417 0.166852 0 0
0 6.17734 12.3492 0.167157 0 0
0 6.20768 12.465 0.167469 0 0
0 6.21098 12.5409 0.167172 0 0
0 6.1021 12.6041 0.16357 0 0
0 5.90913 12.7143 0.156705 0 0
0 5.69908 12.8047 0.149803 0 0
0 5.47964 12.8414 0.143444 0 0
0 5.25758 12.8856 0.136376 0 0
0 5.11906 12.9304 0.13141 0 0
0 5.08977 12.9506 0.129672 0 0
0 5.09049 12.9402 0.129432 0 0
0 5.09969 12.9654 0.129059 0 0
0 5.11184 12.9801 0.129314 0 0
0 5.1138 12.9787 0.12952 0 0
0 5.11236 12.9737 0.12914 0 0
0 5.11893 12.9601 0.129172 0 0
0 5.11272 12.9457 0.128923 0 0
0 5.09304 12.9253 0.12819 0 0
0 5.05933 12.91 0.126818 0 0
0 4.99321 12.9156 0.125421 0 0
0 4.90789 12.9349 0.123277 0 0
0 4.83257 12.9258 0.120939 0 0
0 4.76889 12.8974 0.119091 0 0
0 4.71347 12.871 0.117691 0 0
0 4.68345 12.8867 0.116148 0 0
0 4.67994 12.9091 0.114944 0 0
0 4.6859 12.9286 0.114196 0 0
0 4.68774 12.9405 0.113944 0 0
0 4.69525 12.9591 0.113636 0 0
0 4.70114 12.9755 0.113069 0 0
0 4.70545 12.9777 0.11284 0 0
0 4.70949 12.9581 0.113575 0 0
0 4.70466 12.9337 0.114286 0 0
0 4.69764 12.9342 0.114087 0 0
0 4.69851 12.9204 0.114144 0 0
0 4.70782 12.8771 0.114933 0 0
0 4.70611 12.8474 0.114774 0 0
0 4.69581 12.8526 0.114071 0 0
0 4.69138 12.8837 0.113585 0 0
0 4.68379 12.8987 0.113091 0 0
0 4.68336 12.8922 0.112489 0 0
0 4.67322 12.8891 0.112264 0 0
0 4.67425 12.8849 0.112318 0 0
0 4.67951 12.8721 0.112582 0 0
0 4.68127 12.8281 0.113291 0 0
0 4.70443 12.7704 0.113704 0 0
0 4.71662 12.7519 0.113436 0 0
0 4.71584 12.7619 0.113057 0 0
0 4.71468 12.7766 0.11292 0 0
0 4.71976 12.8096 0.112271 0 0
0 4.72412 12.845 0.111052 0 0
0 4.70634 12.8694 0.111251 0 0
0 4.68672 12.8945 0.111913 0 0
0 4.67702 12.905 0.112272 0 0
0 4.674 12.913 0.112278 0 0
0 4.67159 12.9085 0.112751 0 0
0 4.67068 12.9143 0.113249 0 0
0 4.66674 12.9326 0.113176 0 0
0 4.66033 12.9559 0.112637 0 0
0 4.65641 12.9541 0.11237 0 0
0 4.6492 12.9459 0.11256 0 0
0 4.63869 12.9556 0.112135 0 0
0 4.63627 12.9543 0.111743 0 0
0 4.64349 12.9338 0.112133 0 0
0 4.6578 12.8936 0.112322 0 0
0 4.66104 12.8826 0.111641 0 0
0 4.66485 12.8596 0.11132 0 0
0 4.66558 12.8283 0.111735 0 0
0 4.66387 12.7976 0.111967 0 0
0 4.65041 12.7965 0.11178 0 0
0 4.62866 12.8308 0.111835 0 0
0 4.61281 12.8647 0.112038 0 0
0 4.60151 12.8954 0.112371 0 0
0 4.62108 12.9021 0.111734 0 0
0 4.64804 12.8997 0.111284 0 0
0 4.66601 12.8933 0.111151 0 0
0 4.67759 12.8517 0.111626 0 0
0 4.69335 12.7984 0.112142 0 0
0 4.68229 12.7768 0.112243 0 0
0 4.64601 12.7978 0.112116 0 0
0 4.63134 12.8196 0.112033 0 0
0 4.63936 12.8322 0.111727 0 0
0 4.65584 12.841 0.111006 0 0
0 4.64741 12.8914 0.110059 0 0
0 4.65091 12.9182 0.109873 0 0
0 4.65818 12.9133 0.109915 0 0
0 4.65413 12.8872 0.110289 0 0
0 4.63247 12.8816 0.110708 0 0
0 4.62501 12.863 0.110995 0 0
0 4.62443 12.8461 0.111268 0 0
0 4.62378 12.8253 0.111594 0 0
0 4.62433 12.7972 0.111896 0 0
0 4.62347 12.7881 0.111808 0 0
0 4.62826 12.8016 0.111533 0 0
0 4.64214 12.7982 0.111766 0 0
0 4.66411 12.7805 0.111982 0 0
0 4.68922 12.7705 0.11198 0 0
0 4.69892 12.79 0.11192 0 0
0 4.70348 12.8089 0.1118 0 0
0 4.70367 12.8326 0.111274 0 0
0 4.69827 12.8718 0.110714 0 0
0 4.68249 12.9121 0.110138 0 0
0 4.66374 12.9407 0.109766 0 0
0 4.66009 12.9308 0.109684 0 0
0 4.66533 12.903 0.110018 0 0
0 4.67055 12.8776 0.109964 0 0
0 4.67231 12.864 0.109591 0 0
0 4.68633 12.8369 0.109692 0 0
0 4.69167 12.8165 0.109609 0 0
0 4.69307 12.813 0.109208 0 0
0 4.6848 12.8248 0.109046 0 0
0 4.67233 12.8071 0.109945 0 0
0 4.66413 12.7769 0.110987 0 0
0 4.65508 12.7695 0.111232 0 0
0 4.64374 12.7944 0.111402 0 0
0 4.64675 12.7866 0.112208 0 0
0 4.65218 12.7827 0.112589 0 0
0 4.66528 12.807 0.112143 0 0
0 4.66627 12.8399 0.111234 0 0
0 4.66468 12.8483 0.111017 0 0
0 4.65867 12.8463 0.110829 0 0
0 4.6538 12.86 0.109902 0 0
0 4.64525 12.8495 0.109378 0 0
0 4.63868 12.839 0.108653 0 0
0 4.6494 12.8161 0.108319 0 0
0 4.66977 12.7937 0.107766 0 0
0 4.67557 12.7808 0.107753 0 0
0 4.6771 12.7932 0.107913 0 0
0 4.68545 12.7935 0.108581 0 0
0 4.67126 12.8021 0.109757 0 0
0 4.65468 12.8256 0.110646 0 0
0 4.64842 12.8271 0.11122 0 0
0 4.65506 12.8294 0.110722 0 0
0 4.64988 12.857 0.10953 0 0
0 4.62932 12.8884 0.108758 0 0
0 4.63166 12.8854 0.108174 0 0
0 4.61839 12.909 0.107532 0 0
0 4.61442 12.9255 0.107394 0 0
0 4.60462 12.8976 0.108595 0 0
0 4.63231 12.8297 0.109717 0 0
0 4.66053 12.7859 0.110102 0 0
0 4.68327 12.7562 0.110233 0 0
0 4.69456 12.7186 0.110383 0 0
0 4.70289 12.6987 0.110603 0 0
0 4.71217 12.7081 0.110436 0 0
0 4.71264 12.7333 0.109727 0 0
0 4.71054 12.7295 0.109659 0 0
0 4.71032 12.7523 0.109914 0 0
0 4.70859 12.7988 0.109095 0 0
0 4.69842 12.831 0.108328 0 0
0 4.68074 12.8337 0.108746 0 0
0 4.67643 12.8402 0.10923 0 0
0 4.66858 12.8535 0.108845 0 0
0 4.65931 12.8421 0.109066 0 0
0 4.65297 12.8078 0.109856 0 0
0 4.65876 12.8055 0.109504 0 0
0 4.64794 12.8211 0.108948 0 0
0 4.63195 12.8374 0.109 0 0
0 4.62974 12.8252 0.109232 0 0
0 4.62596 12.8227 0.108978 0 0
0 4.63528 12.811 0.108985 0 0
0 4.6403 12.7976 0.109007 0 0
0 4.65495 12.7923 0.108038 0 0
0 4.66285 12.7924 0.106952 0 0
0 4.67803 12.7893 0.106816 0 0
0 4.67947 12.7949 0.107069 0 0
0 4.65447 12.8159 0.107032 0 0
0 4.63385 12.8393 0.107477 0 0
0 4.63075 12.8334 0.108507 0 0
0 4.64708 12.8138 0.10891 0 0
0 4.65265 12.801 0.108548 0 0
0 4.66264 12.8045 0.10799 0 0
0 4.68786 12.7968 0.107532 0 0
0 4.70926 12.8037 0.106867 0 0
0 4.69741 12.8162 0.106837 0 0
0 4.67681 12.8432 0.106795 0 0
0 4.65437 12.8679 0.106805 0 0
0 4.63603 12.8915 0.106899 0 0
0 4.63405 12.8911 0.106975 0 0
0 4.63513 12.8852 0.106973 0 0
0 4.64045 12.8858 0.106814 0 0
0 4.66098 12.873 0.106564 0 0
0 4.68699 12.8433 0.106717 0 0
0 4.71714 12.8113 0.107005 0 0
0 4.73124 12.7856 0.107195 0 0
0 4.72478 12.7784 0.107829 0 0
0 4.69909 12.7968 0.108537 0 0
0 4.67293 12.8244 0.108868 0 0
0 4.66198 12.8445 0.108962 0 0
0 4.6519 12.883 0.108644 0 0
0 4.62965 12.9122 0.108612 0 0
0 4.62371 12.927 0.108154 0 0
0 4.64143 12.9069 0.10837 0 0
0 4.64203 12.8877 0.109042 0 0
0 4.64291 12.8601 0.109866 0 0
0 4.65495 12.8387 0.11024 0 0
0 4.66826 12.8154 0.110572 0 0
0 4.68405 12.7655 0.111574 0 0
0 4.68199 12.7388 0.111951 0 0
0 4.67932 12.7353 0.111453 0 0
0 4.68159 12.7365 0.110956 0 0
0 4.67453 12.7379 0.11054 0 0
0 4.6722 12.7647 0.109876 0 0
0 4.68808 12.7932 0.109007 0 0
0 4.70154 12.8077 0.108649 0 0
0 4.71207 12.8419 0.10805 0 0
0 4.72342 12.8503 0.107897 0 0
0 4.72181 12.8469 0.108277 0 0
0 4.719 12.8368 0.10855 0 0
0 4.71495 12.845 0.108819 0 0
0 4.7112 12.8473 0.108747 0 0
0 4.69199 12.8358 0.108806 0 0
0 4.67705 12.8266 0.108895 0 0
0 4.67553 12.8256 0.108605 0 0
0 4.6709 12.8259 0.108609 0 0
0 4.65104 12.8188 0.109035 0 0
0 4.65179 12.8029 0.109887 0 0
0 4.6598 12.794 0.110443 0 0
0 4.66977 12.7945 0.110685 0 0
0 4.66745 12.785 0.110659 0 0
0 4.68844 12.7605 0.110367 0 0
0 4.70604 12.7575 0.109647 0 0
0 4.72417 12.7432 0.109125 0 0
0 4.73243 12.7432 0.108323 0 0
0 4.71941 12.7542 0.108476 0 0
0 4.69858 12.8 0.108545 0 0
0 4.67453 12.8376 0.109111 0 0
0 4.66526 12.8669 0.109545 0 0
0 4.66337 12.873 0.110023 0 0
0 4.65588 12.8514 0.110969 0 0
0 4.66827 12.8168 0.11116 0 0
0 4.68572 12.776 0.110924 0 0
0 4.69253 12.747 0.110682 0 0
0 4.67065 12.7713 0.110099 0 0
0 4.65737 12.8089 0.108933 0 0
0 4.6625 12.8336 0.107763 0 0
0 4.64602 12.8525 0.107544 0 0
0 4.63195 12.8727 0.107166 0 0
0 4.6271 12.8787 0.10702 0 0
0 4.62602 12.872 0.107272 0 0
0 4.62152 12.8695 0.107529 0 0
0 4.62538 12.8592 0.108024 0 0
