x y z Tx Ty Tz 
0 0 0 0 0 0
0 0 0 0 0 0
0 0 0 0 0 0
0 0 0 0 0 0
0 0 0 0 0 0
0 0 0 0 0 0
0 0 0 0 0 0
0 0 0 0 0 0
0 0 0 0 0 0
0 0 0 0 0 0
0 0 0 0 0 0
0 0 0 0 0 0
0 0 0 0 0 0
0 0 0 0 0 0
0 0 0 0 0 0
0 0 0 0 0 0
0 0 0 0 0 0
0 0 0 0 0 0
0 0 0 0 0 0
0 0 0 0 0 0
0 0 0 0 0 0
0 0 0 0 0 0
0 0 0 0 0 0
0 0 0 0 0 0
0 0 0 0 0 0
0 0 0 0 0 0
0 0 0 0 0 0
0 0 0 0 0 0
0 0 0 0 0 0
0 0 0 0 0 0
0 0 0 0 0 0
0 0 0 0 0 0
0 0 0 0 0 0
0 0 0 0 0 0
0 0 0 0 0 0
0 0 0 0 0 0
0 0 0 0 0 0
0 0 0 0 0 0
0 0 0 0 0 0
0 0 1.57781 0 0 0
0 0 2.427 -0.0618546 0 0
0 0 3.66741 -0.0920343 -0.0567261 0
0 0 4.40716 -0.109678 -0.0665832 0
0 0 5.15237 -0.127544 -0.0763395 0
0 0 6.45483 -0.160317 -0.0919745 0
0 0 7.61842 -0.189898 -0.103302 0
0 0 8.65861 -0.215823 -0.112905 0
0 0 9.5802 -0.238887 -0.121009 0
0 0 10.3139 -0.257293 -0.126073 0
0 0 10.9178 -0.272624 -0.128182 0
0 0 11.4623 -0.287435 -0.127998 0
0 0 11.8744 -0.300706 -0.124824 0
0 0 12.0613 -0.308188 -0.117563 0
0 0 12.0057 -0.311383 -0.104117 0
0 0 11.8311 -0.313379 -0.0880482 0
-1.5643 0 11.6268 -0.311899 -0.0747251 0
-1.58864 0 11.4935 -0.310167 -0.0649711 0
-1.52854 0 11.3085 -0.307515 -0.0526804 0
0 0 10.9386 -0.299191 0 0
0 0 10.7948 -0.295541 0 0
0 0 10.6331 -0.291509 0 0
0 0 10.4755 -0.287629 0 0
0 0 10.0152 -0.276965 0 0
0 0 9.81962 -0.271937 0 0
0 0 9.56413 -0.264883 0 0
0 0 9.33323 -0.25749 0 0
0 0 9.33365 -0.255764 0 0
0 0 9.44372 -0.255458 0 0
0 0 9.48776 -0.252451 -0.0534932 0
0 0 9.53635 -0.250987 -0.0587971 0
0 0 9.72179 -0.254126 -0.0646379 0
0 0 9.79129 -0.253912 -0.0698048 0
0 0 9.70905 -0.250615 -0.0718949 0
0 0 9.64291 -0.24998 -0.0720253 0
0 0 9.65135 -0.250642 -0.0726002 0
0 0 9.62311 -0.248842 -0.0744165 0
0 0 9.49712 -0.245226 -0.0754771 0
0 0 9.49776 -0.245684 -0.0761687 0
0 0 9.51969 -0.245909 -0.0784728 0
0 0 9.45675 -0.242832 -0.0808015 0
0 0 9.43771 -0.242324 -0.0824744 0
0 0 9.51808 -0.243805 -0.0860619 0
0 0 9.50261 -0.242903 -0.0861535 0
0 0 9.56489 -0.244658 -0.0862958 0
0 0 9.64833 -0.247101 -0.0867252 0
0 0 9.82269 -0.251449 -0.0880238 0
0 0 9.89659 -0.253548 -0.0875782 0
0 0 10.0677 -0.260467 -0.0859779 0
0 0 10.2224 -0.264054 -0.0863813 0
0 0 10.2707 -0.264774 -0.0860492 0
0 0 10.2813 -0.264999 -0.0856735 0
0 0 10.341 -0.26734 -0.0845705 0
0 0 10.3698 -0.267706 -0.0845621 0
0 0 10.3211 -0.26624 -0.0834834 0
0 0 10.2538 -0.266203 -0.0810357 0
0 0 10.2614 -0.26823 -0.0789703 0
0 0 10.265 -0.26975 -0.0770792 0
0 0 10.1993 -0.269408 -0.0746808 0
0 0 10.2315 -0.272743 -0.0720061 0
0 0 10.2692 -0.273835 -0.0715677 0
0 0 10.2707 -0.273825 -0.0703165 0
0 0 10.1612 -0.271485 -0.0665667 0
0 0 10.1705 -0.271906 -0.0658007 0
0 0 10.2105 -0.272633 -0.0657861 0
0 0 10.2441 -0.272905 -0.0661294 0
0 0 10.2204 -0.271568 -0.066235 0
0 0 10.1119 -0.270349 -0.0634427 0
0 0 10.1242 -0.271609 -0.0627794 0
0 0 10.0975 -0.272507 -0.0608832 0
0 0 10.0087 -0.271124 -0.0590816 0
0 0 9.83605 -0.269974 -0.053183 0
0 0 9.83551 -0.270176 -0.0526095 0
0 0 9.78128 -0.268703 -0.0514152 0
0 0 9.7659 -0.268005 -0.0500624 0
0 0 9.78325 -0.268339 -0.0501428 0
0 0 9.86785 -0.269824 -0.0517424 0
0 0 9.87994 -0.269177 -0.0528281 0
0 0 9.89138 -0.268841 -0.0533293 0
0 0 9.88988 -0.268443 -0.0542821 0
0 0 9.89702 -0.268351 -0.0553923 0
0 0 9.92274 -0.26804 -0.0563264 0
0 0 9.93784 -0.268104 -0.056509 0
0 0 9.93854 -0.268799 -0.0564196 0
0 0 9.93555 -0.269255 -0.056235 0
0 0 9.92931 -0.269984 -0.0559582 0
0 0 9.93388 -0.270796 -0.0554803 0
0 0 9.93929 -0.272039 -0.0555689 0
0 0 9.95126 -0.272737 -0.0560305 0
0 0 9.9724 -0.272572 -0.0562747 0
0 0 9.98894 -0.2724 -0.056614 0
0 0 9.99745 -0.272218 -0.0567903 0
0 0 9.97437 -0.271448 -0.0563343 0
0 0 9.95342 -0.27059 -0.0557456 0
0 0 9.92172 -0.269708 -0.0550682 0
0 0 9.88783 -0.269281 -0.0545575 0
0 0 9.83942 -0.268827 -0.0543551 0
0 0 9.81046 -0.268862 -0.054453 0
0 0 9.80574 -0.269145 -0.0547095 0
0 0 9.78847 -0.268578 -0.0553508 0
0 0 9.78274 -0.267668 -0.0557278 0
0 0 9.79265 -0.266972 -0.0559948 0
0 0 9.78882 -0.26629 -0.0557099 0
0 0 9.78369 -0.265466 -0.056188 0
0 0 9.79321 -0.26489 -0.0575847 0
0 0 9.81308 -0.264488 -0.0596727 0
0 0 9.82241 -0.264441 -0.0617629 0
0 0 9.84161 -0.26467 -0.0640615 0
0 0 9.86934 -0.264569 -0.0659375 0
0 0 9.8825 -0.264449 -0.0667929 0
0 0 9.90569 -0.264929 -0.0666522 0
0 0 9.92832 -0.265544 -0.066677 0
0 0 9.96733 -0.266362 -0.0671188 0
0 0 10.0576 -0.267537 -0.0681853 0
0 0 10.1394 -0.269174 -0.0690232 0
0 0 10.2354 -0.271422 -0.0705455 0
0 0 10.2991 -0.27303 -0.0715551 0
0 0 10.3115 -0.273848 -0.0716208 0
0 0 10.2754 -0.273598 -0.0704217 0
0 0 10.2427 -0.272972 -0.0702044 0
0 0 10.2221 -0.272449 -0.069904 0
0 0 10.1898 -0.271542 -0.0691744 0
0 0 10.1257 -0.269886 -0.0680031 0
0 0 10.1096 -0.268907 -0.0677243 0
0 0 10.0976 -0.268134 -0.0673833 0
0 0 10.0618 -0.267711 -0.0663967 0
0 0 10.0399 -0.267403 -0.0659176 0
0 0 10.0394 -0.268078 -0.0662255 0
0 0 10.0522 -0.26891 -0.065964 0
0 0 10.0658 -0.26966 -0.0659507 0
0 0 10.0929 -0.270396 -0.0662669 0
0 0 10.1179 -0.271333 -0.0657646 0
0 0 10.1359 -0.2716 -0.0653004 0
0 0 10.1231 -0.271179 -0.0652479 0
0 0 10.0905 -0.270685 -0.0650101 0
0 0 10.0525 -0.270206 -0.0641069 0
0 0 10.0567 -0.270491 -0.0638545 0
0 0 10.0502 -0.270613 -0.063479 0
0 0 10.0618 -0.271135 -0.0636457 0
0 0 10.0878 -0.271727 -0.063401 0
0 0 10.1005 -0.271955 -0.0631468 0
0 0 10.1061 -0.272088 -0.0624738 0
0 0 10.1039 -0.272142 -0.0627183 0
0 0 10.1197 -0.272704 -0.0623988 0
0 0 10.1041 -0.272505 -0.0616495 0
0 0 10.0979 -0.272381 -0.0614533 0
0 0 10.0962 -0.27255 -0.0612913 0
0 0 10.1272 -0.273764 -0.0611045 0
0 0 10.1113 -0.274333 -0.0601574 0
0 0 10.1083 -0.274448 -0.0598382 0
0 0 10.1233 -0.275602 -0.0585582 0
0 0 10.1427 -0.276728 -0.0578969 0
0 0 10.1589 -0.277425 -0.0578807 0
0 0 10.1703 -0.277563 -0.0577134 0
0 0 10.1695 -0.277987 -0.0570594 0
0 0 10.1524 -0.27811 -0.0563353 0
0 0 10.1386 -0.277268 -0.0562824 0
0 0 10.1195 -0.276521 -0.0555613 0
0 0 10.1102 -0.276477 -0.0547828 0
0 0 10.1338 -0.276695 -0.0543856 0
0 0 10.1441 -0.276198 -0.0547767 0
0 0 10.1474 -0.275996 -0.0546524 0
0 0 10.1424 -0.27586 -0.0537996 0
0 0 10.1286 -0.274935 -0.0530112 0
0 0 10.0561 -0.273032 -0.0519486 0
0 0 10.01 -0.271973 -0.0510165 0
0 0 9.90766 -0.269153 0 0
0 0 9.82869 -0.26723 0 0
0 0 9.75057 -0.265621 0 0
0 0 9.71255 -0.264707 -0.0508275 0
0 0 9.70503 -0.263952 -0.0532276 0
0 0 9.71026 -0.26395 -0.0545819 0
0 0 9.73066 -0.264956 -0.0566862 0
0 0 9.74469 -0.265336 -0.0571878 0
0 0 9.76399 -0.265893 -0.057615 0
0 0 9.77593 -0.266342 -0.0572227 0
0 0 9.84819 -0.269346 -0.0549977 0
0 0 9.90987 -0.270601 -0.0552403 0
0 0 9.93915 -0.27115 -0.055628 0
0 0 10.0155 -0.272982 -0.0569737 0
0 0 10.0896 -0.274446 -0.0581214 0
0 0 10.1276 -0.275118 -0.0596998 0
0 0 10.1439 -0.275057 -0.0608731 0
0 0 10.1538 -0.275157 -0.0607103 0
0 0 10.1539 -0.274778 -0.0598476 0
0 0 10.1541 -0.274311 -0.0596691 0
0 0 10.1496 -0.274149 -0.0601542 0
0 0 10.1435 -0.273319 -0.060387 0
0 0 10.1345 -0.272745 -0.0609585 0
0 0 10.1455 -0.272875 -0.0622447 0
0 0 10.1386 -0.2728 -0.0629297 0
0 0 10.1144 -0.272129 -0.0633553 0
0 0 10.122 -0.272284 -0.0638467 0
0 0 10.123 -0.272064 -0.0651414 0
0 0 10.1103 -0.271708 -0.0650535 0
0 0 10.0851 -0.270971 -0.0645315 0
0 0 10.1107 -0.270999 -0.06566 0
0 0 10.1052 -0.27064 -0.06559 0
0 0 10.086 -0.26999 -0.0644655 0
0 0 10.093 -0.270135 -0.0640041 0
0 0 10.0948 -0.270456 -0.0643336 0
0 0 10.086 -0.27079 -0.0642636 0
0 0 10.0641 -0.271021 -0.0630701 0
0 0 10.0622 -0.27135 -0.0627107 0
0 0 10.0664 -0.27166 -0.0620485 0
0 0 10.0637 -0.272126 -0.0617173 0
0 0 10.0839 -0.272413 -0.0620832 0
0 0 10.1259 -0.272747 -0.0626149 0
0 0 10.171 -0.273802 -0.0634066 0
0 0 10.178 -0.274751 -0.0635834 0
0 0 10.1789 -0.274756 -0.0635119 0
0 0 10.172 -0.274249 -0.0628945 0
0 0 10.1623 -0.274053 -0.062307 0
0 0 10.1476 -0.273995 -0.0616714 0
0 0 10.0899 -0.273337 -0.0601799 0
0 0 10.0391 -0.271935 -0.0586682 0
0 0 10.0037 -0.271134 -0.0578844 0
0 0 10.0041 -0.271462 -0.0581794 0
0 0 10.0085 -0.272018 -0.0589189 0
0 0 10.0136 -0.272116 -0.059426 0
0 0 10.0169 -0.272333 -0.0594368 0
0 0 10.0049 -0.272935 -0.059303 0
0 0 9.99449 -0.272897 -0.0590602 0
0 0 9.93042 -0.270952 -0.0569578 0
0 0 9.88146 -0.26988 -0.0550524 0
0 0 9.86972 -0.269818 -0.0546385 0
0 0 9.86119 -0.269831 -0.0544668 0
0 0 9.86571 -0.269763 -0.0546255 0
0 0 9.89238 -0.26956 -0.0549117 0
0 0 9.91517 -0.26998 -0.0552969 0
0 0 9.94132 -0.270625 -0.0558018 0
0 0 9.97214 -0.271063 -0.0575005 0
0 0 9.98545 -0.271162 -0.0584972 0
0 0 9.96821 -0.270699 -0.0586648 0
0 0 9.94563 -0.270627 -0.058356 0
0 0 9.92241 -0.270185 -0.0586573 0
0 0 9.87303 -0.269064 -0.0580502 0
0 0 9.83638 -0.267555 -0.057549 0
0 0 9.81331 -0.266417 -0.0581034 0
0 0 9.78895 -0.265313 -0.0585389 0
0 0 9.76738 -0.264568 -0.0590298 0
0 0 9.76498 -0.264191 -0.0601106 0
0 0 9.74876 -0.263687 -0.0604055 0
0 0 9.71559 -0.263431 -0.0595891 0
0 0 9.70711 -0.263481 -0.0590141 0
0 0 9.71693 -0.263335 -0.0598008 0
0 0 9.73092 -0.263088 -0.061026 0
0 0 9.74159 -0.26224 -0.0623921 0
0 0 9.74861 -0.261357 -0.063648 0
0 0 9.76083 -0.260837 -0.0643489 0
0 0 9.78143 -0.261833 -0.0640025 0
0 0 9.8055 -0.262918 -0.0628363 0
0 0 9.82616 -0.264176 -0.0611158 0
0 0 9.87838 -0.266258 -0.0607515 0
0 0 9.91049 -0.267192 -0.061022 0
0 0 9.96773 -0.268543 -0.0622549 0
0 0 9.95852 -0.268318 -0.0625632 0
0 0 9.94246 -0.268008 -0.0626941 0
0 0 9.94987 -0.268357 -0.0641489 0
0 0 9.96621 -0.268128 -0.06478 0
0 0 9.97234 -0.267958 -0.0653149 0
0 0 9.96954 -0.267848 -0.065483 0
0 0 9.98141 -0.268127 -0.065415 0
0 0 10.0148 -0.268655 -0.0651199 0
0 0 10.0053 -0.269116 -0.0643398 0
0 0 10.0034 -0.269552 -0.0638765 0
0 0 10.0396 -0.269718 -0.0646638 0
0 0 10.0781 -0.269721 -0.0661616 0
0 0 10.107 -0.269896 -0.0672509 0
0 0 10.1368 -0.269862 -0.0679372 0
0 0 10.1662 -0.270235 -0.068562 0
0 0 10.1781 -0.270747 -0.0685543 0
0 0 10.1813 -0.270737 -0.0685898 0
0 0 10.1794 -0.26995 -0.0687759 0
0 0 10.167 -0.269224 -0.0687833 0
0 0 10.1485 -0.26904 -0.0690014 0
0 0 10.1804 -0.26938 -0.0697023 0
0 0 10.2138 -0.269995 -0.0697928 0
0 0 10.2204 -0.270648 -0.0690052 0
0 0 10.2135 -0.27096 -0.0686807 0
0 0 10.2154 -0.271768 -0.0683416 0
0 0 10.2063 -0.271648 -0.067443 0
0 0 10.1757 -0.271166 -0.0663079 0
0 0 10.1633 -0.271099 -0.0660274 0
0 0 10.1443 -0.270964 -0.0660748 0
0 0 10.132 -0.270984 -0.0653851 0
0 0 10.1099 -0.270693 -0.0652361 0
0 0 10.0999 -0.270575 -0.0654528 0
0 0 10.0598 -0.269612 -0.0657506 0
0 0 10.0459 -0.269047 -0.0649702 0
0 0 10.0236 -0.268751 -0.0641046 0
0 0 10.0075 -0.268574 -0.0633267 0
0 0 9.98416 -0.268673 -0.062219 0
0 0 9.97789 -0.26909 -0.0613426 0
0 0 9.9678 -0.269651 -0.0604485 0
0 0 9.96706 -0.270162 -0.0593905 0
0 0 9.97707 -0.270429 -0.0588441 0
0 0 9.97481 -0.270316 -0.0584427 0
0 0 9.95266 -0.269966 -0.0572183 0
0 0 9.93504 -0.269844 -0.0568533 0
0 0 9.90932 -0.269629 -0.0567486 0
0 0 9.89759 -0.269181 -0.0569568 0
0 0 9.90979 -0.269105 -0.0575379 0
0 0 9.91935 -0.269256 -0.0577836 0
0 0 9.92988 -0.269295 -0.0586379 0
0 0 9.91698 -0.269109 -0.0585879 0
0 0 9.91643 -0.269167 -0.0588075 0
0 0 9.91231 -0.269285 -0.0587882 0
0 0 9.90857 -0.26967 -0.0587817 0
0 0 9.88291 -0.269489 -0.0576869 0
0 0 9.88441 -0.269649 -0.0568628 0
0 0 9.89557 -0.269562 -0.0569912 0
0 0 9.87403 -0.268745 -0.0568567 0
0 0 9.82566 -0.267916 -0.0556515 0
0 0 9.81033 -0.267618 -0.0551596 0
0 0 9.80202 -0.267214 -0.0550614 0
0 0 9.79519 -0.266857 -0.0549542 0
0 0 9.78076 -0.265816 -0.0546926 0
0 0 9.79791 -0.265814 -0.0548023 0
0 0 9.83709 -0.266518 -0.0556966 0
0 0 9.88126 -0.26651 -0.0578249 0
0 0 9.93543 -0.266946 -0.0605684 0
0 0 9.97785 -0.267506 -0.0621294 0
0 0 10.0098 -0.268101 -0.0638062 0
0 0 10.0413 -0.268449 -0.06602 0
0 0 10.0503 -0.268527 -0.066271 0
0 0 10.0777 -0.268544 -0.0665178 0
0 0 10.0843 -0.267861 -0.0668211 0
0 0 10.0752 -0.267665 -0.0675984 0
0 0 10.0955 -0.267956 -0.0679542 0
0 0 10.1227 -0.268366 -0.0685531 0
0 0 10.139 -0.268554 -0.0690164 0
0 0 10.1237 -0.268336 -0.0689626 0
0 0 10.1203 -0.268646 -0.0694174 0
0 0 10.1464 -0.269029 -0.0704283 0
0 0 10.1215 -0.268401 -0.0702443 0
0 0 10.0725 -0.267332 -0.069129 0
0 0 10.0373 -0.266991 -0.0684989 0
0 0 10.0554 -0.267426 -0.068841 0
0 0 10.0605 -0.267269 -0.068846 0
0 0 10.0598 -0.267068 -0.068899 0
0 0 10.0716 -0.267447 -0.0692966 0
0 0 10.0829 -0.26822 -0.069615 0
0 0 10.0965 -0.268529 -0.070145 0
0 0 10.0905 -0.268691 -0.0700927 0
0 0 10.0603 -0.268968 -0.0692032 0
0 0 10.0459 -0.268971 -0.0687904 0
0 0 10.0312 -0.268691 -0.0685437 0
0 0 10.0276 -0.268969 -0.0683104 0
0 0 9.9963 -0.268434 -0.0674076 0
0 0 10.0035 -0.267733 -0.0679041 0
0 0 10.0423 -0.268003 -0.0689484 0
0 0 10.0528 -0.268005 -0.0689603 0
0 0 10.0513 -0.267313 -0.0693621 0
0 0 10.0821 -0.267059 -0.0710028 0
0 0 10.0987 -0.267264 -0.0722401 0
0 0 10.0669 -0.267296 -0.0712238 0
0 0 10.034 -0.266945 -0.0703617 0
0 0 10.0301 -0.266719 -0.0704468 0
0 0 10.0267 -0.26625 -0.0704168 0
0 0 10.0449 -0.266771 -0.0703248 0
0 0 10.0845 -0.267539 -0.0709643 0
0 0 10.1471 -0.268094 -0.0725487 0
0 0 10.1825 -0.268421 -0.0733803 0
0 0 10.1878 -0.26858 -0.0735641 0
0 0 10.1864 -0.268938 -0.0739646 0
0 0 10.1819 -0.268468 -0.0743763 0
0 0 10.1566 -0.26747 -0.0740377 0
0 0 10.131 -0.266971 -0.0733988 0
0 0 10.1063 -0.266586 -0.0728107 0
0 0 10.0856 -0.266112 -0.0717393 0
0 0 10.0935 -0.26573 -0.0708048 0
0 0 10.0892 -0.265275 -0.0696101 0
0 0 10.0813 -0.264951 -0.0686857 0
0 0 10.0835 -0.265265 -0.0685626 0
0 0 10.1046 -0.266002 -0.0686677 0
0 0 10.1215 -0.26676 -0.068947 0
0 0 10.1234 -0.267436 -0.0690668 0
0 0 10.1109 -0.267926 -0.0689138 0
0 0 10.1105 -0.268809 -0.068484 0
0 0 10.1092 -0.269115 -0.067664 0
0 0 10.0872 -0.268833 -0.0665315 0
0 0 10.079 -0.269158 -0.0651321 0
0 0 10.0916 -0.269938 -0.064074 0
0 0 10.1124 -0.270698 -0.0636254 0
0 0 10.1101 -0.270669 -0.0631779 0
0 0 10.14 -0.271366 -0.0632715 0
0 0 10.1749 -0.271985 -0.0636322 0
0 0 10.1732 -0.271713 -0.0632969 0
0 0 10.1454 -0.271027 -0.0622192 0
0 0 10.115 -0.270492 -0.0607131 0
0 0 10.0983 -0.270276 -0.0598728 0
0 0 10.02 -0.269741 -0.0565981 0
0 0 9.96812 -0.268951 -0.0550506 0
0 0 9.93514 -0.268412 -0.054191 0
0 0 9.91281 -0.268053 -0.0535731 0
0 0 9.90713 -0.267653 -0.0542224 0
0 0 9.91691 -0.266923 -0.0556924 0
0 0 9.89825 -0.26625 -0.0561977 0
0 0 9.86142 -0.265726 -0.0554863 0
0 0 9.84846 -0.26553 -0.0553055 0
0 0 9.83759 -0.265448 -0.0552082 0
0 0 9.78975 -0.265244 -0.0540505 0
0 0 9.74141 -0.265234 -0.0532747 0
0 0 9.74915 -0.265701 -0.0540691 0
0 0 9.78491 -0.26611 -0.05593 0
0 0 9.82145 -0.266636 -0.0576149 0
0 0 9.8948 -0.267339 -0.0594147 0
0 0 9.97203 -0.267723 -0.0609886 0
0 0 10.0317 -0.267914 -0.0619627 0
0 0 10.0568 -0.268894 -0.0616332 0
0 0 10.0397 -0.269294 -0.0607772 0
0 0 9.98478 -0.268754 -0.0595435 0
0 0 9.92745 -0.268221 -0.0585216 0
0 0 9.8675 -0.267738 -0.0567701 0
0 0 9.79728 -0.2665 -0.0560099 0
0 0 9.78012 -0.265297 -0.0566883 0
0 0 9.79489 -0.264904 -0.0580174 0
0 0 9.8275 -0.265064 -0.0586213 0
0 0 9.83904 -0.265083 -0.0586207 0
0 0 9.94736 -0.266128 -0.0605024 0
0 0 9.99647 -0.266726 -0.0612379 0
0 0 10.0389 -0.267639 -0.0617545 0
0 0 10.0576 -0.268276 -0.0618041 0
0 0 10.0448 -0.267894 -0.0626064 0
0 0 10.0219 -0.267864 -0.063013 0
0 0 9.97245 -0.26718 -0.0625674 0
0 0 9.95731 -0.266237 -0.0624868 0
0 0 9.95013 -0.265821 -0.0626075 0
0 0 9.93571 -0.266 -0.0631171 0
0 0 9.94914 -0.266415 -0.0636143 0
0 0 9.9869 -0.266264 -0.0657228 0
0 0 9.99955 -0.266247 -0.0664611 0
0 0 10.0118 -0.266355 -0.0679069 0
0 0 10.0508 -0.265831 -0.0699715 0
0 0 10.0649 -0.265564 -0.0703094 0
0 0 10.0637 -0.265909 -0.0698343 0
0 0 10.0688 -0.266531 -0.0697493 0
0 0 10.0716 -0.26685 -0.069719 0
0 0 10.0772 -0.268237 -0.068511 0
0 0 10.0662 -0.268517 -0.0682366 0
0 0 10.0505 -0.26819 -0.068524 0
0 0 10.0526 -0.267853 -0.0690056 0
0 0 10.0567 -0.267487 -0.0693902 0
0 0 10.0615 -0.267325 -0.0694632 0
0 0 10.056 -0.267418 -0.0692097 0
0 0 10.0594 -0.26679 -0.069664 0
0 0 10.0776 -0.266827 -0.0697552 0
0 0 10.0864 -0.267016 -0.0695491 0
0 0 10.0819 -0.266925 -0.0693325 0
0 0 10.0718 -0.266647 -0.0690091 0
0 0 10.0592 -0.266164 -0.0687314 0
0 0 10.0563 -0.265662 -0.0686517 0
0 0 10.0632 -0.265112 -0.0685596 0
0 0 10.0647 -0.265014 -0.068391 0
0 0 10.0683 -0.264932 -0.0684486 0
0 0 10.0609 -0.264417 -0.0682153 0
0 0 10.0569 -0.264657 -0.0679075 0
0 0 10.0611 -0.265692 -0.0679432 0
0 0 10.054 -0.266081 -0.0676773 0
0 0 10.0549 -0.266382 -0.067773 0
0 0 10.0303 -0.267196 -0.0667513 0
0 0 10.0222 -0.266934 -0.0669185 0
0 0 10.0145 -0.266759 -0.0669971 0
0 0 10.0007 -0.266335 -0.0669384 0
0 0 9.98433 -0.265924 -0.0662251 0
0 0 9.98176 -0.265729 -0.0661572 0
0 0 9.97184 -0.264981 -0.0659468 0
0 0 9.97976 -0.265476 -0.0653428 0
0 0 9.98463 -0.265385 -0.0652125 0
0 0 9.99113 -0.265365 -0.0655495 0
0 0 9.98463 -0.265338 -0.0658527 0
0 0 9.9944 -0.265684 -0.0662976 0
0 0 10.0028 -0.265744 -0.066796 0
0 0 10.011 -0.265955 -0.0669844 0
0 0 10.0205 -0.266197 -0.0672516 0
0 0 10.0275 -0.266484 -0.0667831 0
0 0 10.0316 -0.266483 -0.0666898 0
0 0 9.99496 -0.265908 -0.0663779 0
0 0 9.98314 -0.265571 -0.0666892 0
0 0 9.98858 -0.265841 -0.0666922 0
0 0 10.0057 -0.266274 -0.0670617 0
0 0 10.0247 -0.266676 -0.0677574 0
0 0 10.0613 -0.267273 -0.0685835 0
0 0 10.1084 -0.267993 -0.0687958 0
0 0 10.1594 -0.268015 -0.0699771 0
0 0 10.1755 -0.267404 -0.0707924 0
0 0 10.1529 -0.266949 -0.0702495 0
0 0 10.0957 -0.266112 -0.0682864 0
0 0 10.0635 -0.265951 -0.0669973 0
0 0 10.0658 -0.266779 -0.0662655 0
0 0 10.071 -0.267489 -0.0657949 0
0 0 10.0634 -0.267474 -0.0657491 0
0 0 10.0593 -0.267136 -0.0658504 0
0 0 10.0473 -0.266827 -0.0660866 0
0 0 10.0022 -0.265872 -0.0657829 0
0 0 9.94413 -0.265333 -0.0638879 0
0 0 9.92354 -0.265388 -0.0626715 0
0 0 9.9248 -0.26599 -0.0619911 0
0 0 9.94546 -0.266421 -0.0622886 0
0 0 9.98109 -0.267047 -0.0634344 0
0 0 10.0205 -0.267039 -0.0651103 0
0 0 10.044 -0.266953 -0.0665241 0
0 0 10.0377 -0.266743 -0.0663492 0
0 0 10.0389 -0.266683 -0.0664071 0
0 0 10.0315 -0.266694 -0.0653716 0
0 0 10.005 -0.266844 -0.0642807 0
0 0 9.98955 -0.266908 -0.0637306 0
0 0 9.95381 -0.266732 -0.0623152 0
0 0 9.93972 -0.265974 -0.0625215 0
0 0 9.90803 -0.265471 -0.06254 0
0 0 9.92506 -0.265407 -0.0632299 0
0 0 9.96112 -0.265412 -0.0635632 0
0 0 9.98941 -0.26534 -0.0641961 0
0 0 10.0123 -0.265407 -0.0646039 0
0 0 10.0554 -0.265618 -0.065545 0
0 0 10.0621 -0.265243 -0.0660315 0
0 0 10.0436 -0.264569 -0.0660907 0
0 0 10.0382 -0.264764 -0.0660931 0
0 0 10.051 -0.265803 -0.0663385 0
0 0 10.0527 -0.266382 -0.0663743 0
0 0 10.0433 -0.266403 -0.0656118 0
0 0 10.0432 -0.266584 -0.0650462 0
0 0 10.0589 -0.266383 -0.0650134 0
0 0 10.0649 -0.266095 -0.06501 0
0 0 10.0705 -0.265858 -0.0649626 0
0 0 10.085 -0.265912 -0.0646469 0
0 0 10.103 -0.266431 -0.0643474 0
0 0 10.128 -0.26692 -0.0644221 0
0 0 10.1207 -0.26759 -0.064338 0
0 0 10.0971 -0.268135 -0.0641726 0
0 0 10.0683 -0.267907 -0.0635706 0
0 0 10.0305 -0.267567 -0.0629302 0
0 0 10.0175 -0.267498 -0.0632446 0
0 0 10.0131 -0.267294 -0.0636752 0
0 0 10.0546 -0.267663 -0.0649258 0
0 0 10.0727 -0.268177 -0.0654723 0
0 0 10.105 -0.268748 -0.0664252 0
0 0 10.1169 -0.269147 -0.067039 0
0 0 10.1197 -0.269739 -0.0665243 0
0 0 10.1086 -0.26986 -0.065325 0
0 0 10.1065 -0.269725 -0.0650727 0
0 0 10.1127 -0.26969 -0.0649754 0
0 0 10.1113 -0.269519 -0.0649947 0
0 0 10.1083 -0.269281 -0.065016 0
0 0 10.0904 -0.26824 -0.0649467 0
0 0 10.0769 -0.267666 -0.0645866 0
0 0 10.0824 -0.267968 -0.0642483 0
0 0 10.0693 -0.2682 -0.0641033 0
0 0 10.0596 -0.268432 -0.0638385 0
0 0 10.0668 -0.268583 -0.063817 0
0 0 10.0881 -0.269043 -0.0635362 0
0 0 10.0986 -0.269181 -0.0637813 0
0 0 10.1103 -0.268812 -0.0649618 0
0 0 10.1398 -0.268641 -0.0656756 0
0 0 10.1423 -0.268506 -0.0656334 0
0 0 10.0606 -0.267905 -0.063065 0
0 0 10.0442 -0.268294 -0.0613765 0
0 0 10.0324 -0.268853 -0.0595898 0
0 0 10.0014 -0.269172 -0.0577387 0
0 0 9.98418 -0.269879 -0.0562775 0
0 0 10.0089 -0.270764 -0.0566241 0
0 0 10.0293 -0.270834 -0.0578716 0
0 0 10.0305 -0.270662 -0.0584124 0
0 0 10.0426 -0.270615 -0.0593232 0
0 0 10.0596 -0.270724 -0.060955 0
0 0 10.0643 -0.270769 -0.06108 0
0 0 10.0736 -0.270978 -0.0609128 0
0 0 10.0847 -0.271532 -0.0603769 0
0 0 10.0776 -0.271492 -0.0599022 0
0 0 10.0517 -0.270793 -0.0589043 0
0 0 10.0423 -0.270657 -0.0586025 0
0 0 10.0275 -0.270293 -0.058952 0
0 0 10.0101 -0.270019 -0.0592052 0
0 0 10.0066 -0.270066 -0.0592043 0
0 0 10.0019 -0.270247 -0.058759 0
0 0 9.9759 -0.269928 -0.0578442 0
0 0 9.96813 -0.269657 -0.0574742 0
0 0 9.96411 -0.269605 -0.0564825 0
0 0 9.97103 -0.269442 -0.0561797 0
0 0 10.0025 -0.269359 -0.0570257 0
0 0 10.0425 -0.269733 -0.058307 0
0 0 10.0683 -0.270606 -0.0587407 0
0 0 10.0794 -0.271267 -0.0592523 0
0 0 10.0721 -0.271372 -0.0599215 0
0 0 10.0494 -0.27151 -0.0596036 0
0 0 10.0402 -0.272211 -0.0584904 0
0 0 10.0298 -0.272369 -0.0566948 0
0 0 10.0352 -0.272456 -0.0564889 0
0 0 10.0364 -0.2726 -0.0558505 0
0 0 10.0541 -0.272652 -0.0552759 0
0 0 10.0465 -0.272222 -0.0550099 0
0 0 10.0306 -0.272044 -0.0549129 0
0 0 10.0185 -0.2719 -0.0538162 0
0 0 10.0227 -0.27198 -0.0531853 0
0 0 10.0235 -0.272356 -0.0531244 0
0 0 10.0227 -0.272979 -0.0531238 0
0 0 10.0244 -0.27284 -0.0532701 0
0 0 10.0114 -0.273233 -0.0530107 0
0 0 9.99404 -0.273316 -0.0526034 0
0 0 9.97081 -0.272768 -0.0517114 0
0 0 9.97219 -0.272472 -0.0512755 0
0 0 9.9526 -0.272386 -0.0507458 0
0 0 9.95816 -0.272356 -0.0509052 0
0 0 9.98254 -0.272593 -0.0517365 0
0 0 9.99494 -0.272954 -0.0522515 0
0 0 9.98971 -0.273306 -0.0533438 0
0 0 9.97764 -0.273339 -0.0536015 0
0 0 9.97707 -0.273497 -0.0537623 0
0 0 9.99342 -0.273279 -0.0540278 0
0 0 9.98345 -0.272394 -0.0542798 0
0 0 9.97463 -0.271915 -0.0547681 0
0 0 9.9791 -0.271564 -0.0557094 0
0 0 9.98719 -0.271097 -0.056217 0
0 0 9.98001 -0.27074 -0.0565865 0
0 0 9.96285 -0.270417 -0.056032 0
0 0 9.96141 -0.270407 -0.0555941 0
0 0 9.95916 -0.270125 -0.0544223 0
0 0 9.95727 -0.270237 -0.0537373 0
0 0 9.95673 -0.270575 -0.0531486 0
0 0 9.96773 -0.271099 -0.0525883 0
0 0 9.99089 -0.271813 -0.0531381 0
0 0 9.99378 -0.272137 -0.0533603 0
0 0 9.98597 -0.272219 -0.0532069 0
0 0 9.96778 -0.272416 -0.0527498 0
0 0 9.9818 -0.272689 -0.0534577 0
0 0 9.98534 -0.272429 -0.0539419 0
0 0 9.97067 -0.272584 -0.0537376 0
0 0 9.96492 -0.272244 -0.0538957 0
0 0 9.9702 -0.271887 -0.0545588 0
0 0 9.96399 -0.271714 -0.0546853 0
0 0 9.94735 -0.271297 -0.0545839 0
0 0 9.92684 -0.270702 -0.0541292 0
0 0 9.92261 -0.270417 -0.0539785 0
0 0 9.913 -0.269678 -0.0538172 0
0 0 9.91694 -0.269816 -0.0535848 0
0 0 9.93721 -0.270406 -0.053824 0
0 0 9.96512 -0.27137 -0.0539801 0
0 0 9.96352 -0.271779 -0.0531839 0
0 0 9.957 -0.271889 -0.0526061 0
0 0 9.93096 -0.271685 -0.0520055 0
0 0 9.89206 -0.270892 -0.0518959 0
0 0 9.85499 -0.269729 -0.0511872 0
0 0 9.85409 -0.26972 -0.051903 0
0 0 9.8909 -0.270545 -0.0534879 0
0 0 9.91698 -0.270842 -0.054124 0
0 0 9.96547 -0.270415 -0.055302 0
0 0 9.98801 -0.270302 -0.0557906 0
0 0 9.99295 -0.270307 -0.0561471 0
0 0 9.98074 -0.269014 -0.0565285 0
0 0 9.91751 -0.267193 -0.0557584 0
0 0 9.87586 -0.266272 -0.0554252 0
0 0 9.79754 -0.264696 -0.0552432 0
0 0 9.73521 -0.263336 -0.054969 0
0 0 9.66624 -0.262362 -0.0542238 0
0 0 9.61933 -0.261755 -0.0542227 0
0 0 9.65582 -0.262184 -0.0562216 0
0 0 9.70712 -0.262797 -0.0587628 0
0 0 9.75272 -0.263334 -0.0607202 0
0 0 9.78936 -0.26327 -0.0624283 0
0 0 9.82133 -0.263014 -0.0640723 0
0 0 9.85204 -0.263073 -0.0654624 0
0 0 9.85737 -0.26336 -0.0655206 0
0 0 9.88954 -0.263971 -0.0658611 0
0 0 9.95025 -0.264829 -0.0668223 0
0 0 10.0146 -0.265742 -0.0679161 0
0 0 10.0559 -0.266441 -0.0686492 0
0 0 10.0715 -0.266906 -0.0684179 0
0 0 10.1133 -0.268112 -0.0677441 0
0 0 10.1077 -0.268686 -0.0668732 0
0 0 10.1022 -0.26882 -0.0664395 0
0 0 10.1032 -0.269077 -0.0660799 0
0 0 10.1041 -0.269424 -0.0661452 0
0 0 10.1035 -0.269392 -0.0664455 0
0 0 10.1058 -0.269233 -0.0663289 0
0 0 10.1324 -0.26983 -0.0669943 0
0 0 10.155 -0.270487 -0.0673539 0
0 0 10.1925 -0.271729 -0.0671308 0
0 0 10.2062 -0.272308 -0.0669338 0
0 0 10.2097 -0.27258 -0.0669206 0
0 0 10.1777 -0.271911 -0.0663832 0
0 0 10.1424 -0.271483 -0.0657133 0
0 0 10.1227 -0.270943 -0.0654028 0
0 0 10.1253 -0.270382 -0.0651432 0
0 0 10.1166 -0.270065 -0.0643621 0
0 0 10.1334 -0.270457 -0.0641282 0
0 0 10.1427 -0.270717 -0.0638236 0
0 0 10.1623 -0.270632 -0.0634512 0
0 0 10.179 -0.2709 -0.0628928 0
0 0 10.1845 -0.27161 -0.0625459 0
0 0 10.1857 -0.271873 -0.0621228 0
0 0 10.1721 -0.271889 -0.0614269 0
0 0 10.1476 -0.27186 -0.060377 0
0 0 10.1001 -0.272072 -0.0573054 0
0 0 10.0688 -0.272584 -0.0543874 0
0 0 10.0575 -0.272449 -0.0537427 0
0 0 10.0339 -0.272326 -0.0529405 0
0 0 10.005 -0.271817 -0.0529816 0
0 0 9.98696 -0.271524 -0.0534871 0
0 0 9.97523 -0.271434 -0.0537177 0
0 0 9.96092 -0.271322 -0.0545404 0
0 0 9.96074 -0.271384 -0.0545688 0
0 0 9.93994 -0.271224 -0.0538854 0
0 0 9.9401 -0.270991 -0.0540565 0
0 0 9.9363 -0.270174 -0.0545942 0
0 0 9.90895 -0.269025 -0.0542073 0
0 0 9.87587 -0.26777 -0.0534461 0
0 0 9.85919 -0.267009 -0.0533092 0
0 0 9.86281 -0.267312 -0.0532718 0
0 0 9.85252 -0.268064 -0.0523895 0
0 0 9.8539 -0.268284 -0.0525074 0
0 0 9.86915 -0.268728 -0.0532282 0
0 0 9.8731 -0.268545 -0.0539219 0
0 0 9.8781 -0.267656 -0.0546201 0
0 0 9.8732 -0.267219 -0.0546568 0
0 0 9.89064 -0.267665 -0.0557585 0
0 0 9.89283 -0.267626 -0.0562254 0
0 0 9.873 -0.267873 -0.0561168 0
0 0 9.84547 -0.268073 -0.0554451 0
0 0 9.83609 -0.268014 -0.0552468 0
0 0 9.84652 -0.267898 -0.0556236 0
0 0 9.8602 -0.267504 -0.0563033 0
0 0 9.87965 -0.26606 -0.0578996 0
0 0 9.88483 -0.265609 -0.0585376 0
0 0 9.88975 -0.264703 -0.0601992 0
0 0 9.90326 -0.263922 -0.063199 0
0 0 9.89465 -0.263341 -0.0647542 0
0 0 9.87012 -0.262578 -0.065699 0
0 0 9.86112 -0.262277 -0.0661786 0
0 0 9.85898 -0.261435 -0.0668844 0
0 0 9.85266 -0.2611 -0.0670162 0
0 0 9.83877 -0.260826 -0.0669144 0
0 0 9.85822 -0.26148 -0.0675802 0
0 0 9.85957 -0.261858 -0.0673635 0
0 0 9.87312 -0.262212 -0.0676722 0
0 0 9.90056 -0.262701 -0.0683581 0
0 0 9.93295 -0.262882 -0.0688022 0
0 0 9.95076 -0.262779 -0.0689995 0
0 0 9.9622 -0.262956 -0.0692384 0
0 0 9.96649 -0.262886 -0.0698327 0
0 0 9.9847 -0.263102 -0.0700349 0
0 0 9.98553 -0.26297 -0.0699503 0
0 0 9.95696 -0.262854 -0.0695381 0
0 0 9.94549 -0.262485 -0.0696569 0
0 0 9.95496 -0.262247 -0.0700396 0
0 0 9.95877 -0.262197 -0.0702271 0
0 0 9.95866 -0.261846 -0.0714364 0
0 0 9.98768 -0.262099 -0.0736093 0
0 0 10.0357 -0.26312 -0.0760861 0
0 0 10.0721 -0.263663 -0.0776769 0
0 0 10.1244 -0.264897 -0.0792933 0
0 0 10.216 -0.267397 -0.080727 0
0 0 10.3339 -0.269773 -0.0820221 0
0 0 10.4385 -0.272178 -0.08208 0
0 0 10.5126 -0.274852 -0.0802468 0
0 0 10.6145 -0.277928 -0.0790698 0
0 0 10.65 -0.278843 -0.0772488 0
0 0 10.5741 -0.277788 -0.0739779 0
0 0 10.4504 -0.276185 -0.0700748 0
0 0 10.3109 -0.273434 -0.0667788 0
0 0 10.1526 -0.270075 -0.0638497 0
0 0 9.99378 -0.266692 -0.0617909 0
0 0 9.86697 -0.263693 -0.0607173 0
0 0 9.77002 -0.261714 -0.0596569 0
0 0 9.72364 -0.260625 -0.0593287 0
0 0 9.73704 -0.26033 -0.060675 0
0 0 9.74439 -0.260478 -0.0616547 0
0 0 9.75208 -0.260968 -0.0617528 0
0 0 9.77188 -0.261867 -0.0618663 0
0 0 9.8433 -0.263426 -0.0626109 0
0 0 9.82823 -0.262698 -0.0618537 0
0 0 9.83073 -0.263014 -0.0603439 0
0 0 9.84102 -0.263343 -0.058969 0
0 0 9.86085 -0.264659 -0.056679 0
0 0 9.87877 -0.265677 -0.0546852 0
0 0 9.88475 -0.267295 -0.052973 0
0 0 9.94547 -0.269523 -0.0530477 0
0 0 9.96033 -0.269928 -0.0527453 0
0 0 10.0396 -0.271627 -0.0537427 0
0 0 10.1068 -0.272671 -0.055714 0
0 0 10.1325 -0.273208 -0.0565504 0
0 0 10.1405 -0.273485 -0.0567108 0
0 0 10.148 -0.274354 -0.0565554 0
0 0 10.1465 -0.274759 -0.0568234 0
0 0 10.0984 -0.274551 -0.056029 0
0 0 10.0659 -0.274751 -0.0553234 0
0 0 10.0721 -0.275041 -0.055829 0
0 0 10.0712 -0.274766 -0.0558242 0
0 0 10.0643 -0.274729 -0.0553537 0
0 0 10.076 -0.27509 -0.0549465 0
0 0 10.0959 -0.27497 -0.055232 0
0 0 10.0898 -0.274686 -0.0544137 0
0 0 10.0798 -0.274646 -0.054052 0
0 0 10.0779 -0.274672 -0.0548495 0
0 0 10.0857 -0.274722 -0.0556025 0
0 0 10.0868 -0.274719 -0.0569153 0
0 0 10.1001 -0.274628 -0.0574053 0
0 0 10.1287 -0.274642 -0.0581717 0
0 0 10.1393 -0.274465 -0.0582941 0
0 0 10.1257 -0.274072 -0.0576624 0
0 0 10.1114 -0.273224 -0.0571263 0
0 0 10.1022 -0.272477 -0.0569851 0
0 0 10.1058 -0.27242 -0.0571873 0
0 0 10.1068 -0.272348 -0.057418 0
0 0 10.1066 -0.272589 -0.0571538 0
0 0 10.0853 -0.272274 -0.0560288 0
0 0 10.0672 -0.272247 -0.0550198 0
0 0 10.0637 -0.272175 -0.0549357 0
0 0 10.0589 -0.272086 -0.0554323 0
0 0 10.0501 -0.271607 -0.0561683 0
0 0 10.0277 -0.271226 -0.0563343 0
0 0 9.98992 -0.27081 -0.0560477 0
0 0 9.94771 -0.27103 -0.0554073 0
0 0 9.92555 -0.271143 -0.0548809 0
0 0 9.87915 -0.271043 -0.0524372 0
0 0 9.87368 -0.270963 -0.0523651 0
0 0 9.87888 -0.270915 -0.0527197 0
0 0 9.91647 -0.271458 -0.0533387 0
0 0 9.93454 -0.271667 -0.0536899 0
0 0 9.96663 -0.2716 -0.0541962 0
0 0 9.98333 -0.271515 -0.0550888 0
0 0 10.0462 -0.272288 -0.0562814 0
0 0 10.0707 -0.272651 -0.0568112 0
0 0 10.1039 -0.272456 -0.0580246 0
0 0 10.0994 -0.272333 -0.0588789 0
0 0 10.0723 -0.272261 -0.0584991 0
0 0 10.0356 -0.272052 -0.0566023 0
0 0 9.93656 -0.270925 -0.0544638 0
0 0 9.90447 -0.270809 -0.0538383 0
0 0 9.86239 -0.271158 -0.0521131 0
0 0 9.89495 -0.27268 -0.0518481 0
0 0 9.94553 -0.273618 -0.0535792 0
0 0 9.97866 -0.27418 -0.0542892 0
0 0 10.055 -0.275102 -0.0555028 0
0 0 10.1246 -0.275014 -0.0570505 0
0 0 10.1751 -0.274506 -0.0588199 0
0 0 10.1923 -0.273826 -0.059654 0
0 0 10.1878 -0.27308 -0.0594021 0
0 0 10.1645 -0.272715 -0.0590296 0
0 0 10.1623 -0.272699 -0.059023 0
0 0 10.1661 -0.27271 -0.0591685 0
0 0 10.1597 -0.272797 -0.0597197 0
0 0 10.1598 -0.272751 -0.0598215 0
0 0 10.1461 -0.272848 -0.0597262 0
0 0 10.1392 -0.272827 -0.059746 0
0 0 10.1221 -0.272924 -0.059224 0
0 0 10.1141 -0.273153 -0.0588165 0
0 0 10.11 -0.273423 -0.0584163 0
0 0 10.1026 -0.273622 -0.0581108 0
0 0 10.0749 -0.273687 -0.0580608 0
0 0 10.0768 -0.273983 -0.0583848 0
0 0 10.0674 -0.273909 -0.0583993 0
0 0 10.0643 -0.273801 -0.0585652 0
0 0 10.0645 -0.273795 -0.0590554 0
0 0 10.0847 -0.274129 -0.0585068 0
0 0 10.0788 -0.274115 -0.0579369 0
0 0 10.0548 -0.273301 -0.0571182 0
0 0 10.0492 -0.273028 -0.0562054 0
0 0 10.0491 -0.272952 -0.0557846 0
0 0 10.0471 -0.272709 -0.0555317 0
0 0 10.0334 -0.272397 -0.0554336 0
0 0 10.0355 -0.272632 -0.0555056 0
0 0 10.0662 -0.273608 -0.0556102 0
0 0 10.0821 -0.274195 -0.0558341 0
0 0 10.0838 -0.274803 -0.0558402 0
0 0 10.0734 -0.275252 -0.0548292 0
0 0 10.0605 -0.27493 -0.0539043 0
0 0 10.0328 -0.274159 -0.0533359 0
0 0 10.0282 -0.274357 -0.0535868 0
0 0 10.0318 -0.274903 -0.0539802 0
0 0 10.0407 -0.274984 -0.0544828 0
0 0 10.052 -0.27502 -0.0548975 0
0 0 10.0761 -0.274901 -0.0555628 0
0 0 10.0947 -0.274814 -0.0560985 0
0 0 10.09 -0.274274 -0.0561785 0
0 0 10.0787 -0.273492 -0.056069 0
0 0 10.0532 -0.272706 -0.0556488 0
0 0 10.0525 -0.272124 -0.0560641 0
0 0 10.0709 -0.272623 -0.0565376 0
0 0 10.0686 -0.272771 -0.0566234 0
0 0 10.0923 -0.273613 -0.0570667 0
0 0 10.1085 -0.273813 -0.0573847 0
0 0 10.1205 -0.274234 -0.0575469 0
0 0 10.1087 -0.274208 -0.0578316 0
0 0 10.1197 -0.273745 -0.0580205 0
0 0 10.1283 -0.273581 -0.0581318 0
0 0 10.1149 -0.273305 -0.0580195 0
0 0 10.1009 -0.273434 -0.0572228 0
0 0 10.0975 -0.273428 -0.056426 0
0 0 10.0765 -0.273836 -0.0556056 0
0 0 10.0595 -0.274516 -0.055384 0
0 0 10.0615 -0.275184 -0.0553005 0
0 0 10.0785 -0.275902 -0.0554677 0
0 0 10.0866 -0.276169 -0.0560416 0
0 0 10.0921 -0.27641 -0.0556446 0
0 0 10.1018 -0.276346 -0.0554923 0
0 0 10.1185 -0.276155 -0.0556858 0
0 0 10.1062 -0.275572 -0.055427 0
0 0 10.09 -0.275001 -0.0552182 0
0 0 10.0857 -0.274746 -0.0552263 0
0 0 10.0805 -0.274865 -0.0548731 0
0 0 10.055 -0.274557 -0.0534535 0
0 0 10.0136 -0.273651 -0.0522703 0
0 0 9.98288 -0.272605 -0.0515788 0
0 0 9.93366 -0.271537 -0.0506204 0
0 0 9.88465 -0.270545 -0.0500417 0
0 0 9.85082 -0.269642 -0.0506297 0
0 0 9.81295 -0.269361 -0.0510127 0
0 0 9.81524 -0.269444 -0.0514138 0
0 0 9.82853 -0.269174 -0.0522513 0
0 0 9.84635 -0.269163 -0.053794 0
0 0 9.85304 -0.269144 -0.0546743 0
0 0 9.90486 -0.268606 -0.0579981 0
0 0 9.9287 -0.268024 -0.0600856 0
0 0 9.9457 -0.267647 -0.0623367 0
0 0 9.97089 -0.267383 -0.064168 0
0 0 9.97469 -0.266795 -0.0650483 0
0 0 9.9593 -0.266787 -0.0649975 0
0 0 9.95471 -0.266939 -0.0648965 0
0 0 9.96242 -0.267248 -0.065314 0
0 0 9.96746 -0.267902 -0.0648416 0
0 0 9.98689 -0.269441 -0.06364 0
0 0 10.0415 -0.271155 -0.0627606 0
0 0 10.0861 -0.272582 -0.0618342 0
0 0 10.1349 -0.274453 -0.0609961 0
0 0 10.1627 -0.275409 -0.0597088 0
0 0 10.1771 -0.275784 -0.0591316 0
0 0 10.1746 -0.275462 -0.0591114 0
0 0 10.1678 -0.27518 -0.0586853 0
0 0 10.1655 -0.274879 -0.0584463 0
0 0 10.0918 -0.272969 -0.0579116 0
0 0 10.0652 -0.272357 -0.0585794 0
0 0 10.0428 -0.271857 -0.0589471 0
0 0 10.017 -0.271202 -0.059298 0
0 0 9.99295 -0.270973 -0.0597855 0
0 0 10.0047 -0.271134 -0.0602536 0
0 0 10.0144 -0.271268 -0.0600576 0
0 0 10.0189 -0.272059 -0.058385 0
0 0 10.0365 -0.272597 -0.0582248 0
0 0 10.0599 -0.273259 -0.0584456 0
0 0 10.075 -0.273501 -0.0581004 0
0 0 10.0714 -0.273782 -0.057322 0
0 0 10.0704 -0.273703 -0.0573269 0
0 0 10.0489 -0.272812 -0.0571204 0
0 0 10.017 -0.272225 -0.0561403 0
0 0 10.0076 -0.272152 -0.0558203 0
0 0 10 -0.27213 -0.0558963 0
0 0 10.0001 -0.272271 -0.0559891 0
0 0 10.0059 -0.273029 -0.0557861 0
0 0 10.0033 -0.273875 -0.0552687 0
0 0 10.0124 -0.273823 -0.0556151 0
0 0 10.0136 -0.272677 -0.05643 0
0 0 10.0105 -0.27244 -0.0569829 0
0 0 10.0112 -0.272438 -0.0572872 0
0 0 10.0153 -0.272086 -0.0580172 0
0 0 10.0383 -0.272508 -0.058497 0
0 0 10.0455 -0.273168 -0.0581998 0
0 0 10.0646 -0.274324 -0.0575289 0
0 0 10.1016 -0.274645 -0.0575545 0
0 0 10.1191 -0.274462 -0.0571438 0
0 0 10.065 -0.273958 -0.0548526 0
