x y z Tx Ty Tz 
0 0 0 0 0 0
0 0 0 0 0 0
0 0 0 0 0 0
0 0 0 0 0 0
0 0 0 0 0 0
0 0 0 0 0 0
0 0 0 0 0 0
0 0 0 0 0 0
0 0 0 0 0 0
0 0 0 0 0 0
0 0 0 0 0 0
0 0 0 0 0 0
0 0 0 0 0 0
0 0 0 0 0 0
0 0 0 0 0 0
0 0 0 0 0 0
0 0 0 0 0 0
0 0 0 0 0 0
0 0 0 0 0 0
0 0 0 0 0 0
0 0 0 0 0 0
0 0 0 0 0 0
0 0 0 0 0 0
0 0 0 0 0 0
0 0 0 0 0 0
0 0 0 0 0 0
0 0 0 0 0 0
0 0 0 0 0 0
0 0 0 0 0 0
0 0 0 0 0 0
0 0 0 0 0 0
0 0 0 0 0 0
0 0 0 0 0 0
0 0 0 0 0 0
0 0 0 0 0 0
0 0 0 0 0 0
0 0 0 0 0 0
0 0 0 0 0 0
0 0 0 0 0 0
0 0 0 0 0 0
0 0 0 0 0 0
0 0 0 0 0 0
0 0 0 0 0 0
0 0 0 0 0 0
0 0 0 0 0 0
0 0 0 0 0 0
0 0 0 0 0 0
0 0 0 0 0 0
0 0 0 0 0 0
0 0 0 0 0 0
0 0 0 0 0 0
0 0 0 0 0 0
0 0 0 0 0 0
0 0 0 0 0 0
0 0 0 0 0 0
0 0 0 0 0 0
0 0 0 0 0 0
0 0 0 0 0 0
0 0 1.56714 0 0 0
0 0 1.99941 0 0 0
0 0 2.52592 0 0 0
0 0 3.12352 0 -0.0566622 0
0 0 3.67421 0 -0.0644657 0
0 0 4.15449 0.0533087 -0.0720592 0
0 0 4.70212 0.0640456 -0.0801222 0
0 0 5.32965 0.0753444 -0.0886643 0
0 0 5.84631 0.0852693 -0.0950816 0
0 0 6.28862 0.0941686 -0.100181 0
0 0 6.77615 0.102922 -0.106201 0
0 0 7.23125 0.11079 -0.111714 0
0 0 7.56202 0.116637 -0.115003 0
0 0 7.88874 0.122912 -0.118046 0
0 0 8.29261 0.1302 -0.122063 0
0 0 8.64978 0.136713 -0.12645 0
0 0 8.91255 0.141317 -0.128405 0
0 0 9.14171 0.145322 -0.128697 0
0 0 9.33788 0.148798 -0.127928 0
0 0 9.51969 0.151646 -0.127036 0
0 0 9.76103 0.154855 -0.126266 0
0 0 9.98067 0.158342 -0.124558 0
0 0 10.0589 0.159859 -0.121296 0
0 0 10.0881 0.1607 -0.117901 0
0 0 10.1153 0.161261 -0.115536 0
0 0 10.0888 0.160934 -0.112655 0
0 0 10.0585 0.159519 -0.110495 0
0 0 10.0962 0.158291 -0.110273 0
0 0 10.1361 0.157975 -0.110707 0
0 0 10.1276 0.156948 -0.110033 0
0 0 10.1108 0.155634 -0.109218 0
0 0 10.1148 0.154533 -0.109849 0
0 0 10.0802 0.154421 -0.109039 0
0 0 10.0287 0.15456 -0.108112 0
0 0 9.99605 0.154271 -0.107593 0
0 0 9.99383 0.154407 -0.108479 0
0 0 9.96652 0.155039 -0.108331 0
0 0 9.9371 0.155491 -0.108172 0
0 0 9.92953 0.155669 -0.108113 0
0 0 9.9257 0.155785 -0.107813 0
0 0 9.91818 0.155365 -0.10711 0
0 0 9.89656 0.155027 -0.106095 0
0 0 9.89686 0.154783 -0.105191 0
0 0 9.89523 0.154133 -0.103846 0
0 0 9.90582 0.153198 -0.103072 0
0 0 9.91171 0.152733 -0.102772 0
0 0 9.90482 0.152769 -0.101916 0
0 0 9.89545 0.152706 -0.101393 0
0 0 9.90177 0.152867 -0.102239 0
0 0 9.91264 0.152662 -0.103326 0
0 0 9.89994 0.152165 -0.102958 0
0 0 9.87141 0.152013 -0.102024 0
0 0 9.87311 0.15181 -0.101717 0
0 0 9.85927 0.151413 -0.100466 0
0 0 9.83032 0.151123 -0.0991541 0
0 0 9.82464 0.151275 -0.0989152 0
0 0 9.84752 0.151736 -0.0996945 0
0 0 9.85936 0.151696 -0.100365 0
0 0 9.86287 0.151641 -0.101348 0
0 0 9.89378 0.151669 -0.102834 0
0 0 9.90559 0.151816 -0.103734 0
0 0 9.91577 0.152174 -0.104852 0
0 0 9.95816 0.152653 -0.105841 0
0 0 10.0053 0.153128 -0.106425 0
0 0 10.0272 0.153778 -0.10698 0
0 0 10.0455 0.154606 -0.107337 0
0 0 10.0654 0.155106 -0.106845 0
0 0 10.0566 0.155348 -0.105044 0
0 0 10.0512 0.156156 -0.103919 0
0 0 10.0584 0.156799 -0.103172 0
0 0 10.0677 0.156876 -0.101809 0
0 0 10.0756 0.157269 -0.101132 0
0 0 10.0767 0.15769 -0.101256 0
0 0 10.0599 0.157393 -0.101447 0
0 0 10.0603 0.156801 -0.101744 0
0 0 10.0587 0.156313 -0.101229 0
0 0 10.0394 0.15604 -0.100491 0
0 0 10.037 0.155552 -0.100089 0
0 0 10.0768 0.155042 -0.101069 0
0 0 10.0787 0.154564 -0.100861 0
0 0 10.0566 0.154394 -0.100349 0
0 0 10.0571 0.154531 -0.10102 0
0 0 10.0828 0.154469 -0.102014 0
0 0 10.0619 0.154508 -0.101146 0
0 0 10.0467 0.154507 -0.10066 0
0 0 10.0275 0.154377 -0.100452 0
0 0 10.0349 0.154203 -0.101456 0
0 0 10.0533 0.154104 -0.102717 0
0 0 10.0583 0.153486 -0.10399 0
0 0 10.0798 0.152577 -0.105837 0
0 0 10.1193 0.151679 -0.107793 0
0 0 10.1591 0.151468 -0.108456 0
0 0 10.1401 0.15145 -0.107424 0
0 0 10.0992 0.152061 -0.106522 0
0 0 10.0565 0.152896 -0.105825 0
0 0 10.0175 0.153733 -0.105141 0
0 0 9.96418 0.154291 -0.104964 0
0 0 9.92516 0.154637 -0.10542 0
0 0 9.90076 0.154343 -0.105586 0
0 0 9.91629 0.153653 -0.106271 0
0 0 9.94317 0.152905 -0.106487 0
0 0 9.96244 0.152615 -0.106525 0
0 0 9.97019 0.152044 -0.106392 0
0 0 9.96319 0.15143 -0.105937 0
0 0 9.95515 0.151295 -0.105313 0
0 0 9.9419 0.151387 -0.104937 0
0 0 9.90042 0.151428 -0.104391 0
0 0 9.87611 0.151457 -0.104086 0
0 0 9.85154 0.151831 -0.103875 0
0 0 9.84227 0.151706 -0.104196 0
0 0 9.82734 0.151373 -0.103657 0
0 0 9.81424 0.151418 -0.102799 0
0 0 9.79931 0.151438 -0.101758 0
0 0 9.79084 0.151197 -0.101168 0
0 0 9.80082 0.150698 -0.101014 0
0 0 9.7881 0.150635 -0.100599 0
0 0 9.77099 0.150745 -0.100356 0
0 0 9.76541 0.15031 -0.101376 0
0 0 9.76581 0.150213 -0.102253 0
0 0 9.75479 0.150566 -0.102568 0
0 0 9.72879 0.151058 -0.1022 0
0 0 9.74243 0.151007 -0.102107 0
0 0 9.75539 0.151399 -0.102271 0
0 0 9.75338 0.151806 -0.102315 0
0 0 9.76113 0.151291 -0.102419 0
0 0 9.78843 0.150709 -0.103149 0
0 0 9.82867 0.150679 -0.10456 0
0 0 9.83672 0.151497 -0.104693 0
0 0 9.84573 0.151713 -0.104248 0
0 0 9.8593 0.15178 -0.103865 0
0 0 9.86507 0.152116 -0.103387 0
0 0 9.868 0.152437 -0.102873 0
0 0 9.84581 0.15275 -0.102629 0
0 0 9.84109 0.152412 -0.103211 0
0 0 9.84557 0.152459 -0.103683 0
0 0 9.86295 0.152818 -0.104245 0
0 0 9.88034 0.153403 -0.104733 0
0 0 9.90262 0.153832 -0.104849 0
0 0 9.95402 0.153742 -0.105342 0
0 0 10.0125 0.154327 -0.106711 0
0 0 10.0735 0.155451 -0.108589 0
0 0 10.1282 0.155708 -0.110619 0
0 0 10.1723 0.15564 -0.112569 0
0 0 10.212 0.15534 -0.11459 0
0 0 10.2168 0.155824 -0.115412 0
0 0 10.19 0.156009 -0.114673 0
0 0 10.1393 0.156548 -0.113058 0
0 0 10.1008 0.156828 -0.111534 0
0 0 10.0876 0.156847 -0.110559 0
0 0 10.0882 0.156662 -0.110151 0
0 0 10.0984 0.155755 -0.110016 0
0 0 10.1301 0.154578 -0.110757 0
0 0 10.1361 0.153912 -0.110522 0
0 0 10.0963 0.154229 -0.108753 0
0 0 10.051 0.154614 -0.106565 0
0 0 10.0065 0.154895 -0.104294 0
0 0 9.95242 0.155388 -0.102024 0
0 0 9.9238 0.156163 -0.100603 0
0 0 9.93602 0.15579 -0.100665 0
0 0 9.93833 0.154937 -0.101001 0
0 0 9.9337 0.154285 -0.101439 0
0 0 9.93731 0.153719 -0.101786 0
0 0 9.93752 0.152758 -0.101139 0
0 0 9.94725 0.152132 -0.101158 0
0 0 9.93009 0.152166 -0.101143 0
0 0 9.91764 0.151742 -0.101057 0
0 0 9.88908 0.151337 -0.0998431 0
0 0 9.87317 0.15065 -0.0999283 0
0 0 9.84038 0.150143 -0.0997951 0
0 0 9.8132 0.149419 -0.09882 0
0 0 9.78576 0.149335 -0.0980363 0
0 0 9.76332 0.1495 -0.0982781 0
0 0 9.75869 0.149833 -0.0987526 0
0 0 9.75798 0.150755 -0.0992885 0
0 0 9.73569 0.151388 -0.0994198 0
0 0 9.71766 0.151073 -0.099636 0
0 0 9.7203 0.150583 -0.0995279 0
0 0 9.71191 0.150498 -0.0992162 0
0 0 9.70426 0.14953 -0.0989217 0
0 0 9.68524 0.148515 -0.0984525 0
0 0 9.70035 0.148822 -0.0990124 0
0 0 9.71772 0.149177 -0.0997179 0
0 0 9.72222 0.148844 -0.100571 0
0 0 9.73503 0.14929 -0.101761 0
0 0 9.75603 0.150586 -0.10276 0
0 0 9.7754 0.150869 -0.10318 0
0 0 9.78397 0.150521 -0.104043 0
0 0 9.79346 0.150681 -0.105191 0
0 0 9.81062 0.150365 -0.105698 0
0 0 9.81855 0.150031 -0.105676 0
0 0 9.83292 0.150119 -0.106868 0
0 0 9.83655 0.150081 -0.107578 0
0 0 9.84018 0.150111 -0.107878 0
0 0 9.84739 0.150473 -0.108252 0
0 0 9.86432 0.151215 -0.108678 0
0 0 9.89937 0.151947 -0.11013 0
0 0 9.91595 0.152648 -0.111487 0
0 0 9.91534 0.153003 -0.111878 0
0 0 9.9302 0.15428 -0.112917 0
0 0 9.95189 0.154913 -0.113581 0
0 0 10.007 0.155394 -0.11486 0
0 0 10.0487 0.155869 -0.116097 0
0 0 10.084 0.156398 -0.116169 0
0 0 10.1229 0.156551 -0.115658 0
0 0 10.1725 0.156889 -0.115507 0
0 0 10.1878 0.156906 -0.115441 0
0 0 10.1915 0.157043 -0.11527 0
0 0 10.1845 0.157366 -0.114858 0
0 0 10.1725 0.157737 -0.114295 0
0 0 10.1551 0.158193 -0.113689 0
0 0 10.1585 0.158049 -0.1137 0
0 0 10.1801 0.157264 -0.114249 0
0 0 10.1909 0.15684 -0.113936 0
0 0 10.2141 0.156608 -0.113767 0
0 0 10.2316 0.156716 -0.113703 0
0 0 10.2243 0.15669 -0.113244 0
0 0 10.2225 0.156839 -0.113099 0
0 0 10.2142 0.157065 -0.112666 0
0 0 10.2296 0.156887 -0.11278 0
0 0 10.224 0.156496 -0.112049 0
0 0 10.2431 0.155685 -0.111115 0
0 0 10.2627 0.155113 -0.110145 0
0 0 10.2653 0.154901 -0.108963 0
0 0 10.2314 0.155463 -0.107039 0
0 0 10.2192 0.155579 -0.105309 0
0 0 10.2043 0.155567 -0.10416 0
0 0 10.1573 0.15524 -0.102836 0
0 0 10.0949 0.154652 -0.101475 0
0 0 10.0672 0.154143 -0.100914 0
0 0 10.0429 0.153515 -0.100125 0
0 0 9.98828 0.152481 -0.0987143 0
0 0 9.90134 0.152076 -0.0972552 0
0 0 9.84565 0.151575 -0.0969014 0
0 0 9.80339 0.151219 -0.0968787 0
0 0 9.78802 0.150187 -0.0969127 0
0 0 9.7839 0.14917 -0.0979246 0
0 0 9.77774 0.148194 -0.098327 0
0 0 9.76194 0.147268 -0.0979878 0
0 0 9.75348 0.146504 -0.0975321 0
0 0 9.73893 0.146282 -0.0969771 0
0 0 9.68403 0.147054 -0.0958385 0
0 0 9.64417 0.147082 -0.0953972 0
0 0 9.64539 0.14688 -0.0962454 0
0 0 9.64385 0.146979 -0.0965768 0
0 0 9.63444 0.147194 -0.0971663 0
0 0 9.66296 0.147211 -0.098906 0
0 0 9.7061 0.14728 -0.100625 0
0 0 9.72032 0.147739 -0.101766 0
0 0 9.74755 0.148286 -0.102811 0
0 0 9.81079 0.148647 -0.10392 0
0 0 9.88207 0.149532 -0.104754 0
0 0 9.95233 0.149957 -0.106313 0
0 0 10.0286 0.150498 -0.107991 0
0 0 10.096 0.151403 -0.109327 0
0 0 10.1314 0.151917 -0.110209 0
0 0 10.1236 0.152199 -0.110085 0
0 0 10.118 0.151482 -0.10956 0
0 0 10.1045 0.151117 -0.108163 0
0 0 10.0734 0.151017 -0.106853 0
0 0 10.0434 0.151307 -0.106064 0
0 0 10.0444 0.151604 -0.106496 0
0 0 10.0379 0.152412 -0.10684 0
0 0 10.0131 0.153723 -0.106744 0
0 0 9.98632 0.154569 -0.106596 0
0 0 9.98511 0.154357 -0.106589 0
0 0 9.98939 0.15446 -0.10651 0
0 0 9.98274 0.154359 -0.105584 0
0 0 9.98576 0.15394 -0.105003 0
0 0 9.99785 0.152779 -0.104845 0
0 0 10.0259 0.151792 -0.105254 0
0 0 10.0304 0.15137 -0.105092 0
0 0 10.0176 0.151022 -0.105209 0
0 0 10.0108 0.150539 -0.105795 0
0 0 10.0166 0.150336 -0.106373 0
0 0 10.0162 0.150985 -0.107121 0
0 0 10.0105 0.151698 -0.107293 0
0 0 10.0045 0.151653 -0.107271 0
0 0 10.0228 0.151537 -0.107481 0
0 0 10.0208 0.151843 -0.107433 0
0 0 10.0137 0.152199 -0.107503 0
0 0 10.006 0.152087 -0.106985 0
0 0 10.0143 0.151681 -0.107309 0
0 0 10.016 0.15159 -0.107231 0
0 0 10.0009 0.151591 -0.106843 0
0 0 9.97304 0.151665 -0.10625 0
0 0 9.95227 0.151426 -0.105521 0
0 0 9.92617 0.151196 -0.105596 0
0 0 9.89215 0.15117 -0.105682 0
0 0 9.90293 0.15163 -0.106349 0
0 0 9.93697 0.151348 -0.106942 0
0 0 9.96099 0.150941 -0.107455 0
0 0 9.97233 0.150774 -0.107281 0
0 0 9.99489 0.150875 -0.106631 0
0 0 9.9866 0.150736 -0.106048 0
0 0 9.94762 0.150583 -0.105607 0
0 0 9.92068 0.150839 -0.105489 0
0 0 9.88962 0.151149 -0.105079 0
0 0 9.86608 0.151183 -0.105264 0
0 0 9.8736 0.150579 -0.106029 0
0 0 9.86382 0.150479 -0.106326 0
0 0 9.86445 0.150383 -0.106027 0
0 0 9.89062 0.149792 -0.105972 0
0 0 9.91393 0.149421 -0.106128 0
0 0 9.89975 0.149799 -0.10547 0
0 0 9.89238 0.150113 -0.104692 0
0 0 9.91022 0.149881 -0.104443 0
0 0 9.90226 0.149881 -0.104852 0
0 0 9.88943 0.14995 -0.105898 0
0 0 9.88927 0.149689 -0.106934 0
0 0 9.90259 0.149378 -0.107628 0
0 0 9.92164 0.149088 -0.109128 0
0 0 9.94344 0.148794 -0.110788 0
0 0 9.9425 0.148486 -0.110917 0
0 0 9.94559 0.147849 -0.11013 0
0 0 9.94815 0.147662 -0.109963 0
0 0 9.9289 0.148081 -0.109125 0
0 0 9.89152 0.147997 -0.107663 0
0 0 9.88214 0.147626 -0.106763 0
0 0 9.89086 0.14694 -0.107011 0
0 0 9.89854 0.14674 -0.108192 0
0 0 9.89596 0.146139 -0.10913 0
0 0 9.89231 0.145732 -0.109223 0
0 0 9.88004 0.14601 -0.108995 0
0 0 9.87916 0.146853 -0.109026 0
0 0 9.88675 0.147192 -0.108757 0
0 0 9.88136 0.14715 -0.108274 0
0 0 9.88142 0.147402 -0.108426 0
0 0 9.87009 0.147693 -0.108713 0
0 0 9.85985 0.147349 -0.108565 0
0 0 9.87051 0.147684 -0.108931 0
0 0 9.87766 0.148072 -0.108891 0
0 0 9.9118 0.148206 -0.109391 0
0 0 9.9213 0.148455 -0.109359 0
0 0 9.92366 0.149045 -0.108967 0
0 0 9.88495 0.149687 -0.10766 0
0 0 9.85272 0.150205 -0.106984 0
0 0 9.82064 0.150451 -0.106371 0
0 0 9.77704 0.150068 -0.105493 0
0 0 9.76351 0.150037 -0.105866 0
0 0 9.79837 0.149496 -0.107417 0
0 0 9.83516 0.148852 -0.108813 0
0 0 9.85181 0.148636 -0.109528 0
0 0 9.89481 0.148789 -0.110638 0
0 0 9.94461 0.148616 -0.111525 0
0 0 9.95907 0.148881 -0.111872 0
0 0 9.96483 0.149785 -0.111879 0
0 0 10.0027 0.150454 -0.112305 0
0 0 10.0336 0.151026 -0.112695 0
0 0 10.0371 0.151942 -0.112994 0
0 0 10.065 0.152786 -0.112993 0
0 0 10.0944 0.153102 -0.113161 0
0 0 10.1039 0.152935 -0.113944 0
0 0 10.087 0.152774 -0.113618 0
0 0 10.1042 0.152783 -0.113891 0
0 0 10.123 0.153086 -0.114849 0
0 0 10.1365 0.153162 -0.116165 0
0 0 10.1234 0.153266 -0.11542 0
0 0 10.1331 0.153898 -0.114777 0
0 0 10.143 0.154276 -0.114913 0
0 0 10.1419 0.153525 -0.113751 0
0 0 10.1298 0.15299 -0.1121 0
0 0 10.1274 0.153073 -0.111235 0
0 0 10.1227 0.153183 -0.110941 0
0 0 10.1094 0.153203 -0.110338 0
0 0 10.0757 0.15325 -0.108172 0
0 0 10.0668 0.15371 -0.107103 0
0 0 10.0705 0.153884 -0.107043 0
0 0 10.0739 0.153866 -0.107072 0
0 0 10.0932 0.153672 -0.107424 0
0 0 10.1203 0.153382 -0.107491 0
0 0 10.147 0.152916 -0.108205 0
0 0 10.1594 0.152422 -0.108993 0
0 0 10.1398 0.152731 -0.108699 0
0 0 10.1191 0.153085 -0.107634 0
0 0 10.0932 0.153082 -0.106236 0
0 0 10.0874 0.153386 -0.105638 0
0 0 10.0815 0.153699 -0.104785 0
0 0 10.0523 0.153824 -0.103283 0
0 0 10.041 0.153233 -0.102235 0
0 0 10.0329 0.152728 -0.101422 0
0 0 10.0133 0.152172 -0.100502 0
0 0 9.98731 0.151721 -0.0995771 0
0 0 9.98325 0.151324 -0.0992931 0
0 0 9.95959 0.151106 -0.0979151 0
0 0 9.90665 0.150646 -0.0959838 0
0 0 9.8633 0.150156 -0.0945559 0
0 0 9.81733 0.149598 -0.0934665 0
0 0 9.75586 0.149161 -0.0923978 0
0 0 9.7206 0.148528 -0.0924527 0
0 0 9.71526 0.147899 -0.0939417 0
0 0 9.69486 0.147887 -0.0952367 0
0 0 9.67854 0.148011 -0.0964489 0
0 0 9.67999 0.147887 -0.0975064 0
0 0 9.6839 0.147791 -0.0978842 0
0 0 9.69093 0.147502 -0.0982258 0
0 0 9.69584 0.147078 -0.0984793 0
0 0 9.68455 0.14719 -0.0983333 0
0 0 9.67366 0.147234 -0.0983183 0
0 0 9.68129 0.147078 -0.0991977 0
0 0 9.70119 0.147022 -0.100469 0
0 0 9.7446 0.147389 -0.102219 0
0 0 9.77462 0.148021 -0.103456 0
0 0 9.82046 0.147595 -0.105762 0
0 0 9.89785 0.14764 -0.10905 0
0 0 9.97852 0.148224 -0.111937 0
0 0 10.0214 0.148446 -0.114437 0
0 0 10.0288 0.148415 -0.116073 0
0 0 10.0528 0.148817 -0.117765 0
0 0 10.0736 0.14961 -0.11814 0
0 0 10.0431 0.149374 -0.117482 0
0 0 9.97586 0.148491 -0.115269 0
0 0 9.93496 0.148199 -0.113527 0
0 0 9.91258 0.147941 -0.112983 0
0 0 9.88739 0.147212 -0.112208 0
0 0 9.84648 0.146626 -0.111172 0
0 0 9.81933 0.147035 -0.110146 0
0 0 9.80423 0.147865 -0.110391 0
0 0 9.77891 0.147892 -0.109815 0
0 0 9.75088 0.148272 -0.109106 0
0 0 9.73378 0.149021 -0.109507 0
0 0 9.73289 0.149367 -0.110288 0
0 0 9.72389 0.149249 -0.11027 0
0 0 9.73941 0.148944 -0.11011 0
0 0 9.7723 0.148821 -0.111086 0
0 0 9.83004 0.14844 -0.112067 0
0 0 9.89174 0.147766 -0.112286 0
0 0 9.93044 0.147501 -0.113067 0
0 0 9.95509 0.147281 -0.113835 0
0 0 9.98469 0.147149 -0.114651 0
0 0 10.0098 0.147782 -0.115223 0
0 0 10.0136 0.14817 -0.11509 0
0 0 10.0213 0.148268 -0.114916 0
0 0 10.0242 0.148756 -0.114764 0
0 0 10.0346 0.149447 -0.114985 0
0 0 10.0216 0.150171 -0.114221 0
0 0 10.0045 0.150357 -0.113437 0
0 0 10.0273 0.149883 -0.113678 0
0 0 10.038 0.150155 -0.114018 0
0 0 10.0452 0.149975 -0.114386 0
0 0 10.065 0.149609 -0.114777 0
0 0 10.1118 0.149393 -0.11565 0
0 0 10.1101 0.149392 -0.115433 0
0 0 10.0964 0.149314 -0.115232 0
0 0 10.0974 0.149209 -0.115271 0
0 0 10.1052 0.14978 -0.115495 0
0 0 10.1209 0.150112 -0.115701 0
0 0 10.1454 0.150607 -0.115835 0
0 0 10.1783 0.150929 -0.116283 0
0 0 10.1855 0.151415 -0.115832 0
0 0 10.2038 0.151823 -0.115092 0
0 0 10.2193 0.151896 -0.114288 0
0 0 10.2106 0.151649 -0.113981 0
0 0 10.2039 0.151521 -0.114211 0
0 0 10.1943 0.151779 -0.114164 0
0 0 10.187 0.151774 -0.114078 0
0 0 10.1674 0.151641 -0.114092 0
0 0 10.1558 0.151751 -0.113961 0
0 0 10.1327 0.151981 -0.113185 0
0 0 10.129 0.151434 -0.112463 0
0 0 10.1151 0.150766 -0.111632 0
0 0 10.0947 0.150321 -0.110871 0
0 0 10.0776 0.150696 -0.110332 0
0 0 10.099 0.150684 -0.110082 0
0 0 10.1316 0.150327 -0.109372 0
0 0 10.1493 0.150466 -0.108279 0
0 0 10.1788 0.150816 -0.107821 0
0 0 10.213 0.150869 -0.10733 0
0 0 10.2366 0.150317 -0.106332 0
0 0 10.2342 0.150432 -0.105522 0
0 0 10.2097 0.151199 -0.10502 0
0 0 10.1907 0.151658 -0.104665 0
0 0 10.1644 0.152002 -0.103973 0
0 0 10.1682 0.151868 -0.103509 0
0 0 10.1465 0.152193 -0.102683 0
0 0 10.122 0.152331 -0.101195 0
0 0 10.1172 0.151809 -0.0999381 0
0 0 10.1038 0.150886 -0.0983017 0
0 0 10.0587 0.150222 -0.0961533 0
0 0 9.98161 0.149308 -0.09387 0
0 0 9.93506 0.148436 -0.0924921 0
0 0 9.86859 0.147857 -0.0909703 0
0 0 9.79369 0.147596 -0.0893324 0
0 0 9.74653 0.147352 -0.088389 0
0 0 9.72191 0.147072 -0.0882024 0
0 0 9.70347 0.147077 -0.0883038 0
0 0 9.69152 0.146847 -0.0890299 0
0 0 9.72332 0.146308 -0.090521 0
0 0 9.76823 0.145177 -0.0922761 0
0 0 9.7798 0.144726 -0.0938576 0
0 0 9.78757 0.144816 -0.0959485 0
0 0 9.81071 0.144159 -0.0976357 0
0 0 9.80701 0.143973 -0.0988299 0
0 0 9.77207 0.14497 -0.0994802 0
0 0 9.74901 0.146095 -0.100132 0
0 0 9.75257 0.146 -0.10052 0
0 0 9.72979 0.146547 -0.100243 0
0 0 9.70309 0.147096 -0.0994619 0
0 0 9.69255 0.146721 -0.0986693 0
0 0 9.68742 0.146248 -0.098323 0
0 0 9.68063 0.145775 -0.097954 0
0 0 9.65818 0.145427 -0.0973951 0
0 0 9.66879 0.145145 -0.097617 0
0 0 9.71332 0.144767 -0.0987664 0
0 0 9.76865 0.144451 -0.100469 0
0 0 9.83911 0.145157 -0.102717 0
0 0 9.90001 0.146167 -0.105151 0
0 0 9.93632 0.147272 -0.106903 0
0 0 9.93225 0.148724 -0.107568 0
0 0 9.91686 0.149661 -0.108519 0
0 0 9.89822 0.149005 -0.109254 0
0 0 9.89266 0.148276 -0.109332 0
0 0 9.93874 0.148459 -0.110176 0
0 0 9.98549 0.148507 -0.112074 0
0 0 10.0282 0.147691 -0.114099 0
0 0 10.0862 0.147964 -0.115254 0
0 0 10.112 0.149023 -0.116191 0
0 0 10.0966 0.149546 -0.116509 0
0 0 10.0731 0.14924 -0.115714 0
0 0 10.0552 0.149153 -0.114103 0
0 0 10.0106 0.149698 -0.112552 0
0 0 9.96949 0.150148 -0.111619 0
0 0 9.97652 0.149707 -0.111506 0
0 0 9.97077 0.14915 -0.111119 0
0 0 9.95528 0.148677 -0.110838 0
0 0 9.95539 0.148132 -0.110431 0
0 0 9.9287 0.147783 -0.109569 0
0 0 9.92423 0.14842 -0.109184 0
0 0 9.94772 0.149042 -0.108527 0
0 0 9.95888 0.149205 -0.107904 0
0 0 9.95217 0.149924 -0.106973 0
0 0 9.97856 0.150095 -0.106816 0
0 0 10.0302 0.148947 -0.107451 0
0 0 10.0093 0.147567 -0.107364 0
0 0 9.98653 0.147256 -0.107793 0
0 0 10.0019 0.147098 -0.108392 0
0 0 10.0363 0.146354 -0.109092 0
0 0 10.0448 0.146482 -0.109008 0
0 0 10.0511 0.147508 -0.10925 0
0 0 10.0604 0.148069 -0.109669 0
0 0 10.0743 0.148411 -0.110091 0
0 0 10.1115 0.148615 -0.110606 0
0 0 10.1571 0.148749 -0.111994 0
0 0 10.205 0.149098 -0.114069 0
0 0 10.2413 0.14959 -0.11538 0
0 0 10.2522 0.149478 -0.114455 0
0 0 10.2573 0.149287 -0.113916 0
0 0 10.2644 0.148804 -0.113993 0
0 0 10.2482 0.148491 -0.112805 0
0 0 10.2377 0.147808 -0.111821 0
0 0 10.2559 0.147197 -0.111907 0
0 0 10.2755 0.147075 -0.112516 0
0 0 10.2608 0.147448 -0.111622 0
0 0 10.2142 0.14817 -0.110351 0
0 0 10.1735 0.148663 -0.109536 0
0 0 10.1302 0.149065 -0.108307 0
0 0 10.1026 0.149152 -0.107772 0
0 0 10.0851 0.149224 -0.107392 0
0 0 10.0678 0.149527 -0.107446 0
0 0 10.0775 0.149924 -0.107757 0
0 0 10.0833 0.150582 -0.108305 0
0 0 10.0916 0.150835 -0.108436 0
0 0 10.1164 0.150613 -0.108386 0
0 0 10.1667 0.14993 -0.108957 0
0 0 10.2117 0.149244 -0.109116 0
0 0 10.2291 0.149131 -0.108903 0
0 0 10.2367 0.148874 -0.108397 0
0 0 10.2319 0.148732 -0.108547 0
0 0 10.1918 0.149281 -0.107907 0
0 0 10.1662 0.149963 -0.107377 0
0 0 10.179 0.149751 -0.107487 0
0 0 10.1831 0.149681 -0.107737 0
0 0 10.1656 0.150358 -0.107802 0
0 0 10.1602 0.150359 -0.107246 0
0 0 10.1732 0.149635 -0.107398 0
0 0 10.1435 0.149953 -0.106941 0
0 0 10.0954 0.150538 -0.105879 0
0 0 10.0831 0.150061 -0.104844 0
0 0 10.0759 0.149485 -0.104237 0
0 0 10.0561 0.149283 -0.103378 0
0 0 10.0279 0.149069 -0.10179 0
0 0 10.0411 0.148629 -0.102092 0
0 0 10.0359 0.14844 -0.102093 0
0 0 10.0323 0.148571 -0.10233 0
0 0 10.0498 0.148889 -0.102775 0
0 0 10.0732 0.149463 -0.104225 0
0 0 10.0895 0.149712 -0.104578 0
0 0 10.091 0.149286 -0.103584 0
0 0 10.1163 0.148063 -0.103144 0
0 0 10.1112 0.147459 -0.102827 0
0 0 10.0606 0.147195 -0.101246 0
0 0 9.97956 0.147252 -0.0989708 0
0 0 9.90415 0.147388 -0.0975141 0
0 0 9.83372 0.14792 -0.0967046 0
0 0 9.78078 0.148674 -0.0965147 0
0 0 9.74555 0.148976 -0.0965066 0
0 0 9.71199 0.148737 -0.0969802 0
0 0 9.71082 0.147918 -0.0975882 0
0 0 9.74021 0.147383 -0.0984629 0
0 0 9.78111 0.146897 -0.0998654 0
0 0 9.82578 0.146393 -0.1015 0
0 0 9.82195 0.146298 -0.101696 0
0 0 9.86814 0.145883 -0.10263 0
0 0 9.94579 0.145563 -0.104185 0
0 0 9.97099 0.145882 -0.104653 0
0 0 9.97256 0.146589 -0.104465 0
0 0 9.99897 0.146677 -0.10464 0
0 0 10.0127 0.146875 -0.104832 0
0 0 10.0205 0.147366 -0.105132 0
0 0 10.0304 0.14819 -0.105792 0
0 0 10.0478 0.148411 -0.10713 0
0 0 10.0718 0.148592 -0.108344 0
0 0 10.0943 0.148751 -0.109231 0
0 0 10.1233 0.148593 -0.110804 0
0 0 10.1503 0.14781 -0.111967 0
0 0 10.1353 0.147117 -0.112 0
0 0 10.1063 0.146644 -0.111474 0
0 0 10.0792 0.146352 -0.111015 0
0 0 10.0578 0.146083 -0.110996 0
0 0 10.0081 0.146113 -0.109646 0
0 0 9.98879 0.146531 -0.108917 0
0 0 9.99777 0.147127 -0.108681 0
0 0 10.0135 0.147315 -0.109775 0
0 0 10.0318 0.147062 -0.110214 0
0 0 10.064 0.146795 -0.110394 0
0 0 10.0927 0.146702 -0.111246 0
0 0 10.0896 0.146895 -0.111617 0
0 0 10.0868 0.14688 -0.112277 0
0 0 10.0743 0.147267 -0.112172 0
0 0 10.0625 0.148163 -0.112236 0
0 0 10.0517 0.148408 -0.111832 0
0 0 10.0411 0.148796 -0.111135 0
0 0 10.0668 0.149118 -0.111795 0
0 0 10.1029 0.149235 -0.112776 0
0 0 10.1257 0.148798 -0.114003 0
0 0 10.1337 0.148694 -0.114596 0
0 0 10.1525 0.148843 -0.115567 0
0 0 10.1635 0.148945 -0.115926 0
0 0 10.1515 0.149219 -0.114394 0
0 0 10.1288 0.150087 -0.113059 0
0 0 10.1281 0.150648 -0.112715 0
0 0 10.1316 0.150638 -0.112647 0
0 0 10.1093 0.150466 -0.110788 0
0 0 10.0683 0.15006 -0.109137 0
0 0 10.0327 0.14902 -0.108373 0
0 0 10.0185 0.147733 -0.107264 0
0 0 9.98961 0.146962 -0.105872 0
0 0 9.96837 0.146201 -0.105417 0
0 0 9.97677 0.145583 -0.106274 0
0 0 9.98494 0.145292 -0.106504 0
0 0 9.98371 0.145465 -0.1061 0
0 0 9.96247 0.14562 -0.105406 0
0 0 9.95837 0.14538 -0.105308 0
0 0 9.9774 0.145091 -0.105716 0
0 0 9.99089 0.145106 -0.105725 0
0 0 9.98679 0.145208 -0.105447 0
0 0 9.97918 0.145224 -0.105196 0
0 0 9.97784 0.145378 -0.105247 0
0 0 9.97951 0.145566 -0.105322 0
0 0 9.98102 0.145709 -0.10555 0
0 0 9.98992 0.145911 -0.105812 0
0 0 9.99469 0.14609 -0.10575 0
0 0 9.98939 0.14604 -0.10529 0
0 0 10.0014 0.14606 -0.105386 0
0 0 10.0317 0.145895 -0.105297 0
0 0 10.054 0.145661 -0.104657 0
0 0 10.051 0.145503 -0.104334 0
0 0 10.0641 0.145411 -0.104589 0
0 0 10.1018 0.145286 -0.105833 0
0 0 10.1022 0.145648 -0.10676 0
0 0 10.0939 0.14634 -0.107828 0
0 0 10.1019 0.14678 -0.108484 0
0 0 10.1222 0.146709 -0.109055 0
0 0 10.1362 0.146509 -0.109517 0
0 0 10.1326 0.146486 -0.10872 0
0 0 10.1556 0.145874 -0.107982 0
0 0 10.1668 0.145606 -0.108367 0
0 0 10.1433 0.145785 -0.108444 0
0 0 10.1181 0.146291 -0.108155 0
0 0 10.0908 0.14665 -0.107813 0
0 0 10.064 0.146833 -0.107786 0
0 0 10.0151 0.147031 -0.107274 0
0 0 9.95158 0.146766 -0.104776 0
0 0 9.88909 0.145721 -0.102477 0
0 0 9.81411 0.145234 -0.0995496 0
0 0 9.74528 0.144647 -0.0970294 0
0 0 9.68263 0.143517 -0.0949575 0
0 0 9.64992 0.143387 -0.0942589 0
0 0 9.66047 0.143919 -0.096092 0
0 0 9.68573 0.14364 -0.0982501 0
0 0 9.71479 0.142875 -0.100484 0
0 0 9.7476 0.142968 -0.10195 0
0 0 9.76487 0.14297 -0.102803 0
0 0 9.77225 0.142387 -0.102556 0
0 0 9.76149 0.142385 -0.101015 0
0 0 9.75561 0.142626 -0.100617 0
0 0 9.79184 0.143304 -0.102304 0
0 0 9.82716 0.143502 -0.103959 0
0 0 9.87381 0.144706 -0.105573 0
0 0 9.9222 0.14601 -0.107576 0
0 0 9.97756 0.146429 -0.110113 0
0 0 10.0254 0.146438 -0.111155 0
0 0 10.0565 0.146981 -0.110937 0
0 0 10.0829 0.146721 -0.110801 0
0 0 10.1018 0.145865 -0.111652 0
0 0 10.119 0.145976 -0.1123 0
0 0 10.1221 0.146535 -0.112302 0
0 0 10.0921 0.14671 -0.111384 0
0 0 10.0683 0.146937 -0.11077 0
0 0 10.0714 0.147131 -0.110029 0
0 0 10.0734 0.146604 -0.108518 0
0 0 10.0781 0.145708 -0.10707 0
0 0 10.0918 0.144815 -0.10677 0
0 0 10.1085 0.144292 -0.107655 0
0 0 10.087 0.143607 -0.108092 0
0 0 10.0554 0.143329 -0.108804 0
0 0 10.0155 0.143573 -0.10958 0
0 0 9.95393 0.143467 -0.109469 0
0 0 9.88285 0.142861 -0.108822 0
0 0 9.82352 0.142593 -0.10809 0
0 0 9.75959 0.142679 -0.107455 0
0 0 9.68504 0.142035 -0.106077 0
0 0 9.65668 0.141589 -0.106007 0
0 0 9.66368 0.14132 -0.106893 0
0 0 9.67098 0.141555 -0.107552 0
0 0 9.66753 0.141695 -0.107536 0
0 0 9.67905 0.141798 -0.108035 0
0 0 9.70572 0.142187 -0.108881 0
0 0 9.7362 0.143509 -0.109201 0
0 0 9.78701 0.145301 -0.110043 0
0 0 9.87328 0.145669 -0.11207 0
0 0 9.97086 0.146337 -0.114178 0
0 0 10.0442 0.147558 -0.115364 0
0 0 10.0875 0.148436 -0.116686 0
0 0 10.1239 0.148405 -0.118012 0
0 0 10.1279 0.148663 -0.118369 0
0 0 10.1151 0.148543 -0.117866 0
0 0 10.1292 0.147923 -0.117773 0
0 0 10.1476 0.147353 -0.117953 0
0 0 10.1519 0.147039 -0.117388 0
0 0 10.1499 0.147013 -0.116785 0
0 0 10.1716 0.147021 -0.116879 0
0 0 10.1958 0.147643 -0.117763 0
0 0 10.2096 0.147903 -0.118289 0
0 0 10.1986 0.148548 -0.117957 0
0 0 10.1796 0.148705 -0.117954 0
0 0 10.141 0.148999 -0.116938 0
0 0 10.0919 0.149408 -0.115604 0
0 0 10.0388 0.149581 -0.113752 0
0 0 10.0165 0.149676 -0.113168 0
0 0 10.0138 0.149829 -0.112506 0
0 0 10.0068 0.150537 -0.112055 0
0 0 10.013 0.150201 -0.112202 0
0 0 10.0234 0.149758 -0.112002 0
0 0 10.045 0.149038 -0.111929 0
0 0 10.082 0.147929 -0.11237 0
0 0 10.1244 0.146722 -0.113207 0
0 0 10.1597 0.145538 -0.113583 0
0 0 10.1826 0.145347 -0.1136 0
0 0 10.207 0.14523 -0.114045 0
0 0 10.2049 0.145774 -0.113315 0
0 0 10.1884 0.146625 -0.111968 0
0 0 10.1769 0.146926 -0.110872 0
0 0 10.178 0.146944 -0.110389 0
0 0 10.1785 0.146611 -0.10909 0
0 0 10.1736 0.146687 -0.107389 0
0 0 10.1551 0.146466 -0.105654 0
0 0 10.1309 0.145821 -0.103641 0
0 0 10.0841 0.145245 -0.101069 0
0 0 9.99933 0.145105 -0.0985454 0
0 0 9.92016 0.144894 -0.0968335 0
0 0 9.86771 0.144198 -0.0959676 0
0 0 9.79582 0.144273 -0.0947154 0
0 0 9.73173 0.143992 -0.0937856 0
0 0 9.74185 0.14365 -0.0940109 0
0 0 9.76609 0.143564 -0.0949126 0
0 0 9.74638 0.143973 -0.0948327 0
0 0 9.74396 0.143532 -0.0956835 0
0 0 9.77373 0.142985 -0.0981229 0
0 0 9.77845 0.143026 -0.100209 0
0 0 9.76824 0.143289 -0.100851 0
0 0 9.75403 0.143495 -0.101109 0
0 0 9.74623 0.14304 -0.10158 0
0 0 9.76617 0.142749 -0.10337 0
0 0 9.78776 0.143348 -0.105124 0
0 0 9.8466 0.144146 -0.107522 0
0 0 9.91838 0.145121 -0.109717 0
0 0 9.99481 0.145794 -0.112583 0
0 0 10.066 0.146945 -0.114881 0
0 0 10.1284 0.147904 -0.11588 0
0 0 10.1762 0.148637 -0.116171 0
0 0 10.2172 0.148684 -0.11615 0
0 0 10.269 0.148301 -0.116065 0
0 0 10.3206 0.148202 -0.116025 0
0 0 10.3562 0.148305 -0.115827 0
0 0 10.3667 0.147947 -0.11437 0
0 0 10.339 0.147844 -0.112117 0
0 0 10.3062 0.148475 -0.109798 0
0 0 10.305 0.149456 -0.108288 0
0 0 10.2779 0.150163 -0.106241 0
0 0 10.2708 0.150557 -0.105073 0
0 0 10.3292 0.15107 -0.105787 0
0 0 10.4254 0.151132 -0.106774 0
0 0 10.4529 0.150586 -0.10714 0
0 0 10.4306 0.14964 -0.106632 0
0 0 10.4149 0.14931 -0.106772 0
0 0 10.3505 0.148763 -0.105196 0
0 0 10.2931 0.148497 -0.103816 0
0 0 10.2306 0.148043 -0.102635 0
0 0 10.1207 0.146539 -0.100726 0
0 0 10.0542 0.14518 -0.0996745 0
0 0 10.0239 0.144326 -0.0997439 0
0 0 9.993 0.143104 -0.0999152 0
0 0 9.96234 0.141792 -0.100751 0
0 0 9.94881 0.140864 -0.101419 0
0 0 9.91938 0.141408 -0.102273 0
0 0 9.88009 0.141603 -0.102576 0
0 0 9.83244 0.141329 -0.102229 0
0 0 9.82432 0.14113 -0.102581 0
0 0 9.82008 0.141031 -0.103302 0
0 0 9.80156 0.141106 -0.103345 0
0 0 9.8013 0.140994 -0.103209 0
0 0 9.80462 0.140878 -0.103097 0
0 0 9.81516 0.140428 -0.102968 0
0 0 9.8532 0.139723 -0.103674 0
0 0 9.87746 0.139466 -0.104167 0
0 0 9.88036 0.13941 -0.104578 0
0 0 9.87178 0.139112 -0.105589 0
0 0 9.87756 0.138888 -0.106643 0
0 0 9.87414 0.139149 -0.107545 0
0 0 9.84362 0.140046 -0.107906 0
0 0 9.84477 0.140644 -0.108881 0
0 0 9.88375 0.141141 -0.110758 0
0 0 9.92997 0.141664 -0.112704 0
0 0 9.94427 0.143039 -0.113117 0
0 0 9.97625 0.144035 -0.113312 0
0 0 10.0079 0.144936 -0.113465 0
0 0 10.04 0.145963 -0.113607 0
0 0 10.0748 0.14645 -0.113256 0
0 0 10.109 0.146373 -0.113039 0
0 0 10.1397 0.146063 -0.113442 0
0 0 10.1792 0.145743 -0.11419 0
0 0 10.2518 0.145775 -0.115993 0
0 0 10.2908 0.145394 -0.117184 0
0 0 10.3022 0.145051 -0.117557 0
0 0 10.3343 0.145355 -0.118555 0
0 0 10.3324 0.145493 -0.11937 0
0 0 10.2846 0.145606 -0.119031 0
0 0 10.2662 0.145495 -0.118468 0
0 0 10.2632 0.146037 -0.118938 0
0 0 10.2365 0.146097 -0.118864 0
0 0 10.2226 0.146141 -0.118561 0
0 0 10.2424 0.146409 -0.118141 0
0 0 10.2405 0.146635 -0.116787 0
0 0 10.1914 0.146338 -0.115054 0
0 0 10.1554 0.146406 -0.113382 0
0 0 10.1419 0.14653 -0.112178 0
0 0 10.1363 0.146525 -0.111335 0
0 0 10.1372 0.14629 -0.11165 0
0 0 10.1563 0.14644 -0.112524 0
0 0 10.2185 0.146169 -0.113797 0
0 0 10.2339 0.145635 -0.114428 0
0 0 10.2045 0.145193 -0.114224 0
0 0 10.1732 0.144846 -0.113098 0
0 0 10.1451 0.14455 -0.111856 0
0 0 10.1204 0.144617 -0.11109 0
0 0 10.0907 0.144794 -0.110258 0
0 0 10.0244 0.144791 -0.108051 0
0 0 9.9646 0.144292 -0.106601 0
0 0 9.90486 0.143563 -0.105845 0
0 0 9.80071 0.143278 -0.104019 0
0 0 9.71855 0.142751 -0.101749 0
0 0 9.64405 0.142242 -0.0992686 0
0 0 9.60946 0.141951 -0.0976701 0
0 0 9.61779 0.141584 -0.0967088 0
0 0 9.65449 0.140764 -0.0973892 0
0 0 9.69365 0.139941 -0.098875 0
0 0 9.72407 0.1395 -0.10019 0
0 0 9.76928 0.139359 -0.102415 0
0 0 9.81705 0.139889 -0.104651 0
0 0 9.85754 0.141495 -0.105057 0
0 0 9.89759 0.142912 -0.104385 0
0 0 9.96614 0.143548 -0.104602 0
0 0 10.0423 0.144163 -0.105324 0
0 0 10.0955 0.144918 -0.105223 0
0 0 10.1118 0.145512 -0.105095 0
0 0 10.131 0.14562 -0.10647 0
0 0 10.1359 0.14623 -0.108035 0
0 0 10.1349 0.147033 -0.109161 0
0 0 10.1434 0.147035 -0.109811 0
0 0 10.1658 0.146965 -0.110679 0
0 0 10.1693 0.146552 -0.111148 0
0 0 10.1722 0.146379 -0.110962 0
0 0 10.1858 0.1459 -0.110702 0
0 0 10.1781 0.145288 -0.110108 0
0 0 10.1511 0.145197 -0.109428 0
0 0 10.1082 0.1461 -0.108543 0
0 0 10.0812 0.14682 -0.107601 0
0 0 10.0825 0.146675 -0.106968 0
0 0 10.077 0.146701 -0.106742 0
0 0 10.0626 0.146766 -0.1064 0
0 0 10.0334 0.147017 -0.105453 0
0 0 10.0423 0.146362 -0.104836 0
0 0 10.0824 0.145412 -0.104853 0
0 0 10.0785 0.145127 -0.105463 0
0 0 10.0603 0.144236 -0.105732 0
0 0 10.0695 0.143703 -0.106081 0
0 0 10.086 0.143031 -0.106738 0
0 0 10.1099 0.14177 -0.107938 0
0 0 10.0634 0.141414 -0.107819 0
0 0 9.9876 0.141678 -0.107232 0
0 0 9.89918 0.142412 -0.106046 0
0 0 9.80774 0.142853 -0.104718 0
0 0 9.74105 0.143121 -0.104106 0
0 0 9.70475 0.142977 -0.104378 0
0 0 9.68536 0.141995 -0.104075 0
0 0 9.70061 0.140211 -0.103655 0
0 0 9.77923 0.138726 -0.104931 0
0 0 9.83391 0.13891 -0.105554 0
0 0 9.83248 0.139805 -0.104855 0
0 0 9.8643 0.140746 -0.105608 0
0 0 9.9295 0.14179 -0.108087 0
0 0 9.97157 0.143041 -0.109709 0
0 0 9.98398 0.144107 -0.109747 0
0 0 10.0081 0.144389 -0.109898 0
0 0 10.0321 0.14425 -0.110197 0
0 0 10.0621 0.144378 -0.109965 0
0 0 10.1157 0.144859 -0.110383 0
0 0 10.1625 0.145393 -0.111637 0
0 0 10.1666 0.145343 -0.112117 0
0 0 10.1637 0.145332 -0.112246 0
0 0 10.1688 0.145874 -0.112271 0
0 0 10.1599 0.146214 -0.112318 0
0 0 10.1162 0.145767 -0.111935 0
0 0 10.0744 0.14561 -0.110932 0
0 0 10.0513 0.146086 -0.110456 0
0 0 10.0688 0.145754 -0.110991 0
0 0 10.0844 0.145505 -0.110312 0
0 0 10.0852 0.145868 -0.109383 0
0 0 10.0911 0.146223 -0.108646 0
0 0 10.1016 0.145647 -0.108155 0
0 0 10.1012 0.145257 -0.107314 0
0 0 10.1065 0.145054 -0.107439 0
