x y z Tx Ty Tz 
0 0 0 0 0 0
0 0 0 0 0 0
0 0 0 0 0 0
0 0 0 0 0 0
0 0 0 0 0 0
0 0 0 0 0 0
0 0 0 0 0 0
0 0 0 0 0 0
0 0 0 0 0 0
0 0 0 0 0 0
0 0 0 0 0 0
0 0 0 0 0 0
0 0 0 0 0 0
0 0 0 0 0 0
0 0 0 0 0 0
0 0 0 0 0 0
0 0 0 0 0 0
0 0 0 0 0 0
0 0 0 0 0 0
0 0 0 0 0 0
0 0 0 0 0 0
0 0 0 0 0 0
0 0 0 0 0 0
0 0 0 0 0 0
0 0 0 0 0 0
0 0 0 0 0 0
0 0 0 0 0 0
0 0 0 0 0 0
0 0 0 0 0 0
0 0 0 0 0 0
0 0 0 0 0 0
0 0 0 0 0 0
0 0 0 0 0 0
0 0 0 0 0 0
0 0 0 0 0 0
0 0 0 0 0 0
0 0 0 0 0 0
0 0 0 0 0 0
0 0 0 0 0 0
0 0 0 0 0 0
0 0 0 0 0 0
0 0 0 0 0 0
0 0 0 0 0 0
0 0 0 0 0 0
0 0 0 0 0 0
0 0 0 0 0 0
0 0 0 0 0 0
0 0 0 0 0 0
0 0 0 0 0 0
0 0 0 0 0 0
0 0 0 0 0 0
0 0 0 0 0 0
0 0 0 0 0 0
0 0 0 0 0 0
0 0 0 0 0 0
0 0 0 0 0 0
0 0 0 0 0 0
0 0 0 0 0 0
0 0 0 0 0 0
0 0 0 0 0 0
0 0 0 0 0 0
0 0 0 0 0 0
0 0 0 0 0 0
0 0 0 0 0 0
0 0 1.60361 0 0 0
0 0 2.54143 -0.0611245 0 0
0 0 3.90128 -0.0933211 -0.0594256 0
0 0 5.60192 -0.133363 -0.0826457 0
0 0 7.5158 -0.177437 -0.11204 0
0 0 9.60457 -0.223154 -0.146919 0
0 0 11.6602 -0.26498 -0.183177 0
0 1.51794 13.5233 -0.300169 -0.217883 0.052412
0 1.79568 15.1552 -0.328644 -0.249366 0.0567103
0 1.96552 16.4987 -0.350922 -0.273976 0.0570456
0 2.01677 17.4295 -0.366769 -0.286967 0.0528741
0 1.93406 18.0517 -0.381586 -0.287989 0
0 1.67536 18.3845 -0.396113 -0.277397 0
0 0 18.2632 -0.407758 -0.252196 0
0 0 17.9074 -0.41807 -0.218299 0
-1.63598 0 17.3505 -0.424125 -0.181228 0
-2.02861 0 16.6432 -0.424288 -0.145468 -0.0514983
-2.19902 0 15.7206 -0.416985 -0.110448 -0.0605732
-2.16662 0 14.723 -0.402438 -0.080403 -0.0621712
-1.98427 0 13.6927 -0.381332 -0.056672 -0.058016
-1.71824 0 12.5394 -0.353082 0 -0.0505659
-1.58121 0 11.9736 -0.338349 0 0
0 0 11.4174 -0.32307 0 0
0 0 10.22 -0.287753 0 0
0 0 9.04484 -0.252207 0 0
0 0 8.01281 -0.219896 0 0
0 0 7.05995 -0.189844 0 0
0 0 6.19127 -0.162155 0 0
0 0 5.42139 -0.138816 0 0
0 0 4.83941 -0.122505 0 0
0 0 4.30459 -0.107294 0 0
0 0 3.83968 -0.0940906 0 0
0 0 3.51239 -0.0863543 0 0
0 0 3.41351 -0.0848589 0 0
0 0 3.44862 -0.0860544 0 0
0 0 3.6757 -0.0922586 0 0
0 0 4.1841 -0.106508 0 0
0 0 4.942 -0.125356 -0.0504248 0
0 0 5.84431 -0.146277 -0.0641368 0
0 0 6.96044 -0.171508 -0.0802119 0
0 0 8.25342 -0.198678 -0.10085 0
0 0 9.58822 -0.226189 -0.122473 0
0 0 10.8996 -0.252808 -0.144478 0
0 0 12.1171 -0.278037 -0.16433 0
0 0 13.2681 -0.301353 -0.182329 0
0 0 14.1255 -0.319457 -0.193989 0
0 0 14.7999 -0.335751 -0.199306 0
0 0 15.2715 -0.349474 -0.198906 0
0 0 15.5006 -0.359794 -0.190215 0
0 0 15.5208 -0.367615 -0.174971 0
0 0 15.3861 -0.373835 -0.155051 0
0 0 15.0959 -0.377111 -0.132999 0
-1.81984 0 14.7224 -0.377398 -0.111316 0
-2.05714 0 14.292 -0.374738 -0.0919137 -0.0545543
-2.14577 0 13.8329 -0.369728 -0.0751567 -0.0590178
-2.08445 0 13.3115 -0.361353 -0.0609309 -0.0586753
-1.95057 0 12.7507 -0.34974 0 -0.0555433
-1.80568 0 12.1562 -0.335736 0 -0.051651
-1.64027 0 11.4907 -0.319512 0 0
-1.51535 0 10.8198 -0.302147 0 0
0 0 10.0971 -0.282215 0 0
0 0 9.42934 -0.263086 0 0
0 0 8.82323 -0.243897 0 0
0 0 8.20992 -0.224428 0 0
0 0 7.67767 -0.207319 0 0
0 0 7.26739 -0.193374 0 0
0 0 6.84408 -0.179189 0 0
0 0 6.48041 -0.168491 0 0
0 0 6.28314 -0.163091 0 0
0 0 6.09415 -0.157149 0 0
0 0 5.93586 -0.15191 0 0
0 0 5.9024 -0.15068 0 0
0 0 6.03943 -0.154074 0 0
0 0 6.17623 -0.15691 0 0
0 0 6.48021 -0.164259 -0.0545061 0
0 0 6.98567 -0.176586 -0.0636058 0
0 0 7.57752 -0.190184 -0.0743357 0
0 0 8.231 -0.205186 -0.085439 0
0 0 8.95907 -0.221656 -0.0971451 0
0 0 9.67475 -0.236918 -0.109402 0
0 0 10.3614 -0.250912 -0.121139 0
0 0 11.0245 -0.264627 -0.130606 0
0 0 11.5444 -0.276339 -0.136817 0
0 0 11.9989 -0.287054 -0.140828 0
0 0 12.4398 -0.29861 -0.143058 0
0 0 12.7454 -0.307913 -0.142118 0
0 0 12.8409 -0.311909 -0.14015 0
0 0 12.9311 -0.316093 -0.137991 0
0 0 13.0851 -0.323537 -0.133242 0
0 0 13.124 -0.326182 -0.130279 0
0 0 13.1268 -0.328302 -0.126553 0
0 0 13.0788 -0.332101 -0.117642 0
0 0 12.9784 -0.334398 -0.107097 0
0 0 12.8911 -0.334191 -0.101288 0
0 0 12.778 -0.333365 -0.094999 0
0 0 12.5162 -0.331154 -0.0823274 0
-1.53355 0 12.2435 -0.328001 -0.0716499 0
-1.63219 0 11.8822 -0.320982 -0.0617207 0
-1.64204 0 11.5263 -0.313889 -0.0536151 0
-1.59535 0 11.1995 -0.307214 0 0
-1.50936 0 10.7848 -0.297966 0 0
0 0 10.3757 -0.288778 0 0
0 0 10.0423 -0.280784 0 0
0 0 9.68828 -0.27064 0 0
0 0 9.30454 -0.259939 0 0
0 0 9.05886 -0.252712 0 0
0 0 8.86454 -0.245485 0 0
0 0 8.6693 -0.238146 0 0
0 0 8.50593 -0.232688 0 0
0 0 8.38986 -0.228706 0 0
0 0 8.27318 -0.224475 0 0
0 0 8.18725 -0.221183 0 0
0 0 8.14159 -0.218272 0 0
0 0 8.11612 -0.215465 -0.0520771 0
0 0 8.09691 -0.213385 -0.0567734 0
0 0 8.1262 -0.212187 -0.0614336 0
0 0 8.21138 -0.212559 -0.0668447 0
0 0 8.34892 -0.214677 -0.0725084 0
0 0 8.52304 -0.218723 -0.0789197 0
0 0 8.78095 -0.224673 -0.0859917 0
0 0 9.07368 -0.231511 -0.0930297 0
0 0 9.40322 -0.238873 -0.100319 0
0 0 9.73358 -0.245789 -0.10701 0
0 0 10.0536 -0.252648 -0.112814 0
0 0 10.3505 -0.258991 -0.117114 0
0 0 10.6212 -0.264523 -0.120748 0
0 0 10.8573 -0.269796 -0.123837 0
0 0 11.0391 -0.274947 -0.12559 0
0 0 11.1888 -0.279353 -0.126758 0
0 0 11.3268 -0.28341 -0.127924 0
0 0 11.376 -0.285242 -0.128192 0
0 0 11.4175 -0.287035 -0.128181 0
0 0 11.4751 -0.290134 -0.127155 0
0 0 11.4997 -0.292027 -0.124621 0
0 0 11.505 -0.293445 -0.121112 0
0 0 11.4685 -0.295021 -0.11598 0
0 0 11.3922 -0.296074 -0.109722 0
0 0 11.3097 -0.296156 -0.103682 0
0 0 11.1899 -0.295778 -0.0971568 0
0 0 11.0424 -0.295216 -0.0901718 0
0 0 10.8706 -0.294217 -0.0820821 0
0 0 10.6641 -0.291152 -0.0746153 0
0 0 10.4129 -0.287151 -0.0670856 0
0 0 10.1393 -0.282635 -0.0603096 0
0 0 9.85708 -0.277423 -0.0540224 0
0 0 9.5651 -0.272057 0 0
0 0 9.28955 -0.267116 0 0
0 0 9.08449 -0.263679 0 0
0 0 8.94094 -0.260897 0 0
0 0 8.8284 -0.258812 0 0
0 0 8.76989 -0.257286 0 0
0 0 8.73998 -0.256354 0 0
0 0 8.73089 -0.255499 0 0
0 0 8.74075 -0.254568 0 0
0 0 8.7772 -0.253796 0 0
0 0 8.79386 -0.252915 0 0
0 0 8.84024 -0.252362 -0.0514674 0
0 0 8.91534 -0.252218 -0.0563081 0
0 0 9.05051 -0.254468 -0.0609665 0
0 0 9.20274 -0.257801 -0.0649753 0
0 0 9.4051 -0.261921 -0.069749 0
0 0 9.64555 -0.265887 -0.0755377 0
0 0 9.90976 -0.270092 -0.0810333 0
0 0 10.1704 -0.273767 -0.0860431 0
0 0 10.3624 -0.275938 -0.0908233 0
0 0 10.5316 -0.277881 -0.0949001 0
0 0 10.7035 -0.279885 -0.0985335 0
0 0 10.8118 -0.281888 -0.100387 0
0 0 10.8714 -0.283538 -0.101353 0
0 0 10.9141 -0.284634 -0.101581 0
0 0 10.9446 -0.285085 -0.101664 0
0 0 10.9239 -0.28538 -0.100378 0
0 0 10.8781 -0.285521 -0.0982207 0
0 0 10.8526 -0.286276 -0.0961489 0
0 0 10.815 -0.286978 -0.0931944 0
0 0 10.7772 -0.288128 -0.0896964 0
0 0 10.7548 -0.289095 -0.0868602 0
0 0 10.7408 -0.289709 -0.0843552 0
0 0 10.7283 -0.289964 -0.0827031 0
0 0 10.6997 -0.28987 -0.0806175 0
0 0 10.6156 -0.289295 -0.0765167 0
0 0 10.5373 -0.289146 -0.0730186 0
0 0 10.4327 -0.288642 -0.068717 0
0 0 10.2871 -0.287373 -0.0636952 0
0 0 10.1394 -0.285911 -0.0595252 0
0 0 10.001 -0.283715 -0.0566562 0
0 0 9.85392 -0.280585 -0.0536336 0
0 0 9.6602 -0.27644 -0.0508302 0
0 0 9.49369 -0.272747 0 0
0 0 9.35501 -0.26914 0 0
0 0 9.2869 -0.267342 0 0
0 0 9.1001 -0.263369 0 0
0 0 9.05668 -0.262396 0 0
0 0 9.04684 -0.261831 0 0
0 0 9.02303 -0.261323 0 0
0 0 9.02308 -0.26135 0 0
0 0 9.05558 -0.261546 0 0
0 0 9.08486 -0.26125 0 0
0 0 9.14464 -0.261549 -0.0519399 0
0 0 9.27571 -0.26266 -0.0559621 0
0 0 9.41614 -0.26412 -0.060682 0
0 0 9.5551 -0.266142 -0.0658577 0
0 0 9.73749 -0.268788 -0.0706111 0
0 0 9.90839 -0.27174 -0.075027 0
0 0 10.0572 -0.274378 -0.0789109 0
0 0 10.1357 -0.276113 -0.0802033 0
0 0 10.2132 -0.277866 -0.0812185 0
0 0 10.3638 -0.280563 -0.0828263 0
0 0 10.4882 -0.282772 -0.0844124 0
0 0 10.5513 -0.283788 -0.0855347 0
0 0 10.5825 -0.28454 -0.0858745 0
0 0 10.5889 -0.284672 -0.0859601 0
0 0 10.5782 -0.284269 -0.0862503 0
0 0 10.5775 -0.283833 -0.0868784 0
0 0 10.5939 -0.283697 -0.0872256 0
0 0 10.634 -0.284117 -0.0872741 0
0 0 10.657 -0.284826 -0.0869598 0
0 0 10.6703 -0.286216 -0.0866912 0
0 0 10.6865 -0.288023 -0.0862292 0
0 0 10.6834 -0.290001 -0.0848172 0
0 0 10.677 -0.290885 -0.0840419 0
0 0 10.6643 -0.291497 -0.0831219 0
0 0 10.6188 -0.292028 -0.0801073 0
0 0 10.5486 -0.291423 -0.0762076 0
0 0 10.437 -0.289651 -0.0719488 0
0 0 10.325 -0.287792 -0.0677623 0
0 0 10.22 -0.286147 -0.0633975 0
0 0 10.1261 -0.284752 -0.0595298 0
0 0 10.0183 -0.283076 -0.0570034 0
0 0 9.86182 -0.280483 -0.0542505 0
0 0 9.69898 -0.277497 -0.0512542 0
0 0 9.61895 -0.275771 -0.0503445 0
0 0 9.53272 -0.273826 0 0
0 0 9.33986 -0.269838 0 0
0 0 9.18063 -0.265949 0 0
0 0 9.09865 -0.263246 0 0
0 0 9.06452 -0.26191 0 0
0 0 9.0341 -0.260843 0 0
0 0 9.00881 -0.259618 0 0
0 0 9.01915 -0.259067 0 0
0 0 9.02989 -0.258902 -0.0514193 0
0 0 9.07985 -0.259089 -0.0546851 0
0 0 9.16076 -0.259512 -0.0581034 0
0 0 9.2933 -0.261043 -0.0623458 0
0 0 9.50396 -0.264288 -0.0675333 0
0 0 9.7035 -0.268055 -0.0721918 0
0 0 9.91489 -0.271649 -0.0768666 0
0 0 10.1335 -0.275548 -0.0815838 0
0 0 10.3053 -0.279447 -0.0851714 0
0 0 10.4406 -0.282192 -0.0882667 0
0 0 10.5597 -0.283592 -0.090575 0
0 0 10.6747 -0.284955 -0.0922216 0
0 0 10.7468 -0.286205 -0.0927634 0
0 0 10.7805 -0.286712 -0.0929759 0
0 0 10.8656 -0.287702 -0.0936904 0
0 0 10.8775 -0.288064 -0.0937518 0
0 0 10.8735 -0.288602 -0.0935175 0
0 0 10.8563 -0.28945 -0.0921119 0
0 0 10.8155 -0.289812 -0.0899521 0
0 0 10.7706 -0.290011 -0.0874839 0
0 0 10.7301 -0.290888 -0.0840945 0
0 0 10.7066 -0.291982 -0.0801407 0
0 0 10.6859 -0.29248 -0.0767068 0
0 0 10.6344 -0.291828 -0.0730936 0
0 0 10.5518 -0.291397 -0.0691582 0
0 0 10.4308 -0.290297 -0.0643541 0
0 0 10.2703 -0.288153 -0.059625 0
0 0 10.0623 -0.28472 -0.0556141 0
0 0 9.81429 -0.280652 -0.0519508 0
0 0 9.58348 -0.276253 0 0
0 0 9.48841 -0.274166 0 0
0 0 9.25793 -0.268458 0 0
0 0 9.12571 -0.265161 0 0
0 0 9.04097 -0.262785 0 0
0 0 9.03561 -0.261833 0 0
0 0 9.05014 -0.261146 0 0
0 0 9.05134 -0.260321 0 0
0 0 9.05596 -0.260215 0 0
0 0 9.09298 -0.260466 0 0
0 0 9.13759 -0.260544 -0.0527365 0
0 0 9.16994 -0.260214 -0.0548133 0
0 0 9.20374 -0.260482 -0.056337 0
0 0 9.24797 -0.261068 -0.0580898 0
0 0 9.37543 -0.262995 -0.0623649 0
0 0 9.55279 -0.265136 -0.0675202 0
0 0 9.65012 -0.266673 -0.0696749 0
0 0 9.75503 -0.268683 -0.0716698 0
0 0 9.97989 -0.273617 -0.0760019 0
0 0 10.1972 -0.278549 -0.0796295 0
0 0 10.3925 -0.282097 -0.0826639 0
0 0 10.5696 -0.285389 -0.0851359 0
0 0 10.6759 -0.28745 -0.0870691 0
0 0 10.7448 -0.288424 -0.0885313 0
0 0 10.7943 -0.289016 -0.0892969 0
0 0 10.8359 -0.289621 -0.0896644 0
0 0 10.849 -0.290546 -0.0890291 0
0 0 10.8356 -0.291113 -0.0878723 0
0 0 10.8311 -0.292165 -0.0860986 0
0 0 10.8129 -0.292919 -0.0845246 0
0 0 10.7706 -0.293065 -0.0825407 0
0 0 10.7229 -0.292799 -0.0797165 0
0 0 10.6637 -0.292365 -0.0757897 0
0 0 10.61 -0.292 -0.0725315 0
0 0 10.5227 -0.290656 -0.0693325 0
0 0 10.4046 -0.289017 -0.0648396 0
0 0 10.2591 -0.286779 -0.0601562 0
0 0 10.121 -0.283861 -0.057515 0
0 0 9.93855 -0.280132 -0.0554962 0
0 0 9.73584 -0.276999 -0.0521115 0
0 0 9.56008 -0.273382 0 0
0 0 9.43318 -0.270106 0 0
0 0 9.31462 -0.267397 0 0
0 0 9.23126 -0.265669 0 0
0 0 9.19468 -0.264269 0 0
0 0 9.18664 -0.263732 0 0
0 0 9.17725 -0.263343 0 0
0 0 9.15405 -0.26248 0 0
0 0 9.15777 -0.261813 -0.050423 0
0 0 9.16295 -0.261438 -0.0527825 0
0 0 9.16991 -0.261038 -0.0546807 0
0 0 9.19015 -0.260366 -0.0566358 0
0 0 9.23499 -0.260476 -0.0588049 0
0 0 9.31642 -0.261722 -0.0612034 0
0 0 9.39527 -0.262786 -0.0636853 0
0 0 9.51032 -0.263852 -0.0677368 0
0 0 9.59858 -0.264967 -0.0704604 0
0 0 9.6995 -0.266504 -0.0730091 0
0 0 9.93544 -0.270119 -0.0779794 0
0 0 10.1547 -0.273276 -0.0826785 0
0 0 10.3526 -0.2767 -0.0863343 0
0 0 10.451 -0.278474 -0.087999 0
0 0 10.5396 -0.280235 -0.089234 0
0 0 10.6601 -0.283321 -0.090322 0
0 0 10.7111 -0.284457 -0.0910269 0
0 0 10.7403 -0.285165 -0.0914247 0
0 0 10.7707 -0.286109 -0.0915143 0
0 0 10.7886 -0.287431 -0.091411 0
0 0 10.7896 -0.288401 -0.0901104 0
0 0 10.79 -0.289123 -0.0881525 0
0 0 10.769 -0.290194 -0.0854134 0
0 0 10.7043 -0.290658 -0.0817663 0
0 0 10.6309 -0.290532 -0.0781784 0
0 0 10.6096 -0.291165 -0.0757794 0
0 0 10.5672 -0.291303 -0.0738284 0
0 0 10.4788 -0.290046 -0.0706905 0
0 0 10.3879 -0.288196 -0.0675573 0
0 0 10.2864 -0.286128 -0.0646083 0
0 0 10.1249 -0.282961 -0.0609405 0
0 0 9.91315 -0.27799 -0.0571434 0
0 0 9.72085 -0.273413 -0.0541498 0
0 0 9.54123 -0.269628 -0.0523085 0
0 0 9.36215 -0.266462 -0.0506062 0
0 0 9.19558 -0.262884 0 0
0 0 9.06618 -0.260025 0 0
0 0 8.97713 -0.258797 0 0
0 0 8.93805 -0.258888 0 0
0 0 8.90031 -0.25855 0 0
0 0 8.89759 -0.258421 0 0
0 0 8.91775 -0.258619 0 0
0 0 9.0044 -0.259767 -0.0524513 0
0 0 9.15461 -0.26122 -0.0575575 0
0 0 9.32352 -0.262198 -0.0631082 0
0 0 9.58084 -0.265059 -0.0697922 0
0 0 9.85477 -0.269233 -0.0762479 0
0 0 9.99079 -0.271579 -0.079391 0
0 0 10.3396 -0.277186 -0.0877446 0
0 0 10.5167 -0.280589 -0.0908624 0
0 0 10.641 -0.283399 -0.093038 0
0 0 10.7011 -0.284757 -0.0941386 0
0 0 10.7619 -0.285738 -0.0954289 0
0 0 10.7853 -0.286681 -0.0955709 0
0 0 10.796 -0.287029 -0.0953365 0
0 0 10.8087 -0.287151 -0.0952247 0
0 0 10.8132 -0.287489 -0.0946968 0
0 0 10.8256 -0.287869 -0.0936032 0
0 0 10.8462 -0.288494 -0.0923941 0
0 0 10.838 -0.288503 -0.0905481 0
0 0 10.8149 -0.288889 -0.0879669 0
0 0 10.8036 -0.289511 -0.0851524 0
0 0 10.765 -0.28962 -0.0823263 0
0 0 10.6304 -0.287976 -0.0785442 0
0 0 10.465 -0.285368 -0.0745088 0
0 0 10.3149 -0.284092 -0.0703928 0
0 0 10.1413 -0.282171 -0.0666584 0
0 0 9.92346 -0.278742 -0.0622353 0
0 0 9.71456 -0.274985 -0.0578403 0
0 0 9.55087 -0.271896 -0.0537637 0
0 0 9.42621 -0.268755 -0.0509181 0
0 0 9.30593 -0.265373 0 0
0 0 9.19396 -0.263144 0 0
0 0 9.12467 -0.261889 0 0
0 0 9.09232 -0.261298 0 0
0 0 9.06074 -0.261383 0 0
0 0 9.03218 -0.261259 0 0
0 0 9.04338 -0.260815 0 0
0 0 9.06221 -0.260132 -0.0522394 0
0 0 9.06566 -0.259447 -0.0549064 0
0 0 9.09111 -0.259097 -0.0576977 0
0 0 9.18008 -0.259366 -0.0618217 0
0 0 9.28225 -0.259852 -0.0665792 0
0 0 9.39266 -0.260249 -0.07211 0
0 0 9.56338 -0.261883 -0.0779304 0
0 0 9.82999 -0.266013 -0.0840797 0
0 0 10.083 -0.270708 -0.0886563 0
0 0 10.2888 -0.27482 -0.0915361 0
0 0 10.507 -0.279329 -0.0943065 0
0 0 10.7164 -0.283728 -0.0970528 0
0 0 10.8343 -0.285802 -0.0983652 0
0 0 10.8759 -0.286006 -0.0994849 0
0 0 10.8888 -0.28621 -0.100013 0
0 0 10.9047 -0.286578 -0.100433 0
0 0 10.936 -0.287277 -0.1007 0
0 0 10.9419 -0.287516 -0.0997186 0
0 0 10.9407 -0.28725 -0.0984287 0
0 0 10.9289 -0.287418 -0.0968766 0
0 0 10.9004 -0.287659 -0.0942379 0
0 0 10.8579 -0.287956 -0.0913569 0
0 0 10.7983 -0.288436 -0.0878177 0
0 0 10.7499 -0.289545 -0.0838446 0
0 0 10.663 -0.290258 -0.079263 0
0 0 10.5143 -0.288758 -0.0746881 0
0 0 10.3268 -0.285414 -0.0697143 0
0 0 10.1396 -0.281875 -0.0649552 0
0 0 10.0372 -0.279928 -0.0624097 0
0 0 9.7406 -0.274313 -0.0562077 0
0 0 9.56653 -0.270908 -0.0523467 0
0 0 9.4337 -0.268405 0 0
0 0 9.30343 -0.266353 0 0
0 0 9.19 -0.264563 0 0
0 0 9.07262 -0.262537 0 0
0 0 8.98825 -0.26071 0 0
0 0 8.95438 -0.260119 0 0
0 0 8.95668 -0.259842 0 0
0 0 8.97633 -0.258958 0 0
0 0 8.98795 -0.257981 -0.0517338 0
0 0 9.01002 -0.256887 -0.053771 0
0 0 9.07883 -0.256836 -0.0579366 0
0 0 9.22016 -0.257681 -0.0639906 0
0 0 9.3443 -0.25875 -0.0693896 0
0 0 9.47044 -0.260233 -0.0746731 0
0 0 9.64907 -0.262868 -0.0803917 0
0 0 9.7643 -0.265 -0.0830988 0
0 0 9.88699 -0.26723 -0.0856477 0
0 0 10.1056 -0.271646 -0.0899652 0
0 0 10.3158 -0.276214 -0.094309 0
0 0 10.5297 -0.280298 -0.0981904 0
0 0 10.7394 -0.284142 -0.101023 0
0 0 10.8763 -0.28678 -0.102759 0
0 0 10.928 -0.28761 -0.103202 0
0 0 10.9368 -0.287497 -0.103084 0
0 0 10.9403 -0.287449 -0.102854 0
0 0 10.955 -0.288314 -0.101595 0
0 0 10.9619 -0.289465 -0.0998572 0
0 0 10.9399 -0.289738 -0.0982752 0
0 0 10.9359 -0.2896 -0.0972254 0
0 0 10.9338 -0.289926 -0.0949895 0
0 0 10.9321 -0.290925 -0.0919961 0
0 0 10.9197 -0.291207 -0.0903863 0
0 0 10.8959 -0.2913 -0.0886186 0
0 0 10.8197 -0.291017 -0.0840537 0
0 0 10.6938 -0.289704 -0.0789014 0
0 0 10.5274 -0.288287 -0.0730531 0
0 0 10.3009 -0.28582 -0.0664991 0
0 0 10.0373 -0.281833 -0.0602883 0
0 0 9.7683 -0.276822 -0.0553564 0
0 0 9.53188 -0.272965 -0.0507798 0
0 0 9.35278 -0.269981 0 0
0 0 9.19425 -0.266648 0 0
0 0 9.08578 -0.263859 0 0
0 0 9.0112 -0.262315 0 0
0 0 8.98174 -0.261702 0 0
0 0 8.94872 -0.260838 0 0
0 0 8.94138 -0.260382 0 0
0 0 8.94333 -0.259625 0 0
0 0 8.97866 -0.259064 -0.0509799 0
0 0 9.08279 -0.259823 -0.055142 0
0 0 9.22979 -0.262054 -0.0596337 0
0 0 9.37739 -0.264472 -0.0634619 0
0 0 9.55937 -0.26702 -0.0679966 0
0 0 9.75982 -0.270251 -0.0729712 0
0 0 9.93518 -0.273351 -0.0770457 0
0 0 10.0975 -0.276308 -0.0805762 0
0 0 10.3043 -0.279691 -0.084978 0
0 0 10.5132 -0.283256 -0.0887814 0
0 0 10.6939 -0.286839 -0.0913682 0
0 0 10.8492 -0.289565 -0.0937037 0
0 0 10.9818 -0.291689 -0.0957773 0
0 0 11.0475 -0.292297 -0.0965688 0
0 0 11.0422 -0.292195 -0.0960624 0
0 0 10.9933 -0.29186 -0.0944665 0
0 0 10.9602 -0.292128 -0.0928937 0
0 0 10.9456 -0.292941 -0.0913156 0
0 0 10.9028 -0.29377 -0.0886728 0
0 0 10.8216 -0.293554 -0.0853163 0
0 0 10.6856 -0.291791 -0.0815356 0
0 0 10.4866 -0.288261 -0.0773403 0
0 0 10.2387 -0.283856 -0.0724235 0
0 0 9.98502 -0.279182 -0.0678875 0
0 0 9.76174 -0.274825 -0.0646902 0
0 0 9.59025 -0.271798 -0.0618307 0
0 0 9.43106 -0.268769 -0.0593332 0
0 0 9.29244 -0.266351 -0.0572752 0
0 0 9.18975 -0.264327 -0.0559814 0
0 0 9.09785 -0.262112 -0.0537905 0
0 0 9.00054 -0.259823 -0.0513021 0
0 0 8.95357 -0.258847 -0.0500335 0
0 0 8.97253 -0.258858 -0.0503875 0
0 0 8.99259 -0.258576 -0.0514104 0
0 0 8.99887 -0.258663 -0.0532123 0
0 0 9.02307 -0.25904 -0.0557496 0
0 0 9.10572 -0.260207 -0.0593998 0
0 0 9.24371 -0.261408 -0.0642553 0
0 0 9.42446 -0.264161 -0.0691271 0
0 0 9.6235 -0.267153 -0.0736669 0
0 0 9.86477 -0.270808 -0.0792688 0
0 0 10.1158 -0.274616 -0.0849007 0
0 0 10.3386 -0.278598 -0.0894741 0
0 0 10.5262 -0.282581 -0.0934831 0
0 0 10.6844 -0.285409 -0.0972841 0
0 0 10.8153 -0.28741 -0.0995615 0
0 0 10.864 -0.288277 -0.100057 0
0 0 10.8727 -0.288778 -0.100177 0
0 0 10.8666 -0.289041 -0.0996035 0
0 0 10.8589 -0.289293 -0.0983905 0
0 0 10.8628 -0.29003 -0.0968058 0
0 0 10.8984 -0.291189 -0.0957613 0
0 0 10.9465 -0.292414 -0.0944417 0
0 0 10.9716 -0.29372 -0.092441 0
0 0 10.9727 -0.295174 -0.0895998 0
0 0 10.8858 -0.29479 -0.0854992 0
0 0 10.7137 -0.293144 -0.0804106 0
0 0 10.5135 -0.291083 -0.0746852 0
0 0 10.3027 -0.288357 -0.0693804 0
0 0 10.0971 -0.284632 -0.0648149 0
0 0 9.92582 -0.281412 -0.0605373 0
0 0 9.78032 -0.278167 -0.0571643 0
0 0 9.6238 -0.274279 -0.0546582 0
0 0 9.45144 -0.270247 -0.0517749 0
0 0 9.30872 -0.266813 0 0
0 0 9.24214 -0.2652 0 0
0 0 9.1735 -0.2636 0 0
0 0 9.0455 -0.261119 0 0
0 0 9.00368 -0.260603 0 0
0 0 8.97497 -0.26009 0 0
0 0 8.95669 -0.259377 0 0
0 0 8.93485 -0.258582 0 0
0 0 8.89189 -0.257607 0 0
0 0 8.88188 -0.256996 -0.0501213 0
0 0 8.89941 -0.256548 -0.0524563 0
0 0 8.96856 -0.257659 -0.0559653 0
0 0 9.10752 -0.259894 -0.0610192 0
0 0 9.30246 -0.262822 -0.066631 0
0 0 9.53399 -0.266144 -0.0716137 0
0 0 9.80802 -0.2701 -0.077578 0
0 0 10.0866 -0.274346 -0.0837038 0
0 0 10.3109 -0.277865 -0.0882589 0
0 0 10.5279 -0.28114 -0.0920658 0
0 0 10.7311 -0.284343 -0.0957746 0
0 0 10.8712 -0.287071 -0.0982838 0
0 0 10.957 -0.288639 -0.0991081 0
0 0 11.0434 -0.28987 -0.10031 0
0 0 11.1137 -0.290846 -0.101382 0
0 0 11.1355 -0.291551 -0.100972 0
0 0 11.1192 -0.291925 -0.0992168 0
0 0 11.1145 -0.292944 -0.0973168 0
0 0 11.1111 -0.293858 -0.095921 0
0 0 11.1071 -0.29484 -0.0944239 0
0 0 11.0912 -0.296515 -0.0912548 0
0 0 11.0114 -0.297236 -0.0864886 0
0 0 10.8759 -0.296636 -0.0809609 0
0 0 10.7183 -0.29533 -0.0757684 0
0 0 10.5381 -0.29273 -0.070403 0
0 0 10.3227 -0.2891 -0.0646411 0
0 0 10.0952 -0.285036 -0.0591217 0
0 0 9.87397 -0.280855 -0.0550361 0
0 0 9.63685 -0.276066 -0.0506674 0
0 0 9.41002 -0.27144 0 0
0 0 9.19389 -0.267118 0 0
0 0 9.00048 -0.263165 0 0
0 0 8.8617 -0.260393 0 0
0 0 8.8154 -0.259041 0 0
0 0 8.80534 -0.258027 0 0
0 0 8.79666 -0.257486 0 0
0 0 8.79465 -0.257214 0 0
0 0 8.80229 -0.256489 0 0
0 0 8.80949 -0.255465 0 0
0 0 8.86092 -0.256087 -0.0515442 0
0 0 8.98531 -0.257667 -0.0556238 0
0 0 9.17034 -0.259546 -0.0616971 0
0 0 9.26966 -0.260704 -0.0650598 0
0 0 9.60138 -0.265712 -0.0739962 0
0 0 9.84236 -0.269321 -0.0800649 0
0 0 10.0979 -0.272845 -0.0863659 0
0 0 10.3184 -0.27646 -0.0917945 0
0 0 10.5233 -0.279674 -0.0960636 0
0 0 10.7096 -0.282812 -0.100002 0
0 0 10.8585 -0.28546 -0.102755 0
0 0 10.9507 -0.286943 -0.104236 0
0 0 10.9874 -0.287663 -0.104586 0
0 0 11.0132 -0.288123 -0.104864 0
0 0 11.0119 -0.288813 -0.103934 0
0 0 11.014 -0.289326 -0.103218 0
0 0 11.0274 -0.290668 -0.101838 0
0 0 11.0365 -0.292079 -0.100329 0
0 0 11.0081 -0.293101 -0.0976977 0
0 0 10.987 -0.294338 -0.0949946 0
0 0 10.9724 -0.295038 -0.0919817 0
0 0 10.8911 -0.294177 -0.0868735 0
0 0 10.7313 -0.291948 -0.080382 0
0 0 10.5652 -0.289612 -0.0739784 0
0 0 10.3685 -0.28646 -0.067996 0
0 0 10.1439 -0.282852 -0.061985 0
0 0 9.97179 -0.2799 -0.0582221 0
0 0 9.90818 -0.278973 -0.0569623 0
0 0 9.85317 -0.27831 -0.0559806 0
0 0 9.72907 -0.276281 -0.0541772 0
0 0 9.55048 -0.272718 -0.050985 0
0 0 9.39249 -0.269064 0 0
0 0 9.19486 -0.265646 0 0
0 0 9.02149 -0.262462 0 0
0 0 8.88753 -0.259354 0 0
0 0 8.82143 -0.258062 0 0
0 0 8.806 -0.25777 0 0
0 0 8.83136 -0.258026 0 0
0 0 8.8688 -0.258098 0 0
0 0 8.88404 -0.258252 0 0
0 0 8.90465 -0.25794 -0.0512213 0
0 0 8.99707 -0.258269 -0.0566444 0
0 0 9.14397 -0.259428 -0.0618961 0
0 0 9.32788 -0.261716 -0.0675551 0
0 0 9.57293 -0.265153 -0.0741315 0
0 0 9.90164 -0.270268 -0.0813557 0
0 0 10.2528 -0.275618 -0.088445 0
0 0 10.5492 -0.280881 -0.0938979 0
0 0 10.8132 -0.285147 -0.098459 0
0 0 11.0271 -0.288494 -0.101856 0
0 0 11.1914 -0.291253 -0.103796 0
0 0 11.2653 -0.292988 -0.10395 0
0 0 11.3039 -0.294723 -0.103095 0
0 0 11.2935 -0.29558 -0.10122 0
0 0 11.2882 -0.296119 -0.10024 0
0 0 11.2271 -0.297308 -0.096133 0
0 0 11.1831 -0.297277 -0.094504 0
0 0 11.1447 -0.297002 -0.0930776 0
0 0 11.0852 -0.296548 -0.0910214 0
0 0 11.0116 -0.295865 -0.0883939 0
0 0 10.8291 -0.293744 -0.0821202 0
0 0 10.5884 -0.290166 -0.0755553 0
0 0 10.324 -0.286512 -0.0685763 0
0 0 10.0204 -0.281572 -0.061288 0
0 0 9.69232 -0.27558 -0.0538114 0
0 0 9.39961 -0.268677 0 0
0 0 9.14798 -0.262401 0 0
0 0 8.94207 -0.256079 0 0
0 0 8.77524 -0.250012 0 0
0 0 8.68321 -0.245638 0 0
0 0 8.6191 -0.242539 0 0
0 0 8.58798 -0.240641 0 0
0 0 8.57265 -0.239117 0 0
0 0 8.55891 -0.238183 -0.0500477 0
0 0 8.57179 -0.237096 -0.0546208 0
0 0 8.65998 -0.237693 -0.0609127 0
0 0 8.80259 -0.238999 -0.0680846 0
0 0 8.97039 -0.241175 -0.0750469 0
0 0 9.19776 -0.243856 -0.0827482 0
0 0 9.48488 -0.248047 -0.0903157 0
0 0 9.77626 -0.253272 -0.096897 0
0 0 10.0696 -0.258616 -0.103048 0
0 0 10.354 -0.264617 -0.108261 0
0 0 10.6375 -0.271178 -0.112351 0
0 0 10.8672 -0.276788 -0.114769 0
0 0 11.0388 -0.280743 -0.116338 0
0 0 11.1545 -0.283384 -0.116855 0
0 0 11.2304 -0.28545 -0.116394 0
0 0 11.275 -0.285929 -0.115803 0
0 0 11.278 -0.286224 -0.113948 0
0 0 11.2736 -0.286785 -0.111651 0
0 0 11.2587 -0.287511 -0.108619 0
0 0 11.2282 -0.288289 -0.105113 0
0 0 11.1792 -0.288843 -0.10147 0
0 0 11.0526 -0.288144 -0.0967847 0
0 0 10.8926 -0.286391 -0.0924191 0
0 0 10.7015 -0.283925 -0.0880677 0
0 0 10.4893 -0.280479 -0.0831506 0
0 0 10.269 -0.276597 -0.0773855 0
0 0 10.0629 -0.272791 -0.072026 0
0 0 9.8689 -0.269032 -0.0674754 0
0 0 9.69626 -0.26548 -0.0624838 0
0 0 9.54649 -0.262559 -0.0586787 0
0 0 9.36919 -0.259461 -0.0554116 0
0 0 9.19277 -0.256434 -0.0527025 0
0 0 9.06719 -0.254398 -0.050994 0
0 0 9.02125 -0.253424 -0.0507217 0
0 0 8.96843 -0.252386 -0.0506179 0
0 0 8.8652 -0.25075 -0.0502198 0
0 0 8.82391 -0.249981 -0.0505387 0
0 0 8.80902 -0.24937 -0.05191 0
0 0 8.80172 -0.248668 -0.0533088 0
0 0 8.80728 -0.247815 -0.0553725 0
0 0 8.85802 -0.247802 -0.0586877 0
0 0 8.9526 -0.248152 -0.0630482 0
0 0 9.09604 -0.249458 -0.0683081 0
0 0 9.29074 -0.251584 -0.0744932 0
0 0 9.49647 -0.254327 -0.080252 0
0 0 9.70918 -0.257521 -0.0850106 0
0 0 9.90896 -0.260733 -0.0896045 0
0 0 10.084 -0.263448 -0.0937691 0
0 0 10.2145 -0.265595 -0.0970189 0
0 0 10.3258 -0.267045 -0.100312 0
0 0 10.4767 -0.269096 -0.104055 0
0 0 10.6455 -0.271766 -0.107283 0
0 0 10.8077 -0.274403 -0.109803 0
0 0 10.9349 -0.276604 -0.11158 0
0 0 11.0751 -0.279112 -0.113173 0
0 0 11.181 -0.281675 -0.113506 0
0 0 11.2184 -0.283094 -0.113336 0
0 0 11.2343 -0.283992 -0.112467 0
0 0 11.2361 -0.284445 -0.111663 0
0 0 11.2296 -0.284903 -0.110675 0
0 0 11.2146 -0.286059 -0.107901 0
0 0 11.131 -0.28653 -0.103428 0
0 0 10.9739 -0.285792 -0.0979078 0
0 0 10.7538 -0.283267 -0.0917926 0
0 0 10.5163 -0.280166 -0.0857124 0
0 0 10.294 -0.276288 -0.0802256 0
0 0 10.0794 -0.272534 -0.0750712 0
0 0 9.90221 -0.269069 -0.070701 0
0 0 9.73363 -0.265506 -0.0668529 0
0 0 9.56086 -0.262378 -0.0636108 0
0 0 9.38207 -0.258861 -0.0607938 0
0 0 9.19646 -0.255723 -0.058216 0
0 0 9.03076 -0.252309 -0.0574814 0
0 0 8.91831 -0.250117 -0.0572196 0
0 0 8.86744 -0.24872 -0.0573687 0
0 0 8.81444 -0.24718 -0.0581826 0
0 0 8.78 -0.245939 -0.0596935 0
0 0 8.75652 -0.244423 -0.0612554 0
0 0 8.76305 -0.243131 -0.0628808 0
0 0 8.78903 -0.242107 -0.0652899 0
0 0 8.92212 -0.242818 -0.0699458 0
0 0 9.09523 -0.244392 -0.075287 0
0 0 9.28572 -0.246215 -0.0808527 0
0 0 9.49924 -0.248952 -0.0868024 0
0 0 9.75532 -0.252839 -0.0936194 0
0 0 9.99897 -0.257022 -0.0996646 0
0 0 10.2069 -0.261258 -0.104121 0
0 0 10.4491 -0.266219 -0.109125 0
0 0 10.6673 -0.270516 -0.113634 0
0 0 10.8394 -0.274254 -0.116354 0
0 0 10.957 -0.277475 -0.11768 0
0 0 11.0433 -0.279794 -0.118336 0
0 0 11.092 -0.280942 -0.118091 0
0 0 11.1132 -0.28198 -0.116895 0
0 0 11.134 -0.283206 -0.115553 0
0 0 11.1419 -0.283631 -0.114072 0
0 0 11.1564 -0.283805 -0.112328 0
0 0 11.154 -0.284087 -0.109926 0
0 0 11.0956 -0.283826 -0.106169 0
0 0 10.9768 -0.282732 -0.101208 0
0 0 10.8293 -0.281377 -0.0953667 0
0 0 10.6572 -0.279805 -0.0889992 0
0 0 10.4464 -0.277854 -0.0826071 0
0 0 10.2134 -0.275123 -0.0765498 0
0 0 10.1071 -0.273633 -0.0738227 0
0 0 10.0192 -0.272409 -0.0715257 0
0 0 9.81422 -0.268967 -0.0672325 0
0 0 9.59101 -0.264661 -0.0633123 0
0 0 9.368 -0.26044 -0.0596066 0
0 0 9.16868 -0.256734 -0.0556265 0
0 0 9.02611 -0.253811 -0.0528163 0
0 0 8.93201 -0.251832 -0.0511592 0
0 0 8.88578 -0.251385 -0.0510189 0
0 0 8.88626 -0.252045 -0.0524651 0
0 0 8.91772 -0.252065 -0.0544856 0
0 0 8.94962 -0.251915 -0.0569197 0
0 0 8.92825 -0.250748 -0.0587976 0
0 0 8.93886 -0.249471 -0.0623958 0
0 0 9.01222 -0.248862 -0.0664774 0
0 0 9.12516 -0.249226 -0.0708952 0
0 0 9.31059 -0.251897 -0.0758417 0
0 0 9.56104 -0.25603 -0.0816109 0
0 0 9.84543 -0.260961 -0.0870356 0
0 0 10.0871 -0.264986 -0.0912746 0
0 0 10.266 -0.268249 -0.0950329 0
0 0 10.3938 -0.27024 -0.0983822 0
0 0 10.4447 -0.270019 -0.100944 0
0 0 10.4704 -0.270079 -0.102593 0
0 0 10.5003 -0.270622 -0.103578 0
0 0 10.5345 -0.271166 -0.103632 0
0 0 10.571 -0.271595 -0.103314 0
0 0 10.5934 -0.272757 -0.102609 0
0 0 10.6344 -0.274187 -0.102278 0
0 0 10.6705 -0.275136 -0.102222 0
0 0 10.7006 -0.275553 -0.102701 0
0 0 10.7013 -0.276042 -0.10253 0
0 0 10.6906 -0.276443 -0.101433 0
0 0 10.7034 -0.276764 -0.100542 0
0 0 10.6905 -0.276847 -0.0984877 0
0 0 10.6517 -0.277619 -0.0949271 0
0 0 10.5988 -0.278309 -0.0906726 0
0 0 10.5691 -0.279002 -0.0869619 0
0 0 10.5265 -0.280003 -0.083429 0
0 0 10.4618 -0.280627 -0.07964 0
0 0 10.3868 -0.280281 -0.0765838 0
0 0 10.304 -0.279366 -0.0737868 0
0 0 10.1895 -0.277864 -0.0713322 0
0 0 10.0763 -0.275986 -0.0688778 0
0 0 9.96278 -0.274083 -0.0667839 0
0 0 9.80366 -0.271533 -0.0636752 0
0 0 9.61123 -0.267954 -0.0603767 0
0 0 9.44032 -0.26407 -0.0584268 0
0 0 9.26779 -0.260233 -0.0568734 0
0 0 9.07493 -0.256321 -0.0549534 0
0 0 8.99153 -0.254667 -0.0542641 0
0 0 8.92151 -0.253143 -0.0540729 0
0 0 8.83819 -0.250847 -0.0547286 0
0 0 8.81021 -0.249623 -0.0557554 0
0 0 8.79739 -0.248858 -0.0563887 0
0 0 8.7985 -0.247766 -0.057973 0
0 0 8.83744 -0.246461 -0.0611789 0
0 0 8.94848 -0.246985 -0.0652298 0
0 0 9.11945 -0.249554 -0.0702389 0
0 0 9.32017 -0.253516 -0.0749246 0
0 0 9.57439 -0.258001 -0.080392 0
0 0 9.85032 -0.262989 -0.0857698 0
0 0 10.1021 -0.267777 -0.0905597 0
0 0 10.2873 -0.271075 -0.0941759 0
0 0 10.4164 -0.272836 -0.0971823 0
0 0 10.4771 -0.273446 -0.0988309 0
0 0 10.5283 -0.273922 -0.10029 0
0 0 10.6039 -0.274932 -0.102057 0
0 0 10.6769 -0.276555 -0.103351 0
0 0 10.7726 -0.27827 -0.105284 0
0 0 10.8953 -0.2804 -0.107049 0
0 0 11.0038 -0.2829 -0.108682 0
0 0 11.0888 -0.285096 -0.109622 0
0 0 11.1597 -0.286647 -0.109798 0
0 0 11.1869 -0.287372 -0.107852 0
0 0 11.1437 -0.28769 -0.104638 0
0 0 11.0575 -0.287233 -0.100667 0
0 0 10.9117 -0.28572 -0.0947492 0
0 0 10.744 -0.284081 -0.0883091 0
0 0 10.5471 -0.28176 -0.0821291 0
0 0 10.3112 -0.278468 -0.0768402 0
0 0 10.0465 -0.274291 -0.0716143 0
0 0 9.77968 -0.270191 -0.0666427 0
0 0 9.55359 -0.266195 -0.0635925 0
0 0 9.32301 -0.261692 -0.0617994 0
0 0 9.16352 -0.257975 -0.0607138 0
0 0 9.04311 -0.255231 -0.0594087 0
0 0 8.95846 -0.252928 -0.0592026 0
0 0 8.91255 -0.251374 -0.0597784 0
0 0 8.8996 -0.250529 -0.0604219 0
0 0 8.90713 -0.250128 -0.0615501 0
0 0 8.93543 -0.24977 -0.0638229 0
0 0 9.01865 -0.250295 -0.0668265 0
0 0 9.13089 -0.251127 -0.0698944 0
0 0 9.28415 -0.252671 -0.0743377 0
0 0 9.4557 -0.254781 -0.0793403 0
0 0 9.63392 -0.256975 -0.0840023 0
0 0 9.79548 -0.25939 -0.0877878 0
0 0 9.97344 -0.262263 -0.0922085 0
0 0 10.14 -0.265529 -0.0966013 0
0 0 10.2799 -0.26837 -0.099895 0
0 0 10.3898 -0.270608 -0.101943 0
0 0 10.4753 -0.272117 -0.103105 0
0 0 10.5429 -0.273568 -0.103645 0
0 0 10.5608 -0.274339 -0.103071 0
0 0 10.5529 -0.273926 -0.102545 0
0 0 10.5456 -0.273671 -0.102054 0
0 0 10.5608 -0.27444 -0.102127 0
0 0 10.5539 -0.274753 -0.102214 0
0 0 10.5542 -0.27456 -0.102302 0
0 0 10.5556 -0.27429 -0.102193 0
0 0 10.5655 -0.274077 -0.10158 0
0 0 10.5866 -0.274232 -0.101031 0
0 0 10.5754 -0.274471 -0.0998696 0
0 0 10.5597 -0.275248 -0.0983944 0
0 0 10.5489 -0.27631 -0.096319 0
0 0 10.5114 -0.27669 -0.0940996 0
0 0 10.472 -0.277689 -0.0909408 0
0 0 10.4241 -0.278357 -0.0873165 0
0 0 10.3606 -0.277794 -0.0844196 0
0 0 10.2816 -0.276524 -0.0824368 0
0 0 10.1616 -0.274904 -0.0794306 0
0 0 10.0204 -0.272722 -0.0758298 0
0 0 9.8745 -0.270064 -0.0731547 0
0 0 9.77066 -0.268158 -0.071656 0
0 0 9.67866 -0.266732 -0.0698442 0
0 0 9.63638 -0.265795 -0.0690727 0
0 0 9.64412 -0.265991 -0.0699318 0
0 0 9.65981 -0.266547 -0.0704411 0
0 0 9.67589 -0.267329 -0.0705181 0
0 0 9.69632 -0.267757 -0.0704527 0
0 0 9.68884 -0.267769 -0.0698428 0
0 0 9.64475 -0.266871 -0.0691612 0
0 0 9.6185 -0.266121 -0.068885 0
0 0 9.59473 -0.265283 -0.0691501 0
0 0 9.56083 -0.263826 -0.0693674 0
0 0 9.50828 -0.262173 -0.0695708 0
0 0 9.49462 -0.261348 -0.0703037 0
0 0 9.52872 -0.261347 -0.071629 0
0 0 9.57286 -0.260932 -0.0738534 0
0 0 9.59834 -0.260628 -0.0756742 0
0 0 9.65618 -0.26103 -0.07785 0
0 0 9.74088 -0.262341 -0.0795571 0
0 0 9.80517 -0.263306 -0.0808706 0
0 0 9.84759 -0.264104 -0.0815064 0
0 0 9.92192 -0.265549 -0.0826461 0
0 0 10.0189 -0.267747 -0.0836798 0
0 0 10.1087 -0.269659 -0.0847267 0
0 0 10.2059 -0.271001 -0.086204 0
0 0 10.2921 -0.27258 -0.0875019 0
0 0 10.3632 -0.273879 -0.0884377 0
0 0 10.4036 -0.2743 -0.0892393 0
0 0 10.4266 -0.275107 -0.0894576 0
0 0 10.4119 -0.275733 -0.0888796 0
0 0 10.3848 -0.276052 -0.0887349 0
0 0 10.3632 -0.276215 -0.0889598 0
0 0 10.3633 -0.276906 -0.0891023 0
0 0 10.3434 -0.276783 -0.0886429 0
0 0 10.3429 -0.27631 -0.0885856 0
0 0 10.3595 -0.275966 -0.0886926 0
0 0 10.3614 -0.275619 -0.0883395 0
0 0 10.3418 -0.275039 -0.0874888 0
0 0 10.3182 -0.274559 -0.0864585 0
0 0 10.2746 -0.27382 -0.085458 0
0 0 10.1935 -0.272441 -0.0843488 0
0 0 10.1059 -0.271843 -0.0826446 0
0 0 10.0151 -0.270131 -0.0812965 0
0 0 9.90698 -0.268043 -0.080254 0
0 0 9.82455 -0.266128 -0.0798225 0
0 0 9.75325 -0.264437 -0.0795222 0
0 0 9.70169 -0.262766 -0.0792443 0
0 0 9.69195 -0.262044 -0.0788203 0
0 0 9.69659 -0.262576 -0.0782735 0
