x y z Tx Ty Tz 
0 0 0 0 0 0
0 0 0 0 0 0
0 0 0 0 0 0
0 0 0 0 0 0
0 0 0 0 0 0
0 0 0 0 0 0
0 0 0 0 0 0
0 0 0 0 0 0
0 0 0 0 0 0
0 0 0 0 0 0
0 0 0 0 0 0
0 0 0 0 0 0
0 0 0 0 0 0
0 0 0 0 0 0
0 0 0 0 0 0
0 0 0 0 0 0
0 0 0 0 0 0
0 0 0 0 0 0
0 0 0 0 0 0
0 0 0 0 0 0
0 0 0 0 0 0
0 0 0 0 0 0
0 0 0 0 0 0
0 0 0 0 0 0
0 0 0 0 0 0
0 0 0 0 0 0
0 0 0 0 0 0
0 0 0 0 0 0
0 0 0 0 0 0
0 0 0 0 0 0
0 0 0 0 0 0
0 0 0 0 0 0
0 0 0 0 0 0
0 0 0 0 0 0
0 0 0 0 0 0
0 0 0 0 0 0
0 0 0 0 0 0
0 0 0 0 0 0
0 0 0 0 0 0
0 0 0 0 0 0
0 0 0 0 0 0
0 0 0 0 0 0
0 0 0 0 0 0
0 0 0 0 0 0
0 0 0 0 0 0
0 0 0 0 0 0
0 0 0 0 0 0
0 0 0 0 0 0
0 0 0 0 0 0
0 0 0 0 0 0
0 0 0 0 0 0
0 0 0 0 0 0
0 0 0 0 0 0
0 0 0 0 0 0
0 0 0 0 0 0
0 0 0 0 0 0
0 0 0 0 0 0
0 0 0 0 0 0
0 0 0 0 0 0
0 0 0 0 0 0
0 0 0 0 0 0
0 0 0 0 0 0
0 0 0 0 0 0
0 0 0 0 0 0
0 0 0 0 0 0
0 0 0 0 0 0
0 0 0 0 0 0
0 0 0 0 0 0
0 0 0 0 0 0
0 0 0 0 0 0
0 0 0 0 0 0
0 0 0 0 0 0
0 0 0 0 0 0
0 0 0 0 0 0
0 0 0 0 0 0
0 0 0 0 0 0
0 0 0 0 0 0
0 0 0 0 0 0
0 0 0 0 0 0
0 0 0 0 0 0
0 0 0 0 0 0
0 0 0 0 0 0
0 0 0 0 0 0
0 0 0 0 0 0
0 0 0 0 0 0
0 0 0 0 0 0
0 0 0 0 0 0
0 0 0 0 0 0
0 0 0 0 0 0
0 0 0 0 0 0
0 0 0 0 0 0
0 0 0 0 0 0
0 0 0 0 0 0
0 0 0 0 0 0
0 0 0 0 0 0
0 0 0 0 0 0
0 0 0 0 0 0
0 0 0 0 0 0
0 0 0 0 0 0
0 0 0 0 0 0
0 0 0 0 0 0
0 0 0 0 0 0
0 0 0 0 0 0
0 0 0 0 0 0
0 0 0 0 0 0
0 0 0 0 0 0
0 0 0 0 0 0
0 0 0 0 0 0
0 0 0 0 0 0
0 0 0 0 0 0
0 0 0 0 0 0
0 0 0 0 0 0
0 0 0 0 0 0
0 0 0 0 0 0
0 0 0 0 0 0
0 0 0 0 0 0
0 0 0 0 0 0
0 0 0 0 0 0
0 0 0 0 0 0
0 0 0 0 0 0
0 0 0 0 0 0
0 0 0 0 0 0
0 0 0 0 0 0
0 0 0 0 0 0
0 0 0 0 0 0
0 0 0 0 0 0
0 0 0 0 0 0
0 0 0 0 0 0
0 0 0 0 0 0
0 0 0 0 0 0
0 0 0 0 0 0
0 0 0 0 0 0
0 0 0 0 0 0
0 0 0 0 0 0
0 0 0 0 0 0
0 0 0 0 0 0
0 0 0 0 0 0
0 0 0 0 0 0
0 0 0 0 0 0
0 0 0 0 0 0
0 0 0 0 0 0
0 0 0 0 0 0
0 0 0 0 0 0
0 0 0 0 0 0
0 0 0 0 0 0
0 0 0 0 0 0
0 0 0 0 0 0
0 0 0 0 0 0
0 0 0 0 0 0
0 0 0 0 0 0
0 0 0 0 0 0
0 0 0 0 0 0
0 0 0 0 0 0
0 0 0 0 0 0
0 0 0 0 0 0
0 0 0 0 0 0
0 0 0 0 0 0
0 0 0 0 0 0
0 0 0 0 0 0
0 0 0 0 0 0
0 0 0 0 0 0
0 0 0 0 0 0
0 0 0 0 0 0
0 0 0 0 0 0
0 0 0 0 0 0
0 0 0 0 0 0
0 0 0 0 0 0
0 0 0 0 0 0
0 0 0 0 0 0
0 0 0 0 0 0
0 0 0 0 0 0
0 0 0 0 0 0
0 0 0 0 0 0
0 0 0 0 0 0
0 0 0 0 0 0
0 0 0 0 0 0
0 0 0 0 0 0
0 0 0 0 0 0
0 0 0 0 0 0
0 0 0 0 0 0
0 0 0 0 0 0
0 0 0 0 0 0
0 0 0 0 0 0
0 0 0 0 0 0
0 0 0 0 0 0
0 0 0 0 0 0
0 0 0 0 0 0
0 0 0 0 0 0
0 0 0 0 0 0
0 0 0 0 0 0
0 0 0 0 0 0
0 0 0 0 0 0
0 0 0 0 0 0
0 0 0 0 0 0
0 0 0 0 0 0
0 0 0 0 0 0
0 0 0 0 0 0
0 0 0 0 0 0
0 0 0 0 0 0
0 0 0 0 0 0
0 0 0 0 0 0
0 0 0 0 0 0
0 0 0 0 0 0
0 0 0 0 0 0
0 0 0 0 0 0
0 0 0 0 0 0
0 0 0 0 0 0
0 0 0 0 0 0
0 0 0 0 0 0
0 0 0 0 0 0
0 0 0 0 0 0
0 0 0 0 0 0
0 0 0 0 0 0
0 0 0 0 0 0
0 0 0 0 0 0
0 0 0 0 0 0
0 0 0 0 0 0
0 0 0 0 0 0
0 0 0 0 0 0
0 0 0 0 0 0
0 0 0 0 0 0
0 0 0 0 0 0
0 0 0 0 0 0
0 0 0 0 0 0
0 0 0 0 0 0
0 0 0 0 0 0
0 0 0 0 0 0
0 0 0 0 0 0
0 0 0 0 0 0
0 0 0 0 0 0
0 0 0 0 0 0
0 0 0 0 0 0
0 0 0 0 0 0
0 0 0 0 0 0
0 0 0 0 0 0
0 0 0 0 0 0
0 0 0 0 0 0
0 0 0 0 0 0
0 0 0 0 0 0
0 0 0 0 0 0
0 0 0 0 0 0
0 0 0 0 0 0
0 0 0 0 0 0
0 0 0 0 0 0
0 0 0 0 0 0
0 0 0 0 0 0
0 0 0 0 0 0
0 0 0 0 0 0
0 0 0 0 0 0
0 0 0 0 0 0
0 0 0 0 0 0
0 0 0 0 0 0
0 0 0 0 0 0
0 0 0 0 0 0
0 0 0 0 0 0
0 0 0 0 0 0
0 0 0 0 0 0
0 0 0 0 0 0
0 0 0 0 0 0
0 0 0 0 0 0
0 0 0 0 0 0
0 0 0 0 0 0
0 0 0 0 0 0
0 0 0 0 0 0
0 0 0 0 0 0
0 0 0 0 0 0
0 0 0 0 0 0
0 0 0 0 0 0
0 0 0 0 0 0
0 0 0 0 0 0
0 0 0 0 0 0
0 0 0 0 0 0
0 0 0 0 0 0
0 0 0 0 0 0
0 0 0 0 0 0
0 0 0 0 0 0
0 0 0 0 0 0
0 0 0 0 0 0
0 0 0 0 0 0
0 0 0 0 0 0
0 0 0 0 0 0
0 0 0 0 0 0
0 0 0 0 0 0
0 0 0 0 0 0
0 0 0 0 0 0
0 0 0 0 0 0
0 0 0 0 0 0
0 0 0 0 0 0
0 0 0 0 0 0
0 0 0 0 0 0
0 0 0 0 0 0
0 0 0 0 0 0
0 0 0 0 0 0
0 0 0 0 0 0
0 0 0 0 0 0
0 0 0 0 0 0
0 0 0 0 0 0
0 0 0 0 0 0
0 0 0 0 0 0
0 0 0 0 0 0
0 0 0 0 0 0
0 0 0 0 0 0
0 0 0 0 0 0
0 0 0 0 0 0
0 0 0 0 0 0
0 0 0 0 0 0
0 0 0 0 0 0
0 0 0 0 0 0
0 0 0 0 0 0
0 0 0 0 0 0
0 0 0 0 0 0
0 0 0 0 0 0
0 0 0 0 0 0
0 0 0 0 0 0
0 0 0 0 0 0
0 0 0 0 0 0
0 0 0 0 0 0
0 0 0 0 0 0
0 0 0 0 0 0
0 0 0 0 0 0
0 0 0 0 0 0
0 0 0 0 0 0
0 0 0 0 0 0
0 0 0 0 0 0
0 0 0 0 0 0
0 0 0 0 0 0
0 0 0 0 0 0
0 0 0 0 0 0
0 0 0 0 0 0
0 0 0 0 0 0
0 0 0 0 0 0
0 0 0 0 0 0
0 0 0 0 0 0
0 0 0 0 0 0
0 0 0 0 0 0
0 0 0 0 0 0
0 0 0 0 0 0
0 0 0 0 0 0
0 0 0 0 0 0
0 0 0 0 0 0
0 0 0 0 0 0
0 0 0 0 0 0
0 0 0 0 0 0
0 0 0 0 0 0
0 0 0 0 0 0
0 0 0 0 0 0
0 0 0 0 0 0
0 0 0 0 0 0
0 0 0 0 0 0
0 0 0 0 0 0
0 0 0 0 0 0
0 0 0 0 0 0
0 0 0 0 0 0
0 0 0 0 0 0
0 0 0 0 0 0
0 0 0 0 0 0
0 0 0 0 0 0
0 0 0 0 0 0
0 0 0 0 0 0
0 0 0 0 0 0
0 0 0 0 0 0
0 0 0 0 0 0
0 0 0 0 0 0
0 0 0 0 0 0
0 0 0 0 0 0
0 0 1.80951 0 0 0
0 0 2.18478 0 0 0
0 0 2.60481 0 0 0
0 0 3.10092 0 -0.0520458 0
0 0 3.51539 0.0536039 -0.0572092 0
0 0 3.81855 0.060626 -0.0586451 0
0 0 4.11766 0.0659712 -0.0602654 0
0 0 4.38464 0.0697621 -0.0619496 0
0 0 4.56869 0.0717112 -0.0622824 0
0 0 4.78415 0.0754709 -0.0639479 0
0 0 5.14135 0.0814947 -0.0693437 0
0 0 5.51565 0.0873104 -0.0751145 0
0 0 5.88438 0.0931122 -0.0803608 0
0 0 6.07005 0.0961233 -0.0829781 0
0 0 6.26082 0.0992628 -0.0857798 0
0 0 6.66201 0.105441 -0.0909144 0
0 0 7.08584 0.111308 -0.0960796 0
0 0 7.4504 0.116393 -0.100857 0
0 0 7.71735 0.119931 -0.104595 0
0 0 7.91868 0.122658 -0.106621 0
0 0 8.10513 0.124327 -0.107701 0
0 0 8.25598 0.125901 -0.107446 0
0 0 8.38167 0.128825 -0.106368 0
0 0 8.47505 0.130529 -0.106096 0
0 0 8.58515 0.132079 -0.105798 0
0 0 8.74886 0.133917 -0.103604 0
0 0 8.80409 0.134496 -0.0996496 0
0 0 8.8195 0.13596 -0.094936 0
0 0 8.93794 0.136849 -0.0925667 0
0 0 9.08949 0.137566 -0.0911576 0
0 0 9.22488 0.139406 -0.0895313 0
0 0 9.35046 0.142076 -0.0878721 0
0 0 9.45895 0.143775 -0.0857311 0
0 0 9.53141 0.144631 -0.0844961 0
0 0 9.60198 0.145236 -0.0829765 0
0 0 9.62391 0.145589 -0.081564 0
0 0 9.59419 0.145431 -0.0800113 0
0 0 9.57784 0.145379 -0.0789864 0
0 0 9.57193 0.145666 -0.0783851 0
0 0 9.57248 0.145733 -0.0776543 0
0 0 9.56033 0.145802 -0.0770587 0
0 0 9.52365 0.146154 -0.0768952 0
0 0 9.55311 0.146069 -0.0775435 0
0 0 9.60194 0.145999 -0.0784686 0
0 0 9.66959 0.145882 -0.0800983 0
0 0 9.71976 0.145955 -0.0818483 0
0 0 9.73819 0.146008 -0.0829278 0
0 0 9.76005 0.146799 -0.0841484 0
0 0 9.79095 0.147513 -0.0855396 0
0 0 9.80428 0.147694 -0.0868516 0
0 0 9.78946 0.14795 -0.0883809 0
0 0 9.82036 0.147976 -0.0894387 0
0 0 9.9026 0.147773 -0.0909672 0
0 0 9.94091 0.147212 -0.0913552 0
0 0 9.93829 0.147563 -0.0906091 0
0 0 9.95995 0.147688 -0.0895906 0
0 0 9.96859 0.147719 -0.0886825 0
0 0 9.94293 0.147886 -0.088019 0
0 0 9.90288 0.148 -0.0869233 0
0 0 9.90293 0.147394 -0.0865093 0
0 0 9.92031 0.146676 -0.0869428 0
0 0 9.93653 0.146627 -0.0866255 0
0 0 9.95258 0.146151 -0.0861314 0
0 0 9.97473 0.145401 -0.0858244 0
0 0 9.97869 0.14548 -0.0852493 0
0 0 9.96541 0.146003 -0.0848766 0
0 0 9.98107 0.145399 -0.0849402 0
0 0 10.014 0.144603 -0.0852982 0
0 0 10.0228 0.144848 -0.0845745 0
0 0 10.0327 0.144794 -0.0842922 0
0 0 10.0351 0.144656 -0.0837657 0
0 0 10.0373 0.145133 -0.0833502 0
0 0 10.0056 0.145985 -0.0823457 0
0 0 9.97514 0.146042 -0.0818589 0
0 0 9.94588 0.146255 -0.08116 0
0 0 9.91077 0.146791 -0.0800713 0
0 0 9.89998 0.146716 -0.0796011 0
0 0 9.89319 0.146559 -0.0792309 0
0 0 9.88715 0.146349 -0.0788831 0
0 0 9.87792 0.146378 -0.0785006 0
0 0 9.87267 0.146449 -0.078199 0
0 0 9.90774 0.145887 -0.0794169 0
0 0 9.93542 0.145763 -0.0806873 0
0 0 9.9384 0.145457 -0.0809112 0
0 0 9.92996 0.145107 -0.0806386 0
0 0 9.9433 0.144356 -0.0807402 0
0 0 9.93629 0.144203 -0.0806672 0
0 0 9.92938 0.143938 -0.0807255 0
0 0 9.94656 0.143828 -0.0813224 0
0 0 9.93605 0.14477 -0.0816204 0
0 0 9.93471 0.145211 -0.081689 0
0 0 9.93341 0.146519 -0.0813124 0
0 0 9.93678 0.146429 -0.0798838 0
0 0 9.9158 0.146616 -0.0782268 0
0 0 9.90632 0.146497 -0.0776843 0
0 0 9.90883 0.145991 -0.0772671 0
0 0 9.93419 0.144829 -0.0774942 0
0 0 9.91516 0.144593 -0.0772083 0
0 0 9.88769 0.144863 -0.0762236 0
0 0 9.87134 0.145314 -0.0764667 0
0 0 9.84778 0.145834 -0.0763716 0
0 0 9.83346 0.146313 -0.0762627 0
0 0 9.82561 0.146763 -0.0761296 0
0 0 9.82948 0.147445 -0.0757307 0
0 0 9.84085 0.147276 -0.0767326 0
0 0 9.83337 0.14653 -0.077717 0
0 0 9.83492 0.145585 -0.0781589 0
0 0 9.84421 0.144542 -0.079151 0
0 0 9.82826 0.143841 -0.0803079 0
0 0 9.82751 0.143351 -0.081609 0
0 0 9.82318 0.143425 -0.0819289 0
0 0 9.82968 0.143593 -0.08252 0
0 0 9.84894 0.144007 -0.0832439 0
0 0 9.87636 0.14403 -0.0838986 0
0 0 9.88924 0.143549 -0.0845648 0
0 0 9.91607 0.143342 -0.0852368 0
0 0 9.9646 0.143329 -0.0853807 0
0 0 9.98775 0.143385 -0.0849488 0
0 0 9.9795 0.143334 -0.0839796 0
0 0 9.96172 0.144331 -0.0826563 0
0 0 9.94139 0.14486 -0.0809846 0
0 0 9.92952 0.144955 -0.0807311 0
0 0 9.8879 0.145649 -0.0800635 0
0 0 9.87587 0.14617 -0.0794639 0
0 0 9.89194 0.146863 -0.0796608 0
0 0 9.90973 0.146695 -0.0798535 0
0 0 9.9224 0.146583 -0.0792373 0
0 0 9.9415 0.145818 -0.0790687 0
0 0 9.94313 0.145359 -0.0798611 0
0 0 9.93877 0.145161 -0.0803674 0
0 0 9.93255 0.144771 -0.0806485 0
0 0 9.91794 0.144529 -0.0809724 0
0 0 9.91709 0.145093 -0.0818261 0
0 0 9.9032 0.145887 -0.0824224 0
0 0 9.9185 0.146207 -0.0836072 0
0 0 9.95042 0.146027 -0.084691 0
0 0 9.96636 0.145851 -0.0849816 0
0 0 9.9759 0.145193 -0.0848487 0
0 0 9.98744 0.144603 -0.0849997 0
0 0 9.98535 0.1446 -0.0849785 0
0 0 9.96183 0.144954 -0.0837971 0
0 0 9.95445 0.144945 -0.0831586 0
0 0 9.94714 0.144993 -0.0824151 0
0 0 9.94886 0.145124 -0.0814406 0
0 0 9.94297 0.145722 -0.0810139 0
0 0 9.92763 0.146024 -0.0802192 0
0 0 9.92993 0.145844 -0.0798698 0
0 0 9.95011 0.145642 -0.0802943 0
0 0 9.95574 0.145704 -0.0806629 0
0 0 9.97517 0.145407 -0.0818006 0
0 0 9.98876 0.145179 -0.0826994 0
0 0 10.0136 0.144732 -0.083237 0
0 0 10.0174 0.144874 -0.0830838 0
0 0 10.0006 0.145249 -0.0829941 0
0 0 9.96986 0.145693 -0.0822797 0
0 0 9.90722 0.146114 -0.0799248 0
0 0 9.85369 0.146625 -0.0786112 0
0 0 9.82529 0.146622 -0.0778856 0
0 0 9.82641 0.14634 -0.0778185 0
0 0 9.85166 0.146097 -0.0780652 0
0 0 9.90209 0.145778 -0.0793047 0
0 0 9.96089 0.145534 -0.0806375 0
0 0 9.98081 0.145411 -0.0808986 0
0 0 9.99258 0.145373 -0.0808831 0
0 0 9.99757 0.145489 -0.0804151 0
0 0 9.99148 0.14512 -0.0798159 0
0 0 9.9737 0.144584 -0.0794014 0
0 0 9.95548 0.144044 -0.0789549 0
0 0 9.94818 0.143625 -0.0788297 0
0 0 9.94881 0.143481 -0.0789411 0
0 0 9.9648 0.143478 -0.0797919 0
0 0 9.99032 0.14337 -0.0808431 0
0 0 10.0134 0.143262 -0.0815642 0
0 0 10.033 0.142677 -0.0818607 0
0 0 10.0277 0.141704 -0.0816455 0
0 0 9.99115 0.140727 -0.0810339 0
0 0 9.94422 0.139372 -0.0796384 0
0 0 9.89363 0.138159 -0.0784515 0
0 0 9.85493 0.136588 -0.0776822 0
0 0 9.83358 0.135371 -0.0777792 0
0 0 9.83605 0.134869 -0.0782433 0
0 0 9.87263 0.133652 -0.0801986 0
0 0 9.90799 0.133411 -0.0813993 0
0 0 9.92628 0.13378 -0.0821328 0
0 0 9.92589 0.134393 -0.0825571 0
0 0 9.91406 0.134981 -0.0825276 0
0 0 9.91782 0.135341 -0.0824555 0
0 0 9.91777 0.135377 -0.0820259 0
0 0 9.91924 0.134664 -0.0816762 0
0 0 9.92367 0.134111 -0.0814301 0
0 0 9.91606 0.134276 -0.0808864 0
0 0 9.89923 0.134364 -0.0801677 0
0 0 9.87338 0.13477 -0.0796682 0
0 0 9.84397 0.135836 -0.079008 0
0 0 9.82039 0.136441 -0.0783931 0
0 0 9.79176 0.137119 -0.0777665 0
0 0 9.76086 0.138081 -0.0767672 0
0 0 9.78636 0.13843 -0.0767456 0
0 0 9.81783 0.138423 -0.0769512 0
0 0 9.85471 0.138128 -0.077591 0
0 0 9.90874 0.138391 -0.0792095 0
0 0 9.98927 0.13961 -0.0806276 0
0 0 10.0429 0.141894 -0.0816751 0
0 0 10.0443 0.144558 -0.0818227 0
0 0 10.0253 0.147425 -0.0807512 0
0 0 9.99444 0.149935 -0.0792022 0
0 0 9.98936 0.150775 -0.0786743 0
0 0 9.97655 0.15129 -0.0781583 0
0 0 9.9206 0.152142 -0.077137 0
0 0 9.88993 0.152536 -0.0760411 0
0 0 9.88636 0.153311 -0.0756248 0
0 0 9.90383 0.153456 -0.0763621 0
0 0 9.90385 0.153834 -0.0761486 0
0 0 9.92048 0.153872 -0.0756064 0
0 0 9.93354 0.153657 -0.0753525 0
0 0 9.94006 0.152758 -0.0753746 0
0 0 9.94248 0.151677 -0.0749604 0
0 0 9.94375 0.151157 -0.0743688 0
0 0 9.95621 0.150615 -0.074981 0
0 0 9.97117 0.150211 -0.0760297 0
0 0 9.9685 0.150256 -0.0766326 0
0 0 9.95623 0.15134 -0.0776955 0
0 0 9.94282 0.152062 -0.0782024 0
0 0 9.9331 0.152668 -0.0785494 0
0 0 9.89825 0.152964 -0.0774134 0
0 0 9.87911 0.152848 -0.0767708 0
0 0 9.87304 0.152226 -0.075871 0
0 0 9.8664 0.151746 -0.0751012 0
0 0 9.86774 0.151284 -0.0752318 0
0 0 9.87393 0.150983 -0.0757041 0
0 0 9.89056 0.150587 -0.0764549 0
0 0 9.88806 0.150523 -0.0760958 0
0 0 9.89275 0.150493 -0.0761332 0
0 0 9.88257 0.150608 -0.0758344 0
0 0 9.87086 0.150802 -0.0746899 0
0 0 9.85722 0.151421 -0.0740837 0
0 0 9.8452 0.152188 -0.0745117 0
0 0 9.86017 0.152193 -0.07631 0
0 0 9.88045 0.1521 -0.077912 0
0 0 9.88175 0.152034 -0.0801616 0
0 0 9.87517 0.151448 -0.0831789 0
0 0 9.87267 0.150687 -0.0853028 0
0 0 9.86797 0.150417 -0.0867204 0
0 0 9.84806 0.150421 -0.0869738 0
0 0 9.8295 0.150637 -0.0870569 0
0 0 9.83319 0.151334 -0.0870839 0
0 0 9.84056 0.15179 -0.0869136 0
0 0 9.87023 0.152027 -0.0866933 0
0 0 9.89014 0.152148 -0.0867249 0
0 0 9.91359 0.152161 -0.0873074 0
0 0 9.93687 0.151581 -0.0873586 0
0 0 9.94578 0.151281 -0.0869152 0
0 0 9.94044 0.151186 -0.0864821 0
0 0 9.92304 0.150736 -0.085589 0
0 0 9.91321 0.150601 -0.0847089 0
0 0 9.90144 0.150854 -0.084265 0
0 0 9.89182 0.151098 -0.0837435 0
0 0 9.89624 0.150982 -0.0835062 0
0 0 9.89919 0.151465 -0.0843316 0
0 0 9.90972 0.15157 -0.0856936 0
0 0 9.92861 0.150841 -0.0860228 0
0 0 9.95449 0.149925 -0.0858582 0
0 0 9.94769 0.149522 -0.0859919 0
0 0 9.93806 0.149471 -0.0860902 0
0 0 9.94614 0.149325 -0.085839 0
0 0 9.95364 0.149334 -0.0862085 0
0 0 9.95032 0.149803 -0.0867288 0
0 0 9.95516 0.150504 -0.0871047 0
0 0 9.98244 0.15065 -0.0870741 0
0 0 9.982 0.15052 -0.0859262 0
0 0 9.9609 0.150657 -0.0843773 0
0 0 9.94031 0.15099 -0.0833358 0
0 0 9.93398 0.151051 -0.0829139 0
0 0 9.90967 0.151016 -0.081789 0
0 0 9.90841 0.150581 -0.0815912 0
0 0 9.94032 0.149868 -0.0826512 0
0 0 9.9677 0.149666 -0.0832226 0
0 0 9.96412 0.149829 -0.0833518 0
0 0 9.9585 0.149988 -0.083346 0
0 0 9.9528 0.150535 -0.0836337 0
0 0 9.93362 0.151168 -0.0836525 0
0 0 9.89639 0.151831 -0.0835722 0
0 0 9.89826 0.151675 -0.0841507 0
0 0 9.92284 0.150793 -0.0843339 0
0 0 9.93903 0.150073 -0.0842362 0
0 0 9.94626 0.149733 -0.0837644 0
0 0 9.96954 0.149751 -0.0842182 0
0 0 9.98913 0.149432 -0.0845082 0
0 0 9.986 0.149841 -0.0843704 0
0 0 10.0027 0.150675 -0.0852842 0
0 0 10.0163 0.151142 -0.0862502 0
0 0 10.0163 0.151117 -0.0865142 0
0 0 9.99003 0.15141 -0.0855956 0
0 0 9.96606 0.15185 -0.0849237 0
0 0 9.93244 0.151976 -0.0843653 0
0 0 9.90293 0.151872 -0.0834736 0
0 0 9.89018 0.152159 -0.0831751 0
0 0 9.8917 0.151727 -0.0830485 0
0 0 9.91051 0.15116 -0.0832813 0
0 0 9.92348 0.150986 -0.0834734 0
0 0 9.94272 0.150921 -0.0835499 0
0 0 9.95452 0.150726 -0.0835386 0
0 0 9.96694 0.15078 -0.0832546 0
0 0 9.97134 0.151314 -0.0830985 0
0 0 9.98419 0.150999 -0.0822107 0
0 0 10.0005 0.150382 -0.0822775 0
0 0 10.0095 0.150348 -0.0823445 0
0 0 10.0147 0.150197 -0.0830145 0
0 0 10.0158 0.150289 -0.0841252 0
0 0 10.0215 0.150595 -0.0855006 0
0 0 10.0232 0.151359 -0.0865733 0
0 0 10.012 0.151874 -0.0868454 0
0 0 10.0149 0.151801 -0.086995 0
0 0 10.0185 0.151998 -0.0857284 0
0 0 10.0253 0.151708 -0.0843012 0
0 0 10.0265 0.151411 -0.0835048 0
0 0 10.0303 0.151014 -0.0828713 0
0 0 10.01 0.150868 -0.081908 0
0 0 9.99292 0.150994 -0.0815693 0
0 0 9.98168 0.151046 -0.0814394 0
0 0 9.97161 0.150738 -0.0820121 0
0 0 9.94291 0.151069 -0.0822086 0
0 0 9.90725 0.151578 -0.0813561 0
0 0 9.91861 0.151931 -0.0814274 0
0 0 9.94203 0.151792 -0.0823057 0
0 0 9.93417 0.152189 -0.0826587 0
0 0 9.92407 0.152828 -0.082213 0
0 0 9.92422 0.152989 -0.0821465 0
0 0 9.93051 0.153092 -0.0824651 0
0 0 9.93445 0.153347 -0.0833366 0
0 0 9.92297 0.153465 -0.0832226 0
0 0 9.93912 0.152951 -0.0832936 0
0 0 9.9609 0.152383 -0.0841053 0
0 0 9.9916 0.151759 -0.0847804 0
0 0 10.0152 0.1508 -0.0840371 0
0 0 10.0429 0.149866 -0.0840079 0
0 0 10.0435 0.149928 -0.0838234 0
0 0 10.0297 0.150386 -0.08367 0
0 0 10.0271 0.150374 -0.0842653 0
0 0 10.039 0.150487 -0.0855493 0
0 0 10.0542 0.150392 -0.086335 0
0 0 10.0484 0.150849 -0.0863745 0
0 0 10.0457 0.151133 -0.0866825 0
0 0 10.0556 0.151115 -0.0854871 0
0 0 10.0512 0.151409 -0.0840207 0
0 0 10.029 0.152607 -0.0832751 0
0 0 10.0064 0.153595 -0.0825802 0
0 0 10.0486 0.15309 -0.0826658 0
0 0 10.0869 0.152309 -0.0830115 0
0 0 10.0895 0.152114 -0.0829861 0
0 0 10.1002 0.151578 -0.0830481 0
0 0 10.1165 0.150725 -0.083601 0
0 0 10.1123 0.150461 -0.083957 0
0 0 10.0758 0.150681 -0.0836649 0
0 0 10.0589 0.151127 -0.083702 0
0 0 10.0578 0.151134 -0.0841353 0
0 0 10.0586 0.150991 -0.083974 0
0 0 10.0569 0.15068 -0.0840066 0
0 0 10.0449 0.150665 -0.0834197 0
0 0 10.0422 0.150881 -0.0832511 0
0 0 10.0394 0.151155 -0.0826544 0
0 0 10.0277 0.151377 -0.0816601 0
0 0 10.0133 0.152115 -0.0809667 0
0 0 10.0137 0.152991 -0.0808037 0
0 0 10.0467 0.152726 -0.0811083 0
0 0 10.0835 0.152054 -0.0816339 0
0 0 10.1099 0.15169 -0.0828436 0
0 0 10.1122 0.15163 -0.0831543 0
0 0 10.1294 0.151048 -0.0836192 0
0 0 10.1576 0.150624 -0.0847853 0
0 0 10.138 0.150996 -0.085105 0
0 0 10.1099 0.150969 -0.0843412 0
0 0 10.0992 0.150608 -0.0838288 0
0 0 10.1091 0.150016 -0.083799 0
0 0 10.0857 0.149822 -0.0825789 0
0 0 10.084 0.149865 -0.0815641 0
0 0 10.1091 0.149469 -0.0811595 0
0 0 10.1359 0.149159 -0.0812916 0
0 0 10.1566 0.14917 -0.0817607 0
0 0 10.1645 0.149414 -0.0823196 0
0 0 10.1728 0.149078 -0.0833236 0
0 0 10.1575 0.149222 -0.0837774 0
0 0 10.14 0.149851 -0.0837036 0
0 0 10.1192 0.150228 -0.0830032 0
0 0 10.0954 0.150645 -0.0823333 0
0 0 10.093 0.151062 -0.0812762 0
0 0 10.086 0.151402 -0.0801132 0
0 0 10.0639 0.150786 -0.0791405 0
0 0 10.04 0.150159 -0.0790002 0
0 0 10.0161 0.149886 -0.0780317 0
0 0 9.98068 0.149758 -0.077354 0
0 0 9.94129 0.149243 -0.0765121 0
0 0 9.9045 0.14965 -0.0758366 0
0 0 9.89106 0.150154 -0.0755706 0
0 0 9.87721 0.150633 -0.0751299 0
0 0 9.86106 0.150963 -0.0745322 0
0 0 9.86803 0.150306 -0.0751784 0
0 0 9.88403 0.149752 -0.0763361 0
0 0 9.89341 0.149164 -0.0775669 0
0 0 9.92307 0.147741 -0.0786179 0
0 0 9.93843 0.147197 -0.0791317 0
0 0 9.93563 0.147182 -0.0788946 0
0 0 9.91943 0.147103 -0.0777359 0
0 0 9.89211 0.147443 -0.0762086 0
0 0 9.87821 0.14779 -0.0748302 0
0 0 9.85491 0.148176 -0.0741737 0
0 0 9.85826 0.147735 -0.0743957 0
0 0 9.86076 0.147793 -0.0751297 0
0 0 9.87969 0.147653 -0.0765538 0
0 0 9.88754 0.147302 -0.0774247 0
0 0 9.90303 0.146848 -0.0786575 0
0 0 9.91723 0.146928 -0.0792072 0
0 0 9.89945 0.147323 -0.0787655 0
0 0 9.87783 0.147505 -0.0771208 0
0 0 9.85447 0.147909 -0.0764812 0
0 0 9.8562 0.148335 -0.0767151 0
0 0 9.84897 0.148061 -0.0763229 0
0 0 9.84454 0.147102 -0.0764824 0
0 0 9.8431 0.147016 -0.076606 0
0 0 9.83889 0.147142 -0.0767642 0
0 0 9.83261 0.147359 -0.076748 0
0 0 9.81667 0.147418 -0.0759796 0
0 0 9.79187 0.147547 -0.0754322 0
0 0 9.78388 0.148148 -0.0753508 0
0 0 9.80636 0.148397 -0.0758497 0
0 0 9.84642 0.147972 -0.0768662 0
0 0 9.87097 0.147846 -0.0776291 0
0 0 9.87488 0.148139 -0.0777927 0
0 0 9.84613 0.148427 -0.0771092 0
0 0 9.83309 0.148673 -0.0775233 0
0 0 9.82901 0.148612 -0.0786932 0
0 0 9.8256 0.148218 -0.0804105 0
0 0 9.82165 0.147833 -0.0814961 0
0 0 9.84986 0.147013 -0.0835102 0
0 0 9.8914 0.146614 -0.0855048 0
0 0 9.88837 0.146399 -0.0856128 0
0 0 9.864 0.146825 -0.084763 0
0 0 9.87328 0.147042 -0.0844051 0
0 0 9.8911 0.147303 -0.0849116 0
0 0 9.88538 0.148121 -0.0847846 0
0 0 9.89282 0.148845 -0.085026 0
0 0 9.91668 0.1496 -0.0861311 0
0 0 9.92688 0.149953 -0.0866177 0
0 0 9.93218 0.150364 -0.0869263 0
0 0 9.97945 0.150509 -0.0876409 0
0 0 10.0338 0.150809 -0.0888201 0
0 0 10.0792 0.150566 -0.0893431 0
0 0 10.1002 0.150337 -0.0889013 0
0 0 10.1268 0.150567 -0.0889265 0
0 0 10.1442 0.151114 -0.088677 0
0 0 10.145 0.151196 -0.088384 0
0 0 10.1359 0.150986 -0.0879684 0
0 0 10.1367 0.15125 -0.0880445 0
0 0 10.155 0.151585 -0.0881926 0
0 0 10.1587 0.15178 -0.0879567 0
0 0 10.1478 0.151794 -0.0875578 0
0 0 10.1511 0.151606 -0.0872491 0
0 0 10.1634 0.151909 -0.086253 0
0 0 10.1541 0.151946 -0.0855643 0
0 0 10.1526 0.151419 -0.0855836 0
0 0 10.1901 0.151058 -0.0859229 0
0 0 10.2253 0.151419 -0.086535 0
0 0 10.2316 0.151445 -0.0867417 0
0 0 10.2448 0.151144 -0.0867644 0
0 0 10.265 0.150708 -0.0867079 0
0 0 10.2851 0.150429 -0.0866605 0
0 0 10.3166 0.15086 -0.0862498 0
0 0 10.3201 0.151459 -0.0851686 0
0 0 10.2953 0.151543 -0.0832887 0
0 0 10.2732 0.152008 -0.0809924 0
0 0 10.2487 0.152828 -0.0784021 0
0 0 10.2145 0.153269 -0.0760113 0
0 0 10.181 0.153034 -0.0733248 0
0 0 10.1575 0.152737 -0.0710211 0
0 0 10.1376 0.152176 -0.0690731 0
0 0 10.1003 0.151632 -0.0681269 0
0 0 10.0276 0.151075 -0.068315 0
0 0 9.97302 0.150303 -0.0682923 0
0 0 9.93251 0.149733 -0.0685304 0
0 0 9.87886 0.149284 -0.0688344 0
0 0 9.81359 0.149515 -0.0686418 0
0 0 9.80634 0.149753 -0.0683801 0
0 0 9.82089 0.149432 -0.0680605 0
0 0 9.81946 0.14907 -0.0683215 0
0 0 9.82239 0.149262 -0.0681247 0
0 0 9.84299 0.149485 -0.0688521 0
0 0 9.86339 0.148825 -0.0697667 0
0 0 9.8697 0.148699 -0.0702354 0
0 0 9.88155 0.148771 -0.0705733 0
0 0 9.88441 0.14879 -0.0707189 0
0 0 9.87598 0.148765 -0.0709649 0
0 0 9.84721 0.148514 -0.0711212 0
0 0 9.82486 0.147896 -0.0708713 0
0 0 9.80417 0.14729 -0.0709797 0
0 0 9.78793 0.146977 -0.0712324 0
0 0 9.78181 0.146429 -0.0716952 0
0 0 9.80196 0.14608 -0.0723745 0
0 0 9.80513 0.146306 -0.0728451 0
0 0 9.77735 0.146532 -0.0725973 0
0 0 9.76437 0.146519 -0.0726039 0
0 0 9.76892 0.14657 -0.072906 0
0 0 9.76834 0.146871 -0.0732008 0
0 0 9.71928 0.147901 -0.0729496 0
0 0 9.65838 0.148471 -0.0727587 0
0 0 9.6374 0.148712 -0.0739102 0
0 0 9.65012 0.148745 -0.0758342 0
0 0 9.63481 0.148409 -0.0776354 0
0 0 9.60987 0.147914 -0.078834 0
0 0 9.63025 0.146649 -0.080894 0
0 0 9.66875 0.145985 -0.0826817 0
0 0 9.68171 0.146003 -0.0835525 0
0 0 9.68473 0.1461 -0.0842399 0
0 0 9.68974 0.14655 -0.0850925 0
0 0 9.73205 0.147119 -0.0866909 0
0 0 9.77465 0.148114 -0.0883587 0
0 0 9.83276 0.148571 -0.089786 0
0 0 9.8846 0.14844 -0.09108 0
0 0 9.92635 0.148536 -0.0916692 0
0 0 9.96443 0.148473 -0.0919695 0
0 0 10.0054 0.148318 -0.0922318 0
0 0 10.0587 0.148234 -0.093449 0
0 0 10.0744 0.148427 -0.093784 0
0 0 10.0787 0.148808 -0.0934074 0
0 0 10.0898 0.1494 -0.0922534 0
0 0 10.1257 0.149619 -0.0919363 0
0 0 10.1677 0.150007 -0.0915231 0
0 0 10.1852 0.150264 -0.0901207 0
0 0 10.1777 0.150429 -0.0885948 0
0 0 10.1999 0.150384 -0.0890501 0
0 0 10.227 0.150671 -0.0901553 0
0 0 10.1999 0.151393 -0.0901371 0
0 0 10.1907 0.15178 -0.0902114 0
0 0 10.2035 0.15194 -0.0906744 0
0 0 10.2222 0.152141 -0.0911424 0
0 0 10.2118 0.152471 -0.0910688 0
0 0 10.2115 0.151802 -0.0903873 0
0 0 10.2279 0.151153 -0.090009 0
0 0 10.2308 0.150856 -0.0894511 0
0 0 10.2119 0.15085 -0.0886556 0
0 0 10.1973 0.150644 -0.0880031 0
0 0 10.2019 0.150766 -0.0878483 0
0 0 10.2102 0.151492 -0.0879192 0
0 0 10.1876 0.152025 -0.087118 0
0 0 10.177 0.151939 -0.0857893 0
0 0 10.1774 0.151713 -0.0848088 0
0 0 10.1878 0.151269 -0.0839887 0
0 0 10.2232 0.150296 -0.0831309 0
0 0 10.2103 0.149921 -0.0820736 0
0 0 10.1926 0.149379 -0.0809678 0
0 0 10.1783 0.148687 -0.0801486 0
0 0 10.1453 0.148658 -0.0798018 0
0 0 10.0955 0.1492 -0.0787998 0
0 0 10.0559 0.149601 -0.0767499 0
0 0 10.035 0.149568 -0.0749806 0
0 0 10.0259 0.149622 -0.0746214 0
0 0 10.0537 0.149919 -0.0745055 0
0 0 10.087 0.150089 -0.0745368 0
0 0 10.0868 0.149933 -0.0743008 0
0 0 10.0603 0.149977 -0.0742788 0
0 0 10.0181 0.149739 -0.0733839 0
0 0 9.93293 0.14949 -0.0718244 0
0 0 9.79079 0.148429 -0.070529 0
0 0 9.64444 0.146918 -0.0703345 0
0 0 9.54023 0.145713 -0.070891 0
0 0 9.46574 0.144875 -0.0717915 0
0 0 9.41991 0.143894 -0.0726461 0
0 0 9.42915 0.142914 -0.0740401 0
0 0 9.46586 0.142735 -0.0749209 0
0 0 9.50703 0.142956 -0.0757346 0
0 0 9.53794 0.143566 -0.0765297 0
0 0 9.56959 0.144259 -0.0776121 0
0 0 9.57954 0.145488 -0.0783515 0
0 0 9.61303 0.146439 -0.0790053 0
0 0 9.67643 0.147024 -0.079615 0
0 0 9.71819 0.147201 -0.080053 0
0 0 9.78296 0.146903 -0.0799009 0
0 0 9.86493 0.146545 -0.0800122 0
0 0 9.92402 0.145955 -0.0809864 0
0 0 9.9424 0.14603 -0.0820727 0
0 0 9.97626 0.146072 -0.0832102 0
0 0 10.0266 0.146019 -0.084871 0
0 0 10.0266 0.146237 -0.0856432 0
0 0 10.0115 0.146649 -0.085957 0
0 0 9.98548 0.147418 -0.0857699 0
0 0 9.99618 0.147946 -0.0858369 0
0 0 10.013 0.148157 -0.0860897 0
0 0 10.0083 0.148061 -0.0857565 0
0 0 10.009 0.147844 -0.0854409 0
0 0 10.0306 0.147502 -0.0860596 0
0 0 10.0319 0.147546 -0.0860793 0
0 0 10.0181 0.147484 -0.0851957 0
0 0 9.99721 0.148107 -0.0846898 0
0 0 9.97391 0.148928 -0.0841501 0
0 0 9.96188 0.148725 -0.0837097 0
0 0 9.95964 0.148376 -0.0844047 0
0 0 9.95006 0.14824 -0.0849647 0
0 0 9.96241 0.148396 -0.0855035 0
0 0 9.98921 0.148228 -0.0866105 0
0 0 10.0034 0.148184 -0.0877746 0
0 0 9.98739 0.148854 -0.0873131 0
0 0 9.97822 0.149436 -0.086447 0
0 0 9.9547 0.149733 -0.0857176 0
0 0 9.91669 0.149443 -0.0843341 0
0 0 9.88746 0.149476 -0.0830209 0
0 0 9.88648 0.149542 -0.0828233 0
0 0 9.88697 0.14954 -0.0828046 0
0 0 9.90013 0.149292 -0.083222 0
0 0 9.9253 0.148944 -0.0836454 0
0 0 9.92292 0.148661 -0.083328 0
0 0 9.92051 0.148314 -0.0831788 0
0 0 9.9219 0.148317 -0.0830375 0
0 0 9.91985 0.148592 -0.0830411 0
0 0 9.91475 0.148635 -0.0829239 0
0 0 9.92821 0.14869 -0.0837623 0
0 0 9.95651 0.149369 -0.084837 0
0 0 9.95813 0.150045 -0.0856407 0
0 0 9.95783 0.150248 -0.0861962 0
0 0 9.97888 0.150278 -0.0864457 0
0 0 9.98967 0.150532 -0.0872441 0
0 0 9.99439 0.150312 -0.0872412 0
0 0 9.98869 0.149979 -0.0863306 0
0 0 10.0006 0.149096 -0.0855354 0
0 0 10.0053 0.148306 -0.0851081 0
0 0 10.0074 0.147695 -0.0844997 0
0 0 10.0195 0.147184 -0.08388 0
0 0 10.0363 0.147049 -0.0843232 0
0 0 10.0685 0.14696 -0.0851674 0
0 0 10.0789 0.147752 -0.0853727 0
0 0 10.09 0.148773 -0.0853342 0
0 0 10.106 0.149843 -0.0850435 0
0 0 10.1337 0.150643 -0.0848175 0
0 0 10.1596 0.150803 -0.0845525 0
0 0 10.1893 0.150571 -0.0844185 0
0 0 10.2243 0.150074 -0.0846343 0
0 0 10.232 0.150319 -0.0843849 0
