forceTarget forceNow zdd para_Bcommand_velactual_vel
10 0 0 0 -0.0101485 0
10 0 0 0 -0.00987984 0
10 0 0 0 -0.0100069 0
10 0 0 0 0.00154391 -0.0230248
10 0 0 0 0.000533471 -0.0210827
10 0 0 0 -0.00512362 -0.00978395
10 0 0 0 -0.00987045 0.00326778
10 0 0 0 -0.0101246 0
10 0 0 0 -0.00766539 -0.0044611
10 0 0 0 -0.0100381 0
10 0 0 0 0.000598716 -0.0211986
10 0 0 0 -0.00350492 -0.0130914
10 0 0 0 -0.00988825 0
10 0 0 0 -0.0100029 0
10 0 0 0 -0.00689809 0
10 0 0 0 -0.00990989 0
10 0 0 0 0.00154856 -0.0231178
10 0 0 0 -0.00177801 -0.01647
10 0 0 0 -0.0100946 0
10 0 0 0 -0.00991124 0
10 0 0 0 -0.00987907 0
10 0 0 0 -0.000668888 0
10 0 0 0 0.0010332 -0.0221141
10 0 0 0 -0.00329241 -0.0133954
10 0 0 0 -0.0100417 0.00597967
10 0 0 0 -0.00995813 0
10 0 0 0 -0.00998033 0
10 0 0 0 0.00257715 -0.0251329
10 0 0 0 0.00200275 -0.0240109
10 0 0 0 -0.00718354 -0.00575885
10 0 0 0 -0.0100395 0
10 0 0 0 -0.00985237 0
10 0 0 0 -0.00999744 0
10 0 0 0 0.00137641 0
10 0 0 0 0.00187809 -0.0237541
10 0 0 0 -0.00361308 -0.0127929
10 0 0 0 -0.00999574 0
10 0 0 0 -0.0100396 0
10 0 0 0 -0.00996511 0
10 0 0 0 -0.00111431 -0.0177629
10 0 0 0 0.00241178 -0.0247112
10 0 0 0 -0.00397505 -0.0119826
10 0 0 0 -0.00997709 0
10 0 0 0 -0.00996659 0
10 0 0 0 -0.00994429 0
10 0 0 0 -0.00998588 0
10 0 0 0 0.00249507 -0.024965
10 0 0 0 -0.00301693 -0.0139601
10 0 0 0 -0.00999926 0
10 0 0 0 -0.0101069 0
10 0 0 0 -0.00989052 0
10 0 0 0 -0.00102075 -0.017955
10 0 0 0 0.000688676 -0.0213647
10 0 0 0 -0.00243713 -0.0150504
10 0 0 0 -0.0100537 0
10 0 0 0 -0.0099938 0
10 0 0 0 -0.010025 0
10 0 0 0 0.0025931 0
10 1.56714 0 0 -0.00253869 -0.0148943
10 1.99941 0 0 -0.00304044 -0.0100682
10 2.52592 0 0 -0.00779914 0
10 3.12352 0 0 -0.00699143 0
10 3.67421 0 0 -0.00635769 0
10 4.15449 0 0 0.00107877 -0.0148275
10 4.70212 0 0 0.00120452 -0.0127866
10 5.32965 0 0 -0.00359995 -0.00124371
10 5.84631 0 0 -0.00416133 0
10 6.28862 0 0 -0.00375055 0
10 6.77615 0 0 -0.00320125 0
10 7.23125 0 0 0.0012317 -0.00892953
10 7.56202 0 0 -0.000593032 -0.00371168
10 7.88874 0 0 -0.00104811 -0.00208569
10 8.29261 0 0 -0.00171762 0.00044298
10 8.64978 0 0 -0.00170271 0
10 8.91255 0 0 -0.00135062 0
10 9.14171 0 0 -0.000858052 0
10 9.33788 0 0 0.00160395 -0.00441048
10 9.51969 0 0 0.00156212 -0.0042038
10 9.76103 0 0 -0.000241048 0.00299624
10 9.98067 0 0 0 0
10 10.0589 0 0 0 0
10 10.0881 0 0 0.00174392 -0.00333885
10 10.1153 0 0 -0.000515777 0.00120779
10 10.0888 0 0 0.000280257 -0.000380557
10 10.0585 0 0 0 0
10 10.0962 0 0 0 0
10 10.1361 0 0 -0.000148647 0.000567841
10 10.1276 0 0 -0.000322703 0.000921927
10 10.1108 0 0 0 0.000252734
10 10.1148 0 0 0 0.000339383
10 10.0802 0 0 0.000114943 0
10 10.0287 0 0 0 0
10 9.99605 0 0 0 0
10 9.99383 0 0 0.000133393 -0.000274327
10 9.96652 0 0 0 -0.000150503
10 9.9371 0 0 -0.000474181 0.000823714
10 9.9371 0 0 0 0
10 9.9257 0 0 0.000363282 -0.000863236
10 9.91818 0 0 0 -0.00012912
10 9.89656 0 0 0.000105647 -0.000419895
10 9.89686 0 0 -0.000102682 0
10 9.89523 0 0 -0.000104744 0
10 9.90582 0 0 -0.000103761 0
10 9.91171 0 0 -0.000655342 0.00114197
10 9.90482 0 0 0 -0.000145307
10 9.89545 0 0 0.000845427 -0.00190333
10 9.90177 0 0 -0.000105265 0
10 9.91264 0 0 0 0
10 9.89994 0 0 -0.000100992 0
10 9.87141 0 0 0 0
10 9.87141 0 0 -0.000737534 0.00121387
10 9.85927 0 0 -0.000435953 0.000589372
10 9.83032 0 0 -0.000171277 -0.00341169
10 9.82342 0 0 -0.000168449 0
10 9.84752 0 0 -0.00015202 0
10 9.85936 0 0 -0.000141199 0
10 9.86287 0 0 -0.000766455 0.0012529
10 9.89378 0 0 0 -0.000169299
10 9.90559 0 0 0 -0.00250046
10 9.91577 0 0 0 0
10 9.95816 0 0 0 0
10 10.0053 0 0 -0.000212172 0.00043785
10 10.0272 0 0 0.00011402 -0.000169398
10 10.0455 0 0 -0.000165239 0.000423282
10 10.0654 0 0 0.00049416 -0.000866161
10 10.0654 0 0 0.000499784 0
10 10.0512 0 0 0 0
10 10.0584 0 0 0.000670247 -0.00123066
10 10.0677 0 0 -0.000666767 0.00147964
10 10.0756 0 0 0.000494337 -0.000842522
10 10.0767 0 0 0 0
10 10.0599 0 0 0 0
10 10.0603 0 0 0 0
10 10.0587 0 0 -0.000184878 0.0004879
10 10.0394 0 0 -0.000127884 0.000334963
10 10.037 0 0 -0.000338541 0.000742433
10 10.0768 0 0 0 0.000254418
10 10.0787 0 0 0 0
10 10.0566 0 0 0 0
10 10.0571 0 0 0.00113881 -0.00215865
10 10.0828 0 0 0.000425554 -0.000741117
10 10.0619 0 0 -0.00107303 0.0022866
10 10.0467 0 0 0 0
10 10.0275 0 0 0 0
10 10.0349 0 0 0.00111268 0
10 10.0533 0 0 -0.000304099 0.000678224
10 10.0583 0 0 -0.000254129 0.000617963
10 10.0798 0 0 0 -3.53899e-05
10 10.1193 0 0 0.000119355 0
10 10.1591 0 0 0.00015842 0
10 10.1401 0 0 0.000161097 0
10 10.0992 0 0 0 0.000384241
10 10.0565 0 0 0.000613732 -0.0010411
10 10.0175 0 0 -0.000271398 0.00057271
10 9.96418 0 0 0 0
10 9.92516 0 0 0 0
10 9.90076 0 0 0 0
10 9.91629 0 0 0 0
10 9.94317 0 0 0.000153022 -0.000403304
10 9.96244 0 0 0 -8.3433e-05
10 9.97019 0 0 0 0
10 9.96319 0 0 0 0.00127986
10 9.95515 0 0 0 0
10 9.95515 0 0 0 -4.98459e-05
10 9.90042 0 0 0 -8.51226e-05
10 9.87611 0 0 0.000255728 -0.000712433
10 9.85154 0 0 -0.000149877 0
10 9.84227 0 0 -0.000156494 0
10 9.82734 0 0 -0.000159651 0
10 9.81424 0 0 0 -0.000337834
10 9.79931 0 0 -0.000154598 -6.47484e-05
10 9.79084 0 0 0 -0.00023501
10 9.80082 0 0 -0.000106113 -0.000188811
10 9.7881 0 0 -0.000210286 0
10 9.77099 0 0 -0.000228509 0
10 9.76541 0 0 -0.000255318 5.02521e-05
10 9.76581 0 0 -0.000330318 0.000184096
10 9.75479 0 0 -0.000334638 0.000189453
10 9.72879 0 0 -0.000270267 0
10 9.74243 0 0 -0.000258049 0
10 9.75539 0 0 -0.000247435 0
10 9.75338 0 0 -0.000603764 0.000721412
10 9.76113 0 0 -0.000243167 0
10 9.78843 0 0 0 -0.000321686
10 9.82867 0 0 -0.000170948 -0.000528243
10 9.82867 0 0 -0.000171897 0
10 9.84573 0 0 -0.000157122 0
10 9.8593 0 0 0 -0.000458351
10 9.86507 0 0 0.000250635 -0.000771433
10 9.868 0 0 -0.000102568 -6.49749e-05
10 9.84581 0 0 -0.000131383 0
10 9.84581 0 0 -0.000154725 0
10 9.84557 0 0 -0.000160208 0
10 9.86295 0 0 0.000184429 -0.000677357
10 9.86295 0 0 -0.000428976 0.000593102
10 9.88034 0 0 0.000181528 -0.000602706
10 9.95402 0 0 0 0
10 9.95402 0 0 0 0
10 10.0735 0 0 0 0
10 10.1282 0 0 0.000576804 -0.000911484
10 10.1282 0 0 0 0.000334053
10 10.212 0 0 0.000712837 -0.000995302
10 10.2168 0 0 0.000213922 0
10 10.2168 0 0 0.000213068 0
10 10.19 0 0 0.00019036 0
10 10.1393 0 0 0 0.000402551
10 10.0876 0 0 -0.000664452 0.0015108
10 10.0882 0 0 0.000705852 -0.00125704
10 10.0882 0 0 0 0
10 10.0984 0 0 0 0
10 10.1301 0 0 0.00101333 0
10 10.1361 0 0 -0.000728854 0.00174492
10 10.051 0 0 -0.000227269 0.00063661
10 10.0065 0 0 0.000290005 -0.000569635
10 10.0065 0 0 0 0
10 9.95242 0 0 0 0
10 9.93602 0 0 0 0
10 9.93602 0 0 -0.000602248 0.00108086
10 9.9337 0 0 0.000564396 -0.00123077
10 9.93731 0 0 0.000218852 -0.00057237
10 9.93752 0 0 0 0
10 9.94725 0 0 0 0
10 9.93009 0 0 0 0
10 9.91764 0 0 0.000272149 0
10 9.88908 0 0 0 0
10 9.87317 0 0 0 -0.000291452
10 9.84038 0 0 -0.000160398 0.0012618
10 9.84038 0 0 -0.000158627 0
10 9.78576 0 0 -0.000217748 0
10 9.76332 0 0 0.000485532 -0.00140025
10 9.76332 0 0 0 -0.000568383
10 9.75798 0 0 -0.000664085 0.000843472
10 9.73569 0 0 -0.000268336 0
10 9.71766 0 0 -0.000260742 0
10 9.71766 0 0 0 0
10 9.71191 0 0 -0.000708405 0.000803602
10 9.70426 0 0 0.000616183 -0.00182634
10 9.68524 0 0 -0.000302089 -1.69673e-05
10 9.70035 0 0 -0.000305038 0
10 9.71772 0 0 -0.000297475 0
10 9.71772 0 0 -0.000281262 0
10 9.73503 0 0 -0.000203728 -0.000144973
10 9.75603 0 0 0.000220174 -0.000921079
10 9.7754 0 0 -0.000480782 0.000517223
10 9.78397 0 0 -0.000200007 -2.98762e-05
10 9.79346 0 0 -0.000214235 0
10 9.81062 0 0 -0.000210012 0
10 9.81855 0 0 0.000279754 0
10 9.83292 0 0 -0.000164607 0
10 9.84018 0 0 -0.000746339 0.00116865
10 9.84739 0 0 -0.000155626 -0.000507078
10 9.86432 0 0 -0.000134326 0
10 9.89937 0 0 -0.000100658 0
10 9.91595 0 0 -0.000465556 0.000771724
10 9.91534 0 0 0 -0.00127579
10 9.95189 0 0 0 0
10 10.007 0 0 0 0
10 10.0487 0 0 0 0
10 10.084 0 0 0 8.98221e-07
10 10.1229 0 0 0 0.000129568
10 10.1725 0 0 0.000173427 0
10 10.1915 0 0 0.000174942 0
10 10.1725 0 0 0.000171218 0
10 10.1551 0 0 0.00100184 0
10 10.1585 0 0 -0.000286774 0.00089103
10 10.1801 0 0 0 0.00043313
10 10.1909 0 0 0.000191211 -0.000836236
10 10.2141 0 0 0.000189411 0
10 10.2141 0 0 0.000214641 0
10 10.2316 0 0 0.000405018 -0.000338728
10 10.2225 0 0 -0.000105313 0.000657037
10 10.2142 0 0 0.000280279 -0.000119423
10 10.2296 0 0 0.000233685 0
10 10.2296 0 0 0.000228166 0
10 10.2431 0 0 0.000243958 0
10 10.2627 0 0 0.000511554 -0.000514675
10 10.2653 0 0 0 0.00046822
10 10.2314 0 0 0.000316813 -0.000177083
10 10.2314 0 0 0.000229712 0
10 10.2043 0 0 0.00022316 0
10 10.1573 0 0 0.000156429 0
10 10.0949 0 0 -0.000620521 0.00144874
10 10.0429 0 0 0.000196105 -0.000305769
10 9.98828 0 0 0.000456861 -0.000921929
10 9.90134 0 0 0 0
10 9.84565 0 0 -0.000151367 0
10 9.80339 0 0 -0.000155239 0
10 9.78802 0 0 0.000130973 -0.000687262
10 9.7839 0 0 -0.000102481 -0.000223888
10 9.77774 0 0 -0.000159976 -0.000119314
10 9.76194 0 0 -0.00053354 0.000597522
10 9.75348 0 0 -0.000238019 0
10 9.73893 0 0 -0.000249184 0
10 9.68403 0 0 -0.000315201 0
10 9.64417 0 0 -0.000664797 0.000692122
10 9.64539 0 0 0.000426816 -0.0015594
10 9.64385 0 0 -0.000351348 0
10 9.64385 0 0 -0.000355758 0
10 9.66296 0 0 -0.000374082 0
10 9.7061 0 0 -0.000369913 0.000163048
10 9.72032 0 0 -0.000580569 0.000603327
10 9.74755 0 0 0 -0.000402556
10 9.81079 0 0 0.00042715 -0.00121683
10 9.88207 0 0 -0.000115786 0
10 9.95233 0 0 0 0
10 10.0286 0 0 0.000206406 -0.000511316
10 10.096 0 0 0.00045156 -0.000706577
10 10.1314 0 0 0 0.000226814
10 10.1236 0 0 0.000124185 0
10 10.118 0 0 0.000122997 0
10 10.1045 0 0 0.000105353 0
10 10.0734 0 0 0 0.000182106
10 10.0434 0 0 0 8.18937e-05
10 10.0444 0 0 0.000127067 -0.000161775
10 10.0379 0 0 0 0
10 10.0131 0 0 0 0
10 9.98632 0 0 0 0
10 9.98511 0 0 0.000269276 -0.000568829
10 9.98939 0 0 -0.000317609 0.000605385
10 9.98274 0 0 0 8.05344e-05
10 9.98274 0 0 0 0
10 9.99785 0 0 0 0
10 10.0259 0 0 0 0
10 10.0304 0 0 0 -1.969e-05
10 10.0176 0 0 -0.000735365 0.00150788
10 10.0108 0 0 0.000530612 -0.00104821
10 10.0166 0 0 0 0.00010572
10 10.0162 0 0 0 0
10 10.0105 0 0 0 0
10 10.0045 0 0 0 5.33641e-05
10 10.0228 0 0 0.000130671 -0.000254175
10 10.0208 0 0 0.000625599 -0.00117907
10 10.0137 0 0 0 0
10 10.006 0 0 0 0
10 10.0143 0 0 0 0
10 10.016 0 0 0 0
10 10.0009 0 0 0.000867691 -0.00171862
10 9.97304 0 0 -0.000765762 0.00148392
10 9.95227 0 0 0 0.000363929
10 9.92617 0 0 0 0
10 9.89215 0 0 -0.000106978 0
10 9.90293 0 0 0 0
10 9.93697 0 0 -0.000555339 0.000999873
10 9.96099 0 0 0 -5.79182e-05
10 9.97233 0 0 0 -3.018e-05
10 9.99489 0 0 0 0
10 9.9866 0 0 0 0
10 9.94762 0 0 0.000306259 -0.000630411
10 9.92068 0 0 0 -0.000260051
10 9.88962 0 0 -0.000238835 0.000259729
10 9.86608 0 0 0 -8.44784e-05
10 9.8736 0 0 -0.000127845 0
10 9.86382 0 0 -0.000135316 0
10 9.86445 0 0 0.000391022 -0.00106006
10 9.89062 0 0 -0.000339351 0.00044842
10 9.91393 0 0 -0.000588319 0.00102402
10 9.89975 0 0 -0.000100657 0.000393831
10 9.89238 0 0 -0.000100119 0
10 9.91022 0 0 0 0
10 9.90226 0 0 0 -8.38254e-05
10 9.88943 0 0 -0.000417178 0.000637167
10 9.88927 0 0 0.000495058 -0.00121028
10 9.90259 0 0 0 0
10 9.92164 0 0 0 0
10 9.92164 0 0 0 0
10 9.9425 0 0 0 1.6963e-05
10 9.94559 0 0 0.000556567 -0.00123009
10 9.94815 0 0 0 0.000216858
10 9.9289 0 0 0 0.000694921
10 9.89152 0 0 -0.000111939 0
10 9.88214 0 0 -0.000115616 0
10 9.89086 0 0 0.000788043 -0.0018028
10 9.89854 0 0 -0.000432045 0.000653473
10 9.89596 0 0 -0.000581275 0.000939886
10 9.89231 0 0 -0.000107453 -0.000617777
10 9.89231 0 0 -0.000107815 0
10 9.88004 0 0 -0.000118805 0
10 9.88675 0 0 0.000715504 -0.00163651
10 9.88136 0 0 -0.000963406 0.0017007
10 9.88142 0 0 0.000219944 -0.000683954
10 9.87009 0 0 -0.000132229 0
10 9.85985 0 0 -0.000139139 0
10 9.87051 0 0 -0.000127607 0
10 9.87766 0 0 0.000593327 -0.00142618
10 9.9118 0 0 -0.000415231 0.000572801
10 9.9213 0 0 -0.000511408 0.000871222
10 9.92366 0 0 0 -0.00135955
10 9.88495 0 0 -0.000114843 0
10 9.85272 0 0 -0.000183767 0
10 9.82064 0 0 -0.000175113 0.00016539
10 9.77704 0 0 -0.000350017 0.000257331
10 9.76351 0 0 -0.00055207 0.000638708
10 9.79837 0 0 -0.000203271 0
10 9.83516 0 0 -0.000164963 0
10 9.85181 0 0 -0.000164459 0
10 9.89481 0 0 -0.000610447 0
10 9.94461 0 0 0.0003558 -0.000926606
10 9.95907 0 0 0.000363447 -0.00080694
10 9.96483 0 0 0 0
10 10.0027 0 0 0 0
10 10.0336 0 0 0 0
10 10.0371 0 0 0 0.000250181
10 10.065 0 0 -0.000495188 0.00112577
10 10.0944 0 0 0.000203488 -0.000211298
10 10.1039 0 0 0.000103208 -1.85226e-05
10 10.087 0 0 0 0
10 10.1042 0 0 0.000106246 0
10 10.123 0 0 0.000519831 -0.000806546
10 10.1365 0 0 0 0.000423149
10 10.1234 0 0 0.000507189 -0.00074269
10 10.1331 0 0 0.000131892 0
10 10.143 0 0 0.000133073 0
10 10.1419 0 0 0.000442608 -0.000595885
10 10.1298 0 0 0.000601087 -0.000941588
10 10.1274 0 0 0.000128924 0.00102549
10 10.1094 0 0 0.000108023 0
10 10.0757 0 0 0 0
10 10.0668 0 0 0.000305293 -0.000467901
10 10.0739 0 0 -0.000166044 0.000467901
10 10.0932 0 0 0 8.54468e-05
10 10.1203 0 0 0.000120342 0
10 10.147 0 0 0.000119941 0
10 10.1594 0 0 0 0
10 10.1398 0 0 -0.000118644 0.000556636
10 10.1191 0 0 0.00027322 -0.000298532
10 10.0932 0 0 -0.000180285 0.000552709
10 10.0874 0 0 0 0
10 10.0815 0 0 0 0
10 10.0523 0 0 0 0
10 10.041 0 0 0.000458157 -0.000807166
10 10.0329 0 0 -0.000415099 0.000894795
10 10.0133 0 0 0.0007199 -0.00138315
10 9.98731 0 0 0 0.000956431
10 9.98325 0 0 0 0
10 9.98325 0 0 0 0
10 9.90665 0 0 -0.000332119 0.000588814
10 9.8633 0 0 -0.000559243 0.000825661
10 9.81733 0 0 0 -0.000503441
10 9.75586 0 0 0.000394645 -0.0012706
10 9.7206 0 0 -0.000278286 0
10 9.71526 0 0 -0.000281556 0
10 9.69486 0 0 -0.000501085 0.000422253
10 9.67854 0 0 0.000215305 -0.00107705
10 9.67999 0 0 -0.000338828 3.9713e-05
10 9.69093 0 0 -0.000311616 0
10 9.69584 0 0 -0.000303571 0
10 9.67366 0 0 -0.000303255 0
10 9.68129 0 0 -0.000424493 0.000214026
10 9.68129 0 0 0.00159 -0.00377235
10 9.7446 0 0 -0.00117953 0.00177968
10 9.77462 0 0 -0.000253667 0
10 9.82046 0 0 -0.000181279 0
10 9.89785 0 0 -0.000102716 0
10 9.97852 0 0 0 0
10 10.0214 0 0 -0.000623174 0.00129546
10 10.0288 0 0 0.0016645 -0.00322423
10 10.0528 0 0 0 0
10 10.0736 0 0 0 0
10 10.0431 0 0 0 0
10 9.97586 0 0 0.000304249 -0.000654254
10 9.93496 0 0 -0.0002689 0.000401876
10 9.91258 0 0 0 -0.000254165
10 9.88739 0 0 -0.000114078 0
10 9.84648 0 0 -0.000150696 0
10 9.81933 0 0 -0.000181708 0
10 9.80423 0 0 -0.000315365 0.000273626
10 9.77891 0 0 -0.000380178 0.000318954
10 9.75088 0 0 0.000261021 -0.00101571
10 9.73378 0 0 -0.000265921 0.000403433
10 9.73289 0 0 -0.000266869 0.00124648
10 9.72389 0 0 -0.000270215 0
10 9.73941 0 0 0.000382499 -0.00129181
10 9.7723 0 0 0.000426389 -0.00131456
10 9.83004 0 0 -0.000734357 0.00112574
10 9.89174 0 0 -0.000109733 0
10 9.93044 0 0 0 0
10 9.98469 0 0 0 0
10 10.0098 0 0 -0.000927065 0.00187819
10 10.0213 0 0 0.000958487 -0.00188308
10 10.0242 0 0 0.0001871 -0.000313737
10 10.0346 0 0 0 0
10 10.0216 0 0 0 0
10 10.0045 0 0 -0.000372064 0.000762191
10 10.0273 0 0 -0.000681532 0.00141843
10 10.0273 0 0 0.000688415 -0.0013304
10 10.0452 0 0 0.000198593 -0.000297909
10 10.065 0 0 0 0.00029797
10 10.1118 0 0 0.000111199 0
10 10.1101 0 0 0.000109786 0
10 10.0964 0 0 -0.000312536 0.000823662
10 10.0974 0 0 0 0.000277252
10 10.1052 0 0 0 8.0828e-05
10 10.1209 0 0 0.000120595 0
10 10.1454 0 0 0.000144995 0
10 10.1783 0 0 0.000143443 0
10 10.1855 0 0 0 0.000223935
10 10.2038 0 0 -0.000181086 0.00077068
10 10.2193 0 0 0.00017657 8.51301e-05
10 10.2106 0 0 0.000219307 0
10 10.2039 0 0 0.000207797 0
10 10.1943 0 0 0.000194256 0
10 10.187 0 0 0.000120853 0
10 10.1674 0 0 0.000217689 -6.11321e-05
10 10.1674 0 0 0.00016929 5.98392e-05
10 10.1327 0 0 0.000132861 0
10 10.129 0 0 0.00012819 0
10 10.1151 0 0 0.000117229 0
10 10.0947 0 0 0.00012315 -6.28234e-05
10 10.0776 0 0 -0.000175901 0.000502819
10 10.099 0 0 0.000117029 -8.07969e-05
10 10.1316 0 0 0.000133938 0
10 10.1493 0 0 0.000128687 0
10 10.1788 0 0 0.000149111 0
10 10.213 0 0 0 0
10 10.2366 0 0 0 0.000426805
10 10.2342 0 0 0.000283434 -8.71273e-05
10 10.2097 0 0 0.000206353 0
10 10.1907 0 0 0.000210608 0
10 10.1644 0 0 0.000190775 0
10 10.1682 0 0 0 0.000483944
10 10.1465 0 0 0.000136012 2.12957e-05
10 10.122 0 0 0.000543823 -0.000844413
10 10.1172 0 0 0.000122755 0
10 10.1038 0 0 0.000112893 0
10 10.0587 0 0 0 0
10 9.98161 0 0 -0.000133704 0
10 9.93506 0 0 -0.000104985 7.96644e-05
10 9.86859 0 0 0 -0.000382439
10 9.79369 0 0 -0.000205507 0
10 9.74653 0 0 -0.000204864 0
10 9.72191 0 0 -0.000281646 0
10 9.70347 0 0 0.000218334 -0.000992558
10 9.69152 0 0 -0.000869082 0.00116193
10 9.72332 0 0 -0.000139954 -0.000273298
10 9.76823 0 0 -0.000235422 0
10 9.7798 0 0 -0.000227902 0
10 9.78757 0 0 -0.000215767 0
10 9.81071 0 0 0.000553715 -0.0014808
10 9.80701 0 0 -0.000507655 0.000654261
10 9.77207 0 0 -0.000226125 -4.26812e-06
10 9.74901 0 0 -0.00023123 0
10 9.75257 0 0 -0.000250168 0
10 9.72979 0 0 -0.000264071 0
10 9.70309 0 0 0.000810403 -0.00222493
10 9.69255 0 0 -0.000821548 0.000999387
10 9.68063 0 0 0.000263985 -0.00114581
10 9.65818 0 0 -0.000339253 0.000444588
10 9.66879 0 0 -0.000330766 0
10 9.71332 0 0 -0.00033144 0
10 9.76865 0 0 -0.000580982 0.000677032
10 9.83911 0 0 -0.000798609 0.00129268
10 9.90001 0 0 0.00143377 -0.00324002
10 9.93632 0 0 0 0
10 9.93225 0 0 0 0
10 9.93225 0 0 -0.0024244 0
10 9.89822 0 0 0.000981928 -0.0021326
10 9.89266 0 0 0.00133788 0
10 9.89266 0 0 -0.000107168 0.00104744
10 9.98549 0 0 0 0.00193961
10 10.0282 0 0 0 0
10 10.0862 0 0 0 0
10 10.112 0 0 0.000333413 0
10 10.0966 0 0 0.000561975 -0.000915084
10 10.0731 0 0 -0.000520701 0.00116164
10 10.0552 0 0 0 -0.00101892
10 10.0106 0 0 0 0
10 9.96949 0 0 0 0
10 9.97652 0 0 0.000858332 0
10 9.97077 0 0 -0.000317826 0.000571791
10 9.95528 0 0 -0.0014019 0.00274024
10 9.95539 0 0 0.000552225 -0.00117609
10 9.9287 0 0 0 0
10 9.92423 0 0 0 0
10 9.94772 0 0 0 0
10 9.95888 0 0 0.000618473 -0.00129639
10 9.95217 0 0 0 -8.5991e-06
10 9.97856 0 0 0 0
10 10.0302 0 0 0 0
10 10.0093 0 0 0 0
10 10.0093 0 0 -0.000247595 0.000517806
10 10.0019 0 0 -0.000407041 0.000822103
10 10.0363 0 0 -0.00044905 0.000893226
10 10.0448 0 0 0 0
10 10.0511 0 0 0 0
10 10.0743 0 0 0 0
10 10.1115 0 0 0 0.000308749
10 10.1571 0 0 0.000333174 -0.00035897
10 10.205 0 0 -0.000138044 0.000592787
10 10.2413 0 0 0.000241987 0
10 10.2522 0 0 0.000243571 0
10 10.2573 0 0 0.000499739 0
10 10.2644 0 0 0.00032169 -0.000138161
10 10.2482 0 0 0 0
10 10.2377 0 0 0 0.000582609
10 10.2559 0 0 0.00025667 -0.00166363
10 10.2755 0 0 0.000275162 0
10 10.2608 0 0 0.000265888 0
10 10.2142 0 0 -0.000211532 0
10 10.1735 0 0 0.000479362 -0.000606588
10 10.1302 0 0 -0.000487304 0.00132833
10 10.1026 0 0 0.000103549 0
10 10.0851 0 0 0 0
10 10.0678 0 0 0 0
10 10.0775 0 0 0.000247583 0
10 10.0833 0 0 0.00119213 -0.00220613
10 10.0916 0 0 -0.00102893 0.00225414
10 10.1164 0 0 -0.000620075 0.00148147
10 10.1667 0 0 0.000170003 0
10 10.2117 0 0 0.00020995 0
10 10.2291 0 0 0.00077222 0
10 10.2291 0 0 -0.00038152 0.00121986
10 10.2319 0 0 0.000340727 -0.000202824
10 10.1918 0 0 0.000192637 -8.35721e-05
10 10.1918 0 0 0.000189306 0
10 10.179 0 0 0.000170454 0
10 10.1831 0 0 0 0.00023383
10 10.1656 0 0 0.00020812 -8.4153e-05
10 10.1602 0 0 -0.000654097 0.00163339
10 10.1732 0 0 0.000172075 0
10 10.1435 0 0 0.000174288 0
10 10.0954 0 0 0.000142499 0
10 10.0831 0 0 0 0.000150845
10 10.0759 0 0 -0.000394162 0.000940315
10 10.0561 0 0 -0.00010385 0.000318951
10 10.0279 0 0 0 0
10 10.0411 0 0 0 0
10 10.0359 0 0 0 0
10 10.0323 0 0 -0.000263508 0.000592448
10 10.0498 0 0 0.00124006 -0.0024044
10 10.0732 0 0 -0.000859595 0.00181227
10 10.0895 0 0 0 0.00389524
10 10.091 0 0 0 0
10 10.1163 0 0 0 0
10 10.1112 0 0 0.00104232 -0.00181358
10 10.0606 0 0 0 0.000288207
10 10.0606 0 0 -0.000946751 0.00200963
10 9.90415 0 0 0 0
10 9.83372 0 0 0.000535632 0
10 9.83372 0 0 0.000675747 0
10 9.78078 0 0 -0.00159613 0.00274137
10 9.74555 0 0 0.000141433 -0.000792945
10 9.71082 0 0 -0.00033872 9.10744e-05
10 9.78111 0 0 -0.000218343 -0.000338562
10 9.78111 0 0 -0.000217341 0
10 9.82195 0 0 -0.000177548 0
10 9.86814 0 0 0.00040001 -0.00116252
10 9.94579 0 0 -0.00120344 0.00231726
10 9.97099 0 0 -0.000112622 0.00016812
10 9.97256 0 0 0 0
10 9.97256 0 0 0 0
10 10.0205 0 0 0 0
10 10.0304 0 0 0.000355229 0
10 10.0478 0 0 -0.000671941 0.00140613
10 10.0718 0 0 0.000625607 -0.00107149
10 10.0718 0 0 0 0
10 10.1233 0 0 0 0
10 10.1503 0 0 0.000152134 0
10 10.1353 0 0 0 0.000488238
10 10.1353 0 0 0.000610522 -0.000956153
10 10.0792 0 0 -0.000154725 0.000467582
10 10.0578 0 0 0 0
10 10.0081 0 0 0 0
10 9.98879 0 0 0 0
10 9.98879 0 0 -0.00037102 0.000721739
10 10.0135 0 0 0.000261345 -0.00051846
10 10.0318 0 0 0 -3.09312e-05
10 10.064 0 0 0 0
10 10.0927 0 0 0 0
10 10.0896 0 0 0 0
10 10.0868 0 0 0.000171353 -0.000169352
10 10.0868 0 0 0 0.000202562
10 10.0625 0 0 -0.000786682 0.00171797
10 10.0517 0 0 0 -0.0014089
10 10.0411 0 0 0 0
10 10.0668 0 0 0.000401889 0
10 10.1029 0 0 0.000394539 0
10 10.1257 0 0 0.000124696 0
10 10.1257 0 0 -0.000375211 0.00100746
10 10.1525 0 0 0.000153013 0
10 10.1525 0 0 0.000153471 0
10 10.1515 0 0 0.000161829 0
10 10.1515 0 0 0.000831796 -0.00131943
10 10.1288 0 0 0 0.000139127
10 10.1316 0 0 -0.000297559 0.000847688
10 10.1093 0 0 0.000131445 0
10 10.1093 0 0 0.000110477 0
10 10.0327 0 0 0 0
10 10.0185 0 0 -0.000187436 0.000419239
10 10.0185 0 0 0.000483389 -0.000927481
10 9.98961 0 0 0 -0.000920581
10 9.97677 0 0 0 0
10 9.98494 0 0 0 0
10 9.98371 0 0 0 0
10 9.96247 0 0 -0.000102236 0.000168369
10 9.95837 0 0 -0.0004584 0.000837346
10 9.95837 0 0 0 0
10 9.99089 0 0 -0.000555067 0.00109615
10 9.99089 0 0 0 0
10 9.97918 0 0 0 0
10 9.97951 0 0 0.000513063 -0.001081
10 9.98992 0 0 -0.00063729 0.00125984
10 9.98992 0 0 0 0.000335419
10 9.98939 0 0 0 0
10 10.0014 0 0 0 0
10 10.0014 0 0 -0.000369536 0
10 10.054 0 0 0 0
10 10.054 0 0 0.000222769 -0.000423091
10 10.0641 0 0 0 0.000199487
10 10.1018 0 0 0.000102077 0
10 10.1022 0 0 0.000102923 0
10 10.0939 0 0 0 0
10 10.1019 0 0 0.000101657 0
10 10.1222 0 0 0.000122598 0
10 10.1222 0 0 0.000121871 0.000592184
10 10.1326 0 0 0.000134143 -0.000628003
10 10.1556 0 0 0.000130648 0
10 10.1668 0 0 0.000169205 0
10 10.1433 0 0 0.000159571 -3.31016e-05
10 10.1181 0 0 0.000115742 5.34352e-05
10 10.0908 0 0 0.00112822 -0.00208571
10 10.064 0 0 0 0
10 10.0151 0 0 0 0
10 9.95158 0 0 0 0
10 9.88909 0 0 0.00033723 -0.000771631
10 9.81411 0 0 -0.000959578 0.00151159
10 9.74528 0 0 0 -0.000570269
10 9.68263 0 0 -0.000253688 0
10 9.64992 0 0 -0.000357511 0
10 9.66047 0 0 -0.000337121 0
10 9.68573 0 0 -0.000310935 0
10 9.71479 0 0 -0.000482368 0.000338568
10 9.7476 0 0 -0.000332452 8.48818e-05
10 9.76487 0 0 -0.000232954 0
10 9.77225 0 0 -0.000235133 0
10 9.76149 0 0 -0.000311463 0.000148935
10 9.76149 0 0 -0.000241382 0
10 9.79184 0 0 -0.000242173 0
10 9.79184 0 0 0.000725187 -0.00187421
10 9.87381 0 0 -0.000449036 0.000627558
10 9.9222 0 0 0.000127949 -0.000510991
10 9.9222 0 0 0 0
10 10.0254 0 0 0 0
10 10.0565 0 0 0 0
10 10.0565 0 0 0.00073143 -0.00134433
10 10.0829 0 0 -0.00011778 0.000402459
10 10.1018 0 0 0.000101001 0.00113264
10 10.119 0 0 0.000119638 0
10 10.0921 0 0 0 0
10 10.0683 0 0 0 0
10 10.0683 0 0 0.000301062 -0.000467916
10 10.0734 0 0 -0.000174996 0.000487334
10 10.0734 0 0 0.000523791 -0.000911745
10 10.0918 0 0 0 0
10 10.0918 0 0 0 0
10 10.1085 0 0 0.00036314 -0.000508563
10 10.087 0 0 -0.000115912 0.000403098
10 10.0554 0 0 -0.000351622 0.000823001
10 10.0155 0 0 0 0
10 9.95393 0 0 0 0
10 9.88285 0 0 -0.00011687 0
10 9.82352 0 0 -0.000403473 0.000453099
10 9.75959 0 0 -0.000677838 0.000881431
10 9.65668 0 0 -0.000367862 9.50323e-05
10 9.65668 0 0 -0.000340034 0
10 9.67098 0 0 -0.000337657 0
10 9.67098 0 0 -0.000331525 0
10 9.67905 0 0 -0.000330377 0
10 9.70572 0 0 -0.000538617 0.00044289
10 9.7362 0 0 0.000372378 -0.00133594
10 9.7362 0 0 0.000505624 -0.00152931
10 9.87328 0 0 -0.00021336 0
10 9.87328 0 0 -0.00012543 0
10 9.97086 0 0 0 0
10 10.0875 0 0 0 0.000339241
10 10.0875 0 0 0.000372087 -0.000582611
10 10.1279 0 0 0.000127538 0.000279534
10 10.1151 0 0 0.000118345 0
10 10.1292 0 0 0.000137437 0
10 10.1476 0 0 0.000134261 0
10 10.1519 0 0 0.000485671 -0.000681921
10 10.1499 0 0 -0.000359555 0.00100638
10 10.1499 0 0 0 0.000288418
10 10.1958 0 0 0.000172465 0
10 10.2096 0 0 0.000199347 0
10 10.1986 0 0 0.000205476 0
10 10.1986 0 0 0.000317399 -0.000234743
10 10.141 0 0 0 0.00011376
10 10.0919 0 0 -0.000433025 0.00104162
10 10.0919 0 0 0 0
10 10.0165 0 0 0 0
10 10.0138 0 0 0 0
10 10.0068 0 0 0.000173402 -0.000319003
10 10.0068 0 0 -0.000259297 0.000533358
10 10.013 0 0 0 4.34599e-05
10 10.0234 0 0 0 0
10 10.045 0 0 0 0
10 10.082 0 0 0 0
10 10.1244 0 0 0.000277159 -0.000308739
10 10.1826 0 0 -0.000113635 0.000542241
10 10.1826 0 0 0 0.000241614
10 10.207 0 0 0.000206525 0
10 10.2049 0 0 0.000204791 0
10 10.1884 0 0 0.000189339 0
10 10.1785 0 0 0.00110123 -0.0017436
10 10.1736 0 0 0.000295648 0
10 10.1736 0 0 -0.000679437 0.00216799
10 10.1551 0 0 0 0
10 10.1309 0 0 -0.000407225 0
10 10.1309 0 0 -0.000835441 0.00195352
10 9.99933 0 0 0.000960859 -0.00190105
10 9.99933 0 0 0 0
10 9.86771 0 0 -0.000129959 0
10 9.79582 0 0 -0.00013259 0
10 9.79582 0 0 0.000332548 -0.00107333
10 9.73173 0 0 -0.000488445 0.00043794
10 9.76609 0 0 -0.000159862 -0.000150801
10 9.74638 0 0 -0.000250129 0
10 9.74396 0 0 -0.0002615 0
10 9.77373 0 0 -0.000221583 0
10 9.77373 0 0 -0.000660655 0.000862383
10 9.75403 0 0 0 -0.000693355
10 9.75403 0 0 -0.00083418 0.00117164
10 9.74623 0 0 -0.00025652 0
10 9.78776 0 0 -0.000209769 0
10 9.8466 0 0 -0.000214833 0
10 9.91838 0 0 -0.000734188 0
10 9.99481 0 0 0.000257861 -0.00052799
10 10.066 0 0 -0.000113156 0.000358366
10 10.1284 0 0 0.000903264 -0.00154744
10 10.1762 0 0 0.000128798 0
10 10.1762 0 0 0.000175278 0
10 10.269 0 0 0.000450245 0
10 10.3206 0 0 0.00165282 -0.00260664
10 10.3206 0 0 -0.000968342 0.00260566
10 10.3667 0 0 0.000364845 0
10 10.339 0 0 0.000370503 0
10 10.3062 0 0 0.000304252 0
10 10.305 0 0 -0.000781111 0.00216195
10 10.2779 0 0 -0.00106082 0.00269044
10 10.2708 0 0 0.00147771 -0.00239315
10 10.3292 0 0 0.000331091 0
10 10.4254 0 0 0.000418167 0
10 10.4529 0 0 0.000452924 0
10 10.4306 0 0 0.00103636 -0.00120968
10 10.4149 0 0 0.000960881 -0.00106155
10 10.3505 0 0 -0.000843294 0.00235103
10 10.2306 0 0 -0.000717917 0.0019323
10 10.2306 0 0 0.00023178 0
10 10.0542 0 0 0 0
10 10.0239 0 0 -0.000450479 0.00102081
10 9.993 0 0 -0.000689695 0.00139095
10 9.96234 0 0 0.000140077 -0.000363396
10 9.96234 0 0 0 0
10 9.91938 0 0 0 0
10 9.88009 0 0 -0.000119415 0
10 9.88009 0 0 -0.000115812 -8.34879e-06
10 9.82432 0 0 -0.000211547 8.85333e-05
10 9.82008 0 0 0.000108911 -0.000576696
10 9.80156 0 0 -0.00020217 0
10 9.80462 0 0 -0.000191141 0
10 9.80462 0 0 -0.000197681 0
10 9.8532 0 0 -0.000184273 3.9212e-06
10 9.87746 0 0 -0.000695266 0.00114195
10 9.88036 0 0 -0.000596672 0.000941924
10 9.88036 0 0 -0.000118641 0
10 9.87756 0 0 -0.000123456 0
10 9.87414 0 0 -0.000121935 0
10 9.87414 0 0 0 -0.0002529
10 9.84477 0 0 -0.000363582 0.000423173
10 9.88375 0 0 0.000339034 -0.000910768
10 9.92997 0 0 -0.000117248 0
10 9.94427 0 0 0 0
10 9.94427 0 0 0 0
10 10.0079 0 0 0.000330999 -0.000693423
10 10.04 0 0 0 0
10 10.0748 0 0 -0.00117075 0.00232298
10 10.109 0 0 0.000106863 -0.0010094
10 10.1792 0 0 0.000107151 0
10 10.2518 0 0 0.000177631 0
10 10.2908 0 0 0.000292287 0
10 10.2908 0 0 0 0.000548864
10 10.3343 0 0 0 0.00062585
10 10.3324 0 0 0.000334756 0
10 10.2846 0 0 0.000284417 0
10 10.2846 0 0 0.000282855 0
10 10.2632 0 0 -0.000448534 0.00142534
10 10.2632 0 0 0.0010877 -0.00165972
10 10.2226 0 0 0.000973175 -0.00149849
10 10.2424 0 0 0.000222293 0
10 10.2405 0 0 0.000240151 0
10 10.2405 0 0 0.000241334 0
10 10.1554 0 0 0.000155114 0
10 10.1419 0 0 0.000141836 0
10 10.1363 0 0 -0.000153036 0.000576435
10 10.1372 0 0 0.000428295 -0.000576435
10 10.1372 0 0 0.000135382 0
10 10.1563 0 0 0.000156138 0
10 10.2339 0 0 0 0.000357716
10 10.2045 0 0 -0.000188845 0.000787202
10 10.1732 0 0 0.000417857 0
10 10.1451 0 0 0.000173374 0
10 10.0907 0 0 0 0
10 10.0907 0 0 0 0
10 9.9646 0 0 -0.000403307 0.000854975
10 9.90486 0 0 0 -5.88072e-05
10 9.80071 0 0 -0.000249641 0.000103922
10 9.80071 0 0 -0.000199964 0
10 9.64405 0 0 -0.000352208 0
10 9.60946 0 0 -0.000359047 0
10 9.61779 0 0 -0.000381732 0
10 9.65449 0 0 -0.000423706 8.51342e-05
10 9.69365 0 0 -0.000656081 0.000692706
10 9.72407 0 0 -0.000273337 0
10 9.76928 0 0 -0.000278316 0
10 9.81705 0 0 -0.000229227 0
10 9.85754 0 0 0.000685049 -0.00163214
10 9.85754 0 0 -0.000192888 0.000103879
10 9.96614 0 0 0 -2.0313e-05
10 10.0423 0 0 -0.000295361 0.000677291
10 10.0955 0 0 0.000235872 -0.000273222
10 10.1118 0 0 0.00011152 0
10 10.131 0 0 0.000130678 0
10 10.131 0 0 -0.000217137 0.000702059
10 10.1349 0 0 0.000795957 -0.00129123
10 10.1434 0 0 -0.000394934 0.00107681
10 10.1658 0 0 0.00014181 0
10 10.1693 0 0 0.000164292 0
10 10.1722 0 0 0.000215388 -8.35592e-05
10 10.1722 0 0 0.000704391 -0.00106035
10 10.1781 0 0 -0.000308868 0.000975545
10 10.1511 0 0 0.000153488 0
10 10.1082 0 0 0.000106221 0.00082991
10 10.0812 0 0 0 0
10 10.0825 0 0 0.000503417 0
10 10.0825 0 0 -0.000624179 0.00141927
10 10.0334 0 0 0.000566483 -0.0010646
10 10.0334 0 0 0 0
10 10.0423 0 0 0 0
10 10.0785 0 0 0 0
10 10.0603 0 0 0.000448541 -0.000744738
10 10.0603 0 0 -0.000275806 0.000675688
10 10.086 0 0 0.000376576 -0.000571154
10 10.0634 0 0 -0.000176604 0.000488552
10 9.9876 0 0 0 0
10 9.9876 0 0 0 0
10 9.80774 0 0 -0.000618678 0.000851574
10 9.74105 0 0 0.000600761 -0.00157398
10 9.70475 0 0 -0.00143383 0.00229694
10 9.68536 0 0 -0.000320645 0
10 9.70061 0 0 -0.000307565 0
10 9.77923 0 0 -0.000283373 0
10 9.83391 0 0 -0.000167265 0
10 9.83248 0 0 0.000178346 -0.000692486
10 9.8643 0 0 -0.000611005 0.000950872
10 9.9295 0 0 0 0
10 9.9295 0 0 0 0
10 9.98398 0 0 0 0
10 10.0081 0 0 -0.000795451 0
10 10.0081 0 0 -0.000409299 0.00083577
10 10.0621 0 0 0.00107143 -0.00203791
10 10.0621 0 0 0 0
10 10.1625 0 0 0.000162225 0
10 10.1637 0 0 0.000163715 0
10 10.1688 0 0 0 0.000269329
10 10.1599 0 0 0.000478735 -0.000617515
10 10.1162 0 0 0.000705455 -0.00116611
10 10.0744 0 0 0.000114968 0
10 10.0513 0 0 0 0
10 10.0688 0 0 0 0
10 10.0844 0 0 -0.000203169 0
10 10.0844 0 0 0 5.99336e-05
10 10.0911 0 0 0.000163713 -0.000139783
10 10.1016 0 0 0 0
10 10.1012 0 0 0.00010158 0
10 10.1065 0 0 0.000106056 0
