forceTarget forceNow zdd para_Bcommand_velactual_vel
10 0 0 0 -0.00995466 -0.0201724
10 0 0 0 -0.00979 0
10 0 0 0 -0.00991061 -0.0195778
10 0 0 0 -0.0100172 0
10 0 0 0 -0.0098926 0
10 0 0 0 -0.00990537 -0.018734
10 0 0 0 -0.0100206 0
10 0 0 0 -0.00997665 0
10 0 0 0 -0.0100885 -0.0195898
10 0 0 0 -0.00991959 0
10 0 0 0 -0.00991709 0
10 0 0 0 -0.0100917 -0.0179515
10 0 0 0 -0.00971237 -0.0182504
10 0 0 0 -0.00998582 0
10 0 0 0 -0.0100133 0
10 0 0 0 -0.0100217 0
10 0 0 0 -0.00989259 0
10 0 0 0 -0.00994227 -0.0165106
10 0 0 0 -0.0100596 -0.0219091
10 0 0 0 -0.00984293 -0.019159
10 0 0 0 -0.00993035 0
10 0 0 0 -0.0100026 0
10 0 0 0 -0.0100007 0
10 0 0 0 -0.00978874 -0.0205385
10 0 0 0 -0.00993892 -0.0185291
10 0 0 0 -0.00997139 0
10 0 0 0 -0.0100741 0
10 0 0 0 -0.0098594 -0.0193134
10 0 0 0 -0.0115533 0
10 0 0 0 -0.0083774 -0.0198989
10 0 0 0 -0.00998612 -0.0201555
10 0 0 0 -0.00994053 0
10 0 0 0 -0.0100192 0
10 0 0 0 -0.0100047 0
10 0 0 0 -0.00982429 0
10 0 0 0 -0.00997439 -0.0199683
10 0 0 0 -0.00986551 -0.0191285
10 0 0 0 -0.00996659 0
10 0 0 0 -0.0100326 0
10 0 0 0 -0.00997723 0
10 0 0 0 -0.00988378 -0.0205849
10 0 0 0 -0.00993654 -0.0193848
10 0 0 0 -0.0099611 -0.021334
10 0 0 0 -0.00989933 0
10 0 0 0 -0.00997201 0
10 0 0 0 -0.010021 0
10 0 0 0 -0.00996234 -0.0214877
10 0 0 0 -0.00983568 -0.0181343
10 0 0 0 -0.0100723 -0.020634
10 0 0 0 -0.0100227 0
10 0 0 0 -0.00987117 0
10 0 0 0 -0.00994997 0
10 0 0 0 -0.00990845 -0.0192557
10 0 0 0 -0.00989125 -0.0209493
10 0 0 0 -0.00992058 -0.0204584
10 0 0 0 -0.00999273 -0.0187729
10 0 0 0 -0.00995033 0
10 0 0 0 -0.0101099 0
10 0 0 0 -0.00982403 -0.0161031
10 0 0 0 -0.0102227 -0.0220241
10 0 0 0 -0.00954796 -0.0212734
10 0 0 0 -0.0100061 -0.0206798
10 0 0 0 -0.0100181 0
10 0 0 0 -0.00998695 0
10 0 0 0 -0.0099515 -0.0138328
10 1.60361 0 0 -0.00835315 -0.00963693
10 2.54143 0 0 -0.00736781 -0.0121241
10 3.90128 0 0 -0.00611188 -0.00833534
10 5.60192 0 0 -0.00439773 0
10 7.5158 0 0 -0.00249365 0
10 9.60457 0 0 -0.000394565 0
10 11.6602 0 0 0.00168521 -0.00456031
10 13.5233 0 0 0.00353152 -0.00355071
10 15.1552 0 0 0.00517303 -0.000501642
10 16.4987 0 0 0.00650593 0
10 17.4295 0 0 0.00743877 0
10 18.0517 0 0 0.00805546 0
10 18.3845 0 0 0.0083293 0.00516511
10 18.2632 0 0 0.00825532 0.00341485
10 17.9074 0 0 0.00793688 0.00540908
10 17.3505 0 0 0.00733332 0
10 16.6432 0 0 0.00661234 0
10 15.7206 0 0 0.00572218 0
10 14.723 0 0 0.00471236 0.00573441
10 13.6927 0 0 0.00361592 0.00820727
10 12.5394 0 0 0.00252804 0
10 11.4174 0 0 0.0014375 0
10 10.22 0 0 0.000218892 0
10 9.04484 0 0 -0.000964288 0
10 8.01281 0 0 -0.00203846 0.00327489
10 7.05995 0 0 -0.00290495 0.00287017
10 6.19127 0 0 -0.00381263 0
10 5.42139 0 0 -0.00459107 0
10 4.83941 0 0 -0.00513377 0
10 4.30459 0 0 -0.00580502 0
10 3.83968 0 0 -0.0060721 0.00103574
10 3.51239 0 0 -0.00643601 -0.00392747
10 3.41351 0 0 -0.0065481 -0.00317746
10 3.44862 0 0 -0.00659449 0
10 3.6757 0 0 -0.00632427 0
10 4.1841 0 0 -0.0057567 -0.00737222
10 4.942 0 0 -0.00510702 -0.00497969
10 5.84431 0 0 -0.00405701 -0.00963414
10 6.96044 0 0 -0.00303525 -0.00590753
10 8.25342 0 0 -0.00175005 0
10 9.58822 0 0 -0.000416728 0
10 10.8996 0 0 0.00092165 -0.0046619
10 12.1171 0 0 0.00210282 0.000198115
10 13.2681 0 0 0.00325631 -0.00141929
10 14.1255 0 0 0.00416928 5.05606e-05
10 14.7999 0 0 0.00476884 0
10 15.2715 0 0 0.00523936 0
10 15.5006 0 0 0.00551221 0
10 15.5208 0 0 0.00557081 0.00114276
10 15.3861 0 0 0.00532809 0.00411898
10 15.0959 0 0 0.00506977 0
10 14.7224 0 0 0.00473307 0
10 14.292 0 0 0.00431255 0
10 13.8329 0 0 0.00379308 0
10 13.3115 0 0 0.00335698 0.00379925
10 12.7507 0 0 0.00270879 0.00182261
10 12.1562 0 0 0.00212863 0.00458704
10 11.4907 0 0 0.00148689 0
10 10.8198 0 0 0.000838325 0
10 10.0971 0 0 0 0
10 9.42934 0 0 -0.000584277 0.00354922
10 8.82323 0 0 -0.00118246 0.00111139
10 8.20992 0 0 -0.00179731 0.000308283
10 7.67767 0 0 -0.00230519 0
10 7.26739 0 0 -0.00274868 0
10 6.84408 0 0 -0.00314322 0
10 6.48041 0 0 -0.00350728 -0.000589925
10 6.28314 0 0 -0.00372766 0.000467666
10 6.09415 0 0 -0.00396983 0
10 5.93586 0 0 -0.00405306 0
10 5.9024 0 0 -0.00403983 0
10 6.03943 0 0 -0.00394258 0
10 6.17623 0 0 -0.00381092 -0.00402936
10 6.48021 0 0 -0.0035179 -0.00600158
10 6.98567 0 0 -0.0029752 -0.00338818
10 7.57752 0 0 -0.00242838 0
10 8.231 0 0 -0.00179922 0
10 8.95907 0 0 -0.00101008 0
10 9.67475 0 0 -0.000314756 -0.00206373
10 10.3614 0 0 0.000373517 -0.00222384
10 11.0245 0 0 0.00104873 -0.00291336
10 11.5444 0 0 0.00153564 0
10 11.9989 0 0 0.001988 0
10 12.4398 0 0 0.00248701 -0.000209335
10 12.7454 0 0 0.00268695 -0.000525067
10 12.9311 0 0 0.00295176 0.000355408
10 13.0851 0 0 0.00307384 0
10 13.1268 0 0 0.00311802 0
10 13.0788 0 0 0.00309529 0
10 12.9784 0 0 0.00297765 -0.000312598
10 12.778 0 0 0.00282037 0.00234893
10 12.5162 0 0 0.00248284 -0.000341
10 12.2435 0 0 0.00223893 0
10 11.8822 0 0 0.00188397 0
10 11.5263 0 0 0.00154274 0
10 11.1995 0 0 0.00118842 0
10 10.7848 0 0 0.00078602 -2.69899e-05
10 10.3757 0 0 0.000371651 0
10 10.0423 0 0 0 0
10 9.68828 0 0 -0.000328696 0
10 9.30454 0 0 -0.0006875 -0.000492703
10 9.05886 0 0 -0.000948328 0.000973454
10 8.86454 0 0 -0.00112929 0.000171805
10 8.6693 0 0 -0.00133387 0
10 8.50593 0 0 -0.00149271 0
10 8.38986 0 0 -0.00160674 -0.000639306
10 8.27318 0 0 -0.00173954 -0.000851102
10 8.18725 0 0 -0.00181636 0.00145461
10 8.14159 0 0 -0.00183945 0
10 8.11612 0 0 -0.0018806 0
10 8.09691 0 0 -0.00191525 0
10 8.1262 0 0 -0.00186661 0.000510324
10 8.21138 0 0 -0.0018067 -0.000707554
10 8.34892 0 0 -0.00162433 -0.0014669
10 8.52304 0 0 -0.00147971 0
10 8.78095 0 0 -0.00121457 0
10 9.07368 0 0 -0.000927674 0
10 9.40322 0 0 -0.00059058 0
10 9.73358 0 0 -0.000254367 -0.00252629
10 10.0536 0 0 0 7.24547e-05
10 10.3505 0 0 0.000353368 0
10 10.6212 0 0 0.000623709 0
10 10.8573 0 0 0.00085189 0
10 11.0391 0 0 0.00102697 0
10 11.1888 0 0 0.00118962 0.000286099
10 11.3268 0 0 0.00134454 0.000387859
10 11.4175 0 0 0.00139418 0
10 11.4751 0 0 0.0014841 0
10 11.4997 0 0 0.00149203 0
10 11.505 0 0 0.00150586 0
10 11.4685 0 0 0.00145204 0.00390604
10 11.3922 0 0 0.00139847 -0.000663791
10 11.3097 0 0 0.00129772 0
10 11.1899 0 0 0.0011973 0
10 11.0424 0 0 0.00104362 0
10 10.8706 0 0 0.000855556 0
10 10.6641 0 0 0.000672479 -0.000291778
10 10.4129 0 0 0.000397142 0.00252685
10 10.1393 0 0 0.000135248 0.000827478
10 9.85708 0 0 -0.00014378 0
10 9.5651 0 0 -0.000435896 0
10 9.28955 0 0 -0.000718486 0.00172355
10 9.08449 0 0 -0.000901937 -0.00133998
10 8.94094 0 0 -0.00105025 -0.00129181
10 8.8284 0 0 -0.00117476 0.002102
10 8.76989 0 0 -0.00122927 0
10 8.73998 0 0 -0.00126995 -0.000500163
10 8.73089 0 0 -0.00126223 -0.000724623
10 8.74075 0 0 -0.00126297 0.00123526
10 8.7772 0 0 -0.00120755 -0.00132495
10 8.79386 0 0 -0.00122869 -0.000479147
10 8.84024 0 0 -0.00115882 0
10 8.91534 0 0 -0.00107121 0
10 9.05051 0 0 -0.000940542 0
10 9.20274 0 0 -0.000782163 -0.00148208
10 9.4051 0 0 -0.000600376 0.00097757
10 9.64555 0 0 -0.000347241 -0.00177434
10 9.90976 0 0 0 0
10 10.1704 0 0 0.000171105 0
10 10.3624 0 0 0.000360039 0
10 10.5316 0 0 0.000530356 -0.000532864
10 10.7035 0 0 0.000704097 -2.23976e-05
10 10.8118 0 0 0.00081888 0.000382416
10 10.8714 0 0 0.000866459 0
10 10.9141 0 0 0.000907548 0
10 10.9446 0 0 0.000969016 0
10 10.9239 0 0 0.000909432 0.000940416
10 10.8781 0 0 0.000872413 -1.2283e-05
10 10.8526 0 0 0.000856857 0.000396622
10 10.815 0 0 0.000810493 0
10 10.7772 0 0 0.000776013 0
10 10.7548 0 0 0.000754682 -0.000346505
10 10.7408 0 0 0.000756685 3.04677e-05
10 10.6997 0 0 0.000675384 0.00194463
10 10.6156 0 0 0.000619665 0
10 10.5373 0 0 0.000533772 0
10 10.4327 0 0 0.000432094 0
10 10.2871 0 0 0.000282414 0.000881721
10 10.1394 0 0 0.000136319 0.000930567
10 10.001 0 0 0 0.00229655
10 9.85392 0 0 -0.000145879 0
10 9.6602 0 0 -0.000344218 0
10 9.49369 0 0 -0.000503731 0
10 9.35501 0 0 -0.00063085 -0.0023001
10 9.2869 0 0 -0.000716388 -0.000169658
10 9.1001 0 0 -0.000897347 -2.81321e-05
10 9.05668 0 0 -0.000949901 0.00120775
10 9.04684 0 0 -0.000948884 0
10 9.02303 0 0 -0.000979545 0
10 9.02308 0 0 -0.000975046 -0.000652216
10 9.05558 0 0 -0.000938572 -0.000212791
10 9.08486 0 0 -0.000934191 -0.00155938
10 9.14464 0 0 -0.000841028 0.000250872
10 9.27571 0 0 -0.000721332 0
10 9.41614 0 0 -0.000580837 0
10 9.5551 0 0 -0.000432567 0
10 9.73749 0 0 -0.000267317 0.000765098
10 9.90839 0 0 0 -0.00155882
10 10.0572 0 0 0 0.000266392
10 10.2132 0 0 0.000214078 0
10 10.3638 0 0 0.000364828 0
10 10.4882 0 0 0.000496877 0
10 10.5513 0 0 0.000554182 -0.00190596
10 10.5825 0 0 0.000573628 0.00181633
10 10.5889 0 0 0.00058744 0.000271613
10 10.5782 0 0 0.000578864 0
10 10.5775 0 0 0.000578766 0
10 10.5939 0 0 0.000599316 0
10 10.634 0 0 0.000630796 0.000987026
10 10.657 0 0 0.000664923 -0.00179692
10 10.6703 0 0 0.000670485 0.00198692
10 10.6865 0 0 0.000682644 0
10 10.6834 0 0 0.000700369 0
10 10.6643 0 0 0.000650259 0.000370631
10 10.6188 0 0 0.000625508 -0.00131025
10 10.5486 0 0 0.000527999 0.00319436
10 10.437 0 0 0.000437982 0
10 10.325 0 0 0.000325849 0
10 10.22 0 0 0.000222453 0
10 10.1261 0 0 0.00012591 0
10 10.0183 0 0 0 0.00166875
10 9.86182 0 0 -0.000138442 2.25534e-05
10 9.69898 0 0 -0.000305361 0.000994206
10 9.53272 0 0 -0.000470842 0
10 9.33986 0 0 -0.000661331 0
10 9.18063 0 0 -0.000821319 0
10 9.09865 0 0 -0.000916842 -9.70581e-05
10 9.06452 0 0 -0.000934173 -0.000688785
10 9.0341 0 0 -0.000955285 -0.00144834
10 9.00881 0 0 -0.000979642 0
10 9.01915 0 0 -0.000975296 0
10 9.02989 0 0 -0.000984189 0.00032768
10 9.07985 0 0 -0.000905325 -0.00129888
10 9.16076 0 0 -0.000855949 -5.98596e-05
10 9.2933 0 0 -0.000700179 -0.00287645
10 9.50396 0 0 -0.000492152 0
10 9.7035 0 0 -0.000295737 0
10 9.91489 0 0 0 0
10 10.1335 0 0 0.000135917 -0.000373225
10 10.3053 0 0 0.000311535 -0.00135753
10 10.4406 0 0 0.000445021 0.00125468
10 10.5597 0 0 0.000557854 0
10 10.6747 0 0 0.000675382 0
10 10.7468 0 0 0.000742392 -0.000289119
10 10.7805 0 0 0.000786746 -0.000262069
10 10.8656 0 0 0.000856913 0.0010883
10 10.8775 0 0 0.000880502 0
10 10.8735 0 0 0.000867675 0
10 10.8563 0 0 0.000864306 0
10 10.8155 0 0 0.00081948 0
10 10.7706 0 0 0.000764814 0.000281977
10 10.7301 0 0 0.000726897 -0.000397588
10 10.7066 0 0 0.000710719 0
10 10.6859 0 0 0.000682521 0
10 10.6344 0 0 0.000635601 0
10 10.5518 0 0 0.000549613 0
10 10.4308 0 0 0.000430393 0.000446838
10 10.2703 0 0 0.00026337 0.00132932
10 10.0623 0 0 0 0.000991521
10 9.81429 0 0 -0.00018538 0
10 9.58348 0 0 -0.000415477 0
10 9.48841 0 0 -0.000510465 -0.000912686
10 9.25793 0 0 -0.000740032 -0.00144716
10 9.12571 0 0 -0.000867819 0.00116527
10 9.04097 0 0 -0.000966927 0.00059367
10 9.03561 0 0 -0.000958968 0
10 9.05014 0 0 -0.000956263 0
10 9.05134 0 0 -0.000953117 -0.000190171
10 9.05596 0 0 -0.00093919 6.6536e-05
10 9.09298 0 0 -0.000911396 0.00124872
10 9.13759 0 0 -0.000854331 -0.000494792
10 9.16994 0 0 -0.000839386 0
10 9.24797 0 0 -0.000750312 -0.00130599
10 9.37543 0 0 -0.000606257 -0.00150692
10 9.55279 0 0 -0.000441849 -0.00123153
10 9.75503 0 0 -0.000235642 -0.00265377
10 9.97989 0 0 0 0
10 10.1972 0 0 0.000195327 0
10 10.3925 0 0 0.00039974 0
10 10.5696 0 0 0.000566084 0
10 10.6759 0 0 0.000672528 -0.000283305
10 10.7448 0 0 0.000759478 -0.000170581
10 10.7943 0 0 0.000787941 9.32473e-05
10 10.8359 0 0 0.000839381 0
10 10.849 0 0 0.000841158 0
10 10.8356 0 0 0.000817217 0.000991589
10 10.8311 0 0 0.000848637 -0.000428708
10 10.8129 0 0 0.000794476 0.00138298
10 10.7706 0 0 0.000768728 0
10 10.7229 0 0 0.000739625 0
10 10.6637 0 0 0.000650047 0
10 10.61 0 0 0.000606042 0
10 10.5227 0 0 0.000511459 0.0015166
10 10.4046 0 0 0.000414187 -0.00137678
10 10.2591 0 0 0.000261515 0
10 10.121 0 0 0.000119629 0
10 9.93855 0 0 0 0
10 9.73584 0 0 -0.000262554 0
10 9.56008 0 0 -0.000445826 0.00191389
10 9.43318 0 0 -0.000561183 -0.000469921
10 9.31462 0 0 -0.000699622 0.000186339
10 9.23126 0 0 -0.000761557 0
10 9.19468 0 0 -0.000799395 0
10 9.17725 0 0 -0.000816596 -0.000215602
10 9.15405 0 0 -0.000864701 0.00064199
10 9.15777 0 0 -0.000838803 6.88552e-05
10 9.16295 0 0 -0.000831425 0.000343347
10 9.16991 0 0 -0.000825605 0
10 9.19015 0 0 -0.000825346 0
10 9.23499 0 0 -0.0007585 -0.000668457
10 9.31642 0 0 -0.000669671 -0.00131066
10 9.39527 0 0 -0.000608054 0.000952645
10 9.51032 0 0 -0.000464429 -0.00496919
10 9.6995 0 0 -0.000302531 0
10 9.93544 0 0 0 0
10 10.1547 0 0 0.000146085 0
10 10.3526 0 0 0.00036409 -0.00205878
10 10.5396 0 0 0.000535714 8.32166e-05
10 10.6601 0 0 0.000662013 0
10 10.7111 0 0 0.000723228 0
10 10.7403 0 0 0.00072664 0
10 10.7707 0 0 0.000777474 0
10 10.7886 0 0 0.000777227 0.00154681
10 10.7896 0 0 0.00079342 -0.000966435
10 10.79 0 0 0.000787191 0.000187515
10 10.769 0 0 0.000774289 0
10 10.7043 0 0 0.000699984 0
10 10.6309 0 0 0.000630398 -5.60665e-05
10 10.6096 0 0 0.000604823 0.000947639
10 10.5672 0 0 0.000567066 1.1998e-05
10 10.4788 0 0 0.000476906 0.000983315
10 10.3879 0 0 0.000387572 0
10 10.2864 0 0 0.000286594 0
10 10.1249 0 0 0.000115186 0.00193216
10 9.91315 0 0 0 0.00130469
10 9.72085 0 0 -0.00027532 -0.000653354
10 9.54123 0 0 -0.000467185 -8.34948e-05
10 9.36215 0 0 -0.000623126 0
10 9.19558 0 0 -0.000807359 0
10 9.06618 0 0 -0.000933076 0
10 8.97713 0 0 -0.0010266 -0.000590938
10 8.93805 0 0 -0.00105032 0.000812572
10 8.90031 0 0 -0.00111943 0.000905789
10 8.89759 0 0 -0.00109055 0
10 8.91775 0 0 -0.00107256 -0.00113441
10 9.0044 0 0 -0.00100319 0
10 9.15461 0 0 -0.000823803 -0.00092385
10 9.32352 0 0 -0.000667526 -0.00241845
10 9.58084 0 0 -0.000420001 0.000666934
10 9.85477 0 0 -0.000145845 0
10 9.99079 0 0 0 0
10 10.3396 0 0 0.000328788 0
10 10.5167 0 0 0.000526476 -0.0020766
10 10.641 0 0 0.000647663 0.000712045
10 10.7011 0 0 0.000702122 -0.00242647
10 10.7619 0 0 0.000763721 0
10 10.7853 0 0 0.000800905 0
10 10.796 0 0 0.000792487 0
10 10.8087 0 0 0.000806362 -0.00198295
10 10.8132 0 0 0.000804897 0.00120342
10 10.8256 0 0 0.00084539 0.000280219
10 10.8462 0 0 0.000835722 0
10 10.838 0 0 0.000832635 0
10 10.8149 0 0 0.000809495 0
10 10.8036 0 0 0.000797691 0.000844659
10 10.765 0 0 0.000755707 0.00370068
10 10.6304 0 0 0.000623331 -0.0012579
10 10.465 0 0 0.000465529 0
10 10.3149 0 0 0.000319754 0
10 10.1413 0 0 0.000139747 0
10 9.92346 0 0 0 0.0019476
10 9.71456 0 0 -0.000292484 0.000924098
10 9.55087 0 0 -0.000446275 -0.000903935
10 9.42621 0 0 -0.000569343 0
10 9.30593 0 0 -0.000691673 0
10 9.19396 0 0 -0.000824865 0
10 9.12467 0 0 -0.000863409 -0.00190742
10 9.09232 0 0 -0.000903437 0.00190185
10 9.06074 0 0 -0.000936648 0
10 9.03218 0 0 -0.000968711 0
10 9.04338 0 0 -0.000964855 0
10 9.06221 0 0 -0.000937951 0
10 9.06566 0 0 -0.000920126 -0.00285191
10 9.09111 0 0 -0.000906866 -0.000212071
10 9.18008 0 0 -0.000824827 -0.00106446
10 9.28225 0 0 -0.000713417 0
10 9.39266 0 0 -0.000618592 0
10 9.56338 0 0 -0.000410633 -0.00471878
10 9.82999 0 0 -0.000174881 0.00126293
10 10.083 0 0 0 -0.000195762
10 10.2888 0 0 0.000288923 -0.00045734
10 10.507 0 0 0.000505535 0
10 10.7164 0 0 0.000719617 0
10 10.8343 0 0 0.00082653 0
10 10.8759 0 0 0.000876881 0.000373228
10 10.9047 0 0 0.000921475 -0.00233837
10 10.936 0 0 0.000930672 0
10 10.9419 0 0 0.000936194 0
10 10.9407 0 0 0.000954767 0
10 10.9289 0 0 0.000921985 0.00194931
10 10.9004 0 0 0.000890416 -9.76478e-05
10 10.8579 0 0 0.000867612 0.000424064
10 10.7983 0 0 0.000792225 0.000101634
10 10.7499 0 0 0.000741092 0
10 10.663 0 0 0.000678361 0
10 10.5143 0 0 0.000498492 0.000852761
10 10.3268 0 0 0.000332821 -0.000357503
10 10.1396 0 0 0.000140155 -0.000269289
10 10.0372 0 0 0 0
10 9.7406 0 0 -0.000257909 0
10 9.56653 0 0 -0.000432219 0
10 9.4337 0 0 -0.000565223 0.00100522
10 9.30343 0 0 -0.000702081 -0.00145598
10 9.19 0 0 -0.000800535 0.000977106
10 9.07262 0 0 -0.0009249 8.21107e-05
10 8.98825 0 0 -0.00101242 0
10 8.95438 0 0 -0.00104658 0
10 8.95668 0 0 -0.00104653 0
10 8.97633 0 0 -0.00102285 -0.000545694
10 8.98795 0 0 -0.001047 0.0021394
10 9.01002 0 0 -0.000960075 -0.00323309
10 9.07883 0 0 -0.000914847 0
10 9.22016 0 0 -0.000769293 0
10 9.3443 0 0 -0.000665009 -0.000838836
10 9.47044 0 0 -0.000516131 -0.000272506
10 9.64907 0 0 -0.000346671 -0.00129394
10 9.88699 0 0 -0.000112211 -0.00127554
10 10.1056 0 0 0.000105317 0
10 10.3158 0 0 0.000321205 0
10 10.5297 0 0 0.000526567 0
10 10.7394 0 0 0.000745532 -0.00108063
10 10.8763 0 0 0.000851734 0.00243079
10 10.928 0 0 0.000953727 -0.00171908
10 10.9403 0 0 0.000924119 0
10 10.955 0 0 0.000961438 0
10 10.9619 0 0 0.000967505 0
10 10.9399 0 0 0.000926298 0.0014352
10 10.9359 0 0 0.000942423 -0.00185349
10 10.9338 0 0 0.000933847 0.00146093
10 10.9321 0 0 0.000930449 0
10 10.8959 0 0 0.000905357 0
10 10.8197 0 0 0.000798976 0.00224763
10 10.6938 0 0 0.000688105 0.000863114
10 10.5274 0 0 0.00051979 0.00131449
10 10.3009 0 0 0.000289024 0.00248409
10 10.0373 0 0 0 0
10 9.7683 0 0 -0.000234797 0
10 9.53188 0 0 -0.000463798 -0.000167088
10 9.35278 0 0 -0.00064643 0.000922405
10 9.19425 0 0 -0.000809946 -0.000537376
10 9.08578 0 0 -0.000905235 -0.00122444
10 9.0112 0 0 -0.00101259 0
10 8.98174 0 0 -0.00099179 0
10 8.94872 0 0 -0.00105475 0.000779452
10 8.94138 0 0 -0.00106107 0.000213544
10 8.94333 0 0 -0.00104831 -0.00133233
10 8.97866 0 0 -0.00101191 -0.00232169
10 9.08279 0 0 -0.000914857 0
10 9.22979 0 0 -0.000772507 0
10 9.37739 0 0 -0.000620434 0
10 9.55937 0 0 -0.000428442 -0.00222564
10 9.75982 0 0 -0.000246707 0.0010644
10 9.93518 0 0 0 -0.00297353
10 10.0975 0 0 0 0
10 10.3043 0 0 0.000304171 0
10 10.5132 0 0 0.000506476 0.000668856
10 10.6939 0 0 0.000698975 -0.000839148
10 10.8492 0 0 0.000854356 -0.000168818
10 10.9818 0 0 0.000978074 0
10 11.0475 0 0 0.00104534 0
10 11.0422 0 0 0.0010462 0
10 10.9933 0 0 0.000988067 0
10 10.9602 0 0 0.000978712 0
10 10.9456 0 0 0.000924144 0.00112215
10 10.9028 0 0 0.000892395 0.00249356
10 10.8216 0 0 0.000829765 0
10 10.6856 0 0 0.000684512 0
10 10.4866 0 0 0.000470876 0.00178459
10 10.2387 0 0 0.000244384 -0.000906814
10 9.98502 0 0 0 0.00101767
10 9.76174 0 0 -0.000236565 3.6886e-05
10 9.59025 0 0 -0.000409969 0
10 9.43106 0 0 -0.000570019 0
10 9.29244 0 0 -0.000707757 -8.29159e-05
10 9.18975 0 0 -0.000831697 0.00073488
10 9.09785 0 0 -0.000877381 -0.00220225
10 9.00054 0 0 -0.000999488 0.00146089
10 8.95357 0 0 -0.00104702 0
10 8.97253 0 0 -0.00103876 0
10 8.99259 0 0 -0.00100061 0
10 8.99887 0 0 -0.00100665 -0.000305532
10 9.02307 0 0 -0.000961006 -0.00202156
10 9.10572 0 0 -0.000888686 -0.00167777
10 9.24371 0 0 -0.000758195 0
10 9.42446 0 0 -0.000577569 0
10 9.6235 0 0 -0.000364771 0
10 9.86477 0 0 -0.000128867 -0.00108717
10 10.1158 0 0 0.000120345 -0.000445638
10 10.3386 0 0 0.000333983 1.7787e-05
10 10.5262 0 0 0.000526498 0
10 10.6844 0 0 0.000680157 0
10 10.8153 0 0 0.000809598 0
10 10.864 0 0 0.000865155 -0.000583856
10 10.8727 0 0 0.00086827 0.00194347
10 10.8666 0 0 0.000867234 -0.000815516
10 10.8589 0 0 0.000866214 0
10 10.8628 0 0 0.000865365 0
10 10.8984 0 0 0.000884932 0.00137106
10 10.9465 0 0 0.000931814 0.00175398
10 10.9716 0 0 0.000996482 -0.000825284
10 10.9727 0 0 0.000964343 0
10 10.8858 0 0 0.000879142 0
10 10.7137 0 0 0.000721391 0
10 10.5135 0 0 0.000507586 0.00174481
10 10.3027 0 0 0.000299959 -0.000127087
10 10.0971 0 0 0 0.000566926
10 9.92582 0 0 0 0.0039954
10 9.78032 0 0 -0.000219718 0
10 9.6238 0 0 -0.000371506 0
10 9.45144 0 0 -0.000548225 0
10 9.30872 0 0 -0.000701271 -0.000448287
10 9.1735 0 0 -0.000825759 0.00053887
10 9.0455 0 0 -0.000939606 0
10 8.97497 0 0 -0.00102617 0
10 8.95669 0 0 -0.0010504 0
10 8.93485 0 0 -0.00106762 -0.000325601
10 8.89189 0 0 -0.0011004 -0.000232358
10 8.88188 0 0 -0.0011107 -0.000146212
10 8.89941 0 0 -0.00110323 -0.00203642
10 8.96856 0 0 -0.00104547 0
10 9.10752 0 0 -0.000882864 0
10 9.30246 0 0 -0.000686195 -0.00270045
10 9.53399 0 0 -0.000476384 0.00267572
10 9.80802 0 0 -0.000173418 -0.00392581
10 10.0866 0 0 0 0
10 10.3109 0 0 0.000315353 0
10 10.5279 0 0 0.000517645 0
10 10.7311 0 0 0.000731512 0
10 10.8712 0 0 0.00086537 0.000397835
10 10.957 0 0 0.000976953 -0.000857859
10 11.0434 0 0 0.00103849 0.00145568
10 11.1137 0 0 0.0011045 0
10 11.1355 0 0 0.00113688 0
10 11.1192 0 0 0.00113344 0.000368926
10 11.1145 0 0 0.00109919 0.000500025
10 11.1071 0 0 0.00110888 -0.000795169
10 11.0912 0 0 0.00106188 0.00432016
10 11.0114 0 0 0.0010255 0
10 10.8759 0 0 0.000870956 0
10 10.7183 0 0 0.000719159 -0.000432994
10 10.5381 0 0 0.000539146 0.00123803
10 10.3227 0 0 0.000312629 0.00174306
10 10.0952 0 0 0 0.00140869
10 9.87397 0 0 -0.000125678 0
10 9.63685 0 0 -0.000367302 0
10 9.41002 0 0 -0.000592109 0
10 9.19389 0 0 -0.000785584 -0.000917959
10 9.00048 0 0 -0.00103165 0.00118876
10 8.8617 0 0 -0.00112792 0.000703298
10 8.8154 0 0 -0.00118426 0
10 8.80534 0 0 -0.00118439 0
10 8.79666 0 0 -0.00118475 -0.00181574
10 8.79465 0 0 -0.0012151 0.00132093
10 8.80229 0 0 -0.00118963 -0.00100895
10 8.80949 0 0 -0.00119468 -0.00123167
10 8.86092 0 0 -0.00115533 0
10 8.98531 0 0 -0.00100857 0
10 9.17034 0 0 -0.000828671 0.000476853
10 9.26966 0 0 -0.000715386 -0.00177178
10 9.60138 0 0 -0.000378597 -0.00429403
10 9.84236 0 0 -0.000158462 0
10 10.0979 0 0 0 0
10 10.3184 0 0 0.000322656 0
10 10.5233 0 0 0.000518413 0
10 10.7096 0 0 0.000710275 -0.00120437
10 10.8585 0 0 0.000842716 0.00167487
10 10.9507 0 0 0.00094776 -0.000825332
10 10.9874 0 0 0.000994645 0
10 11.0132 0 0 0.00101686 0
10 11.0119 0 0 0.00100076 0.002479
10 11.014 0 0 0.00100989 0.000670329
10 11.0274 0 0 0.00103225 -0.00124976
10 11.0365 0 0 0.00104278 -0.000850348
10 11.0081 0 0 0.00100366 0
10 10.987 0 0 0.000988069 0
10 10.9724 0 0 0.000966489 0.00197784
10 10.8911 0 0 0.000890771 0.000315322
10 10.7313 0 0 0.000717395 0.00193961
10 10.5652 0 0 0.000574798 8.7947e-05
10 10.3685 0 0 0.000365079 0
10 10.1439 0 0 0.000142872 0
10 9.97179 0 0 0 0
10 9.85317 0 0 -0.000158326 0.00239258
10 9.72907 0 0 -0.000280735 0.00174471
10 9.55048 0 0 -0.000445045 -0.000498413
10 9.39249 0 0 -0.000606901 0
10 9.19486 0 0 -0.000807117 0
10 9.02149 0 0 -0.0009755 -0.000522691
10 8.88753 0 0 -0.00111314 -0.000283331
10 8.82143 0 0 -0.00117232 -0.00124083
10 8.806 0 0 -0.00120617 0.0016484
10 8.83136 0 0 -0.00116227 0
10 8.8688 0 0 -0.00113793 0
10 8.88404 0 0 -0.00111806 0.000157109
10 8.90465 0 0 -0.00108076 -0.00114099
10 8.99707 0 0 -0.000996944 -0.00218252
10 9.14397 0 0 -0.000865761 0
10 9.32788 0 0 -0.000669063 0
10 9.57293 0 0 -0.000423006 0
10 9.90164 0 0 0 0
10 10.2528 0 0 0.00026867 -0.00231209
10 10.5492 0 0 0.000534375 0.0023965
10 10.8132 0 0 0.000819243 -0.00082593
10 11.0271 0 0 0.00102081 0
10 11.1914 0 0 0.00119521 0
10 11.2653 0 0 0.00125053 0
10 11.3039 0 0 0.001307 0.000101003
10 11.2935 0 0 0.00128837 -0.000312986
10 11.2271 0 0 0.0012896 0.00139835
10 11.2271 0 0 0.00121739 0
10 11.0116 0 0 0.00106229 -0.000777926
10 10.8291 0 0 0.00199999 0.00191064
10 10.5884 0 0 0.000600955 0
10 10.324 0 0 0.000319584 0
10 10.0204 0 0 0 0.0042647
10 9.69232 0 0 -0.000307274 -0.000523736
10 9.39961 0 0 -0.00060479 0.00291762
10 9.14798 0 0 -0.000859827 -0.00273333
10 8.94207 0 0 -0.00105497 0
10 8.77524 0 0 -0.00121677 0
10 8.68321 0 0 -0.0013286 -0.000101668
10 8.6191 0 0 -0.00138205 0.000274293
10 8.58798 0 0 -0.00141711 0.000152489
10 8.57265 0 0 -0.00141081 0.000410544
10 8.55891 0 0 -0.00144704 0
10 8.57179 0 0 -0.00143663 0
10 8.65998 0 0 -0.0013463 0
10 8.80259 0 0 -0.0011741 -0.000634517
10 8.97039 0 0 -0.00103187 -0.000950246
10 9.19776 0 0 -0.000786431 -0.00295706
10 9.48488 0 0 -0.000512955 0
10 9.77626 0 0 -0.000223257 0
10 10.0696 0 0 0 0
10 10.354 0 0 0.000362257 -0.00153683
10 10.6375 0 0 0.000628186 0.000451277
10 10.8672 0 0 0.000874707 0.00035602
10 11.0388 0 0 0.00104042 0
10 11.1545 0 0 0.00114549 0
10 11.2304 0 0 0.00125262 0
10 11.275 0 0 0.0012478 0.00202997
10 11.278 0 0 0.0012834 -0.000152214
10 11.2736 0 0 0.00128184 -0.00170672
10 11.2587 0 0 0.00125864 0
10 11.2282 0 0 0.00121626 0
10 11.1792 0 0 0.0011814 0.00235892
10 11.0526 0 0 0.00103459 0.00363779
10 10.8926 0 0 0.000882839 -2.85614e-05
10 10.7015 0 0 0.000705802 0.000395929
10 10.4893 0 0 0.000493431 0
10 10.269 0 0 0.000265767 0
10 10.0629 0 0 0 0.00275132
10 9.8689 0 0 -0.00013461 0.00132168
10 9.69626 0 0 -0.000301058 -0.000905668
10 9.54649 0 0 -0.00045797 0.00162968
10 9.36919 0 0 -0.000643364 0
10 9.19277 0 0 -0.000802144 0
10 9.06719 0 0 -0.000933099 0
10 8.96843 0 0 -0.00102325 0
10 8.8652 0 0 -0.00116137 0.00154976
10 8.82391 0 0 -0.00115994 0.000609774
10 8.80902 0 0 -0.00118354 0
10 8.80172 0 0 -0.00121301 0
10 8.80728 0 0 -0.00117154 -0.000639931
10 8.85802 0 0 -0.00112712 -0.00305462
10 8.9526 0 0 -0.00104785 0.000114416
10 9.09604 0 0 -0.000910843 -0.00128727
10 9.29074 0 0 -0.000703814 0
10 9.49647 0 0 -0.000506026 0
10 9.70918 0 0 -0.000290232 0
10 9.90896 0 0 0 -0.00221287
10 10.084 0 0 0 -0.000233279
10 10.2145 0 0 0.000216041 -0.000807612
10 10.3258 0 0 0.000325466 0
10 10.4767 0 0 0.000477947 0
10 10.6455 0 0 0.000646522 0
10 10.8077 0 0 0.000803884 0.000242123
10 10.9349 0 0 0.000949903 0.00036682
10 11.0751 0 0 0.00106672 -0.00116446
10 11.181 0 0 0.00117871 0
10 11.2184 0 0 0.00120902 0
10 11.2343 0 0 0.0012367 -0.000284491
10 11.2296 0 0 0.00124334 -0.00138839
10 11.2146 0 0 0.00119249 0.00404149
10 11.131 0 0 0.00112274 0.000988706
10 10.9739 0 0 0.000986927 0
10 10.7538 0 0 0.000744151 0
10 10.5163 0 0 0.000517381 0
10 10.294 0 0 0.0002925 -2.65714e-05
10 10.0794 0 0 0 0.00129329
10 9.90221 0 0 -0.000116453 0.00394211
10 9.73363 0 0 -0.000266753 0
10 9.56086 0 0 -0.000437371 0
10 9.38207 0 0 -0.000617374 0
10 9.19646 0 0 -0.000804868 0.00154799
10 9.03076 0 0 -0.000968865 0.000184262
10 8.91831 0 0 -0.00109514 -0.00154561
10 8.86744 0 0 -0.00111661 0
10 8.81444 0 0 -0.0011875 0
10 8.78 0 0 -0.00124661 0
10 8.75652 0 0 -0.00121622 -0.000385561
10 8.76305 0 0 -0.00123001 -0.00103077
10 8.78903 0 0 -0.00120417 -0.00208973
10 8.92212 0 0 -0.00107335 0
10 9.09523 0 0 -0.000921667 0
10 9.28572 0 0 -0.000709409 0
10 9.49924 0 0 -0.000484197 -0.00241961
10 9.75532 0 0 -0.000248147 0.000696027
10 9.99897 0 0 0 -0.00367777
10 10.2069 0 0 0.000208549 0
10 10.4491 0 0 0.000445074 0
10 10.6673 0 0 0.000679917 0
10 10.8394 0 0 0.000822064 0.000246121
10 10.957 0 0 0.00097396 -0.00117146
10 11.0433 0 0 0.00103045 -0.000270722
10 11.092 0 0 0.00111402 0
10 11.1132 0 0 0.00110535 0
10 11.134 0 0 0.00112481 0
10 11.1419 0 0 0.00115639 0.00203826
10 11.1564 0 0 0.00115152 0.000652297
10 11.154 0 0 0.00113743 0.00138505
10 11.0956 0 0 0.00109113 0
10 10.9768 0 0 0.000978636 0
10 10.8293 0 0 0.000835675 0
10 10.6572 0 0 0.000654933 -0.00139253
10 10.4464 0 0 0.000440541 0.00103442
10 10.2134 0 0 0.000213583 0.00167685
10 10.0192 0 0 0 0
10 9.81422 0 0 -0.000183517 0
10 9.59101 0 0 -0.000425604 0
10 9.368 0 0 -0.00061023 -0.00127696
10 9.16868 0 0 -0.000834592 0.000856086
10 9.02611 0 0 -0.000973656 0
10 8.93201 0 0 -0.00107841 0
10 8.88578 0 0 -0.00109785 0
10 8.88626 0 0 -0.00111795 -0.00130153
10 8.91772 0 0 -0.00107612 -0.00027632
10 8.94962 0 0 -0.00104986 0.000680531
10 8.92825 0 0 -0.0010796 0.000435813
10 8.93886 0 0 -0.00105772 0
10 9.01222 0 0 -0.000996485 0
10 9.12516 0 0 -0.000864421 -0.00116145
10 9.31059 0 0 -0.000687986 -0.00104746
10 9.56104 0 0 -0.000432345 -0.00101127
10 9.84543 0 0 -0.000152803 -0.000234828
10 10.0871 0 0 0 0
10 10.266 0 0 0.000264201 0
10 10.3938 0 0 0.000394418 0
10 10.4447 0 0 0.000441782 -0.000724018
10 10.4704 0 0 0.000469519 0.000440732
10 10.5003 0 0 0.000503482 1.72009e-05
10 10.5345 0 0 0.000533147 0
10 10.571 0 0 0.000565963 0
10 10.5934 0 0 0.000603512 0
10 10.6344 0 0 0.00062113 0.00083087
10 10.6705 0 0 0.000678176 -0.00109815
10 10.7006 0 0 0.000700665 -0.000359745
10 10.7013 0 0 0.000708313 0
10 10.6906 0 0 0.000686104 0
10 10.7034 0 0 0.000693346 0
10 10.6905 0 0 0.000691985 -0.000825886
10 10.6517 0 0 0.000691893 0.000586217
10 10.5988 0 0 0.000594118 0.000213368
10 10.5691 0 0 0.000568557 0
10 10.5265 0 0 0.000534198 0
10 10.4618 0 0 0.00045824 0
10 10.3868 0 0 0.000370506 0.00267227
10 10.304 0 0 0.000308291 0.000311241
10 10.1895 0 0 0.000202216 -0.00288723
10 10.0763 0 0 0 0
10 9.96278 0 0 0 0
10 9.80366 0 0 -0.000205157 0
10 9.61123 0 0 -0.000391363 0.00135713
10 9.44032 0 0 -0.000564165 0.000469378
10 9.26779 0 0 -0.000735958 0.00117879
10 9.07493 0 0 -0.000932058 0
10 8.92151 0 0 -0.00106634 0
10 8.83819 0 0 -0.0011497 -0.00191837
10 8.81021 0 0 -0.00120968 -4.15479e-05
10 8.79739 0 0 -0.00120364 0.000973113
10 8.7985 0 0 -0.00119077 0
10 8.83744 0 0 -0.00115879 0
10 8.94848 0 0 -0.00104901 0
10 9.11945 0 0 -0.000888767 -0.000715719
10 9.32017 0 0 -0.000669269 -0.000932416
10 9.57439 0 0 -0.000418742 -0.000771904
10 9.85032 0 0 -0.000139711 -0.00237682
10 10.1021 0 0 0.000101927 0
10 10.2873 0 0 0.000285385 0
10 10.4164 0 0 0.000424149 0
10 10.5283 0 0 0.000528255 -0.00237684
10 10.6039 0 0 0.000596849 0.00237596
10 10.6769 0 0 0.000694457 -0.00445556
10 10.7726 0 0 0.00076734 0
10 10.8953 0 0 0.000909517 0
10 11.0038 0 0 0.000997819 0
10 11.0888 0 0 0.00108958 -0.00188876
10 11.1597 0 0 0.00117994 0.000300821
10 11.1869 0 0 0.0011668 0
10 11.1437 0 0 0.00114781 0
10 11.0575 0 0 0.00106795 0
10 10.9117 0 0 0.000912606 4.77217e-05
10 10.9117 0 0 0.000902325 0.00286393
10 10.5471 0 0 0.000535766 0.000240748
10 10.3112 0 0 0.000309893 0
10 10.0465 0 0 0 0
10 9.77968 0 0 -0.000222197 0
10 9.55359 0 0 -0.000444007 0
10 9.32301 0 0 -0.000671096 -0.00173307
10 9.16352 0 0 -0.000849769 0.00136626
10 9.04311 0 0 -0.000947125 -0.000470866
10 8.95846 0 0 -0.00104012 0
10 8.91255 0 0 -0.00110229 0
10 8.8996 0 0 -0.00109314 0
10 8.90713 0 0 -0.00107621 -0.00147411
10 8.93543 0 0 -0.00106452 -0.000226661
10 9.01865 0 0 -0.000983848 0.000809782
10 9.13089 0 0 -0.000874753 0
10 9.28415 0 0 -0.000712591 0
10 9.4557 0 0 -0.000552305 0
10 9.63392 0 0 -0.000357879 -0.000410743
10 9.79548 0 0 -0.000199702 -0.00131257
10 9.97344 0 0 0 -0.000819141
10 10.14 0 0 0.00014293 0
10 10.2799 0 0 0.000277227 0
10 10.3898 0 0 0.000389318 0
10 10.4753 0 0 0.000471805 -0.000384324
10 10.5429 0 0 0.0005457 0.000652211
10 10.5608 0 0 0.00055466 5.98508e-05
10 10.5529 0 0 0.000554778 0
10 10.5456 0 0 0.000546513 0
10 10.5608 0 0 0.000567479 0
10 10.5539 0 0 0.000541421 0.001475
10 10.5556 0 0 0.000555832 -0.000791212
10 10.5655 0 0 0.000566979 -0.000116592
10 10.5866 0 0 0.000592885 0
10 10.5754 0 0 0.000570855 0
10 10.5597 0 0 0.000557357 0
10 10.5489 0 0 0.000560321 -0.00163059
10 10.5114 0 0 0.000502581 0.00251196
10 10.472 0 0 0.000468029 -0.000533043
10 10.4241 0 0 0.000424133 0
10 10.3606 0 0 0.000360642 0
10 10.2816 0 0 0.000276984 0
10 10.1616 0 0 0.000156147 0.000933368
10 10.0204 0 0 0 0.000963329
10 9.8745 0 0 -0.000121774 -0.00150103
10 9.77066 0 0 -0.000230131 0
10 9.67866 0 0 -0.000322401 0
10 9.63638 0 0 -0.000365506 0
10 9.64412 0 0 -0.000352154 -0.000370049
10 9.65981 0 0 -0.000341852 -0.000185756
10 9.67589 0 0 -0.000325927 0
10 9.69632 0 0 -0.000305897 0
10 9.68884 0 0 -0.000309963 0
10 9.64475 0 0 -0.000346451 -0.000840028
10 9.6185 0 0 -0.000377173 -0.000468046
10 9.59473 0 0 -0.00041634 0.00138724
10 9.56083 0 0 -0.000438079 -0.000111791
10 9.50828 0 0 -0.000489011 0
10 9.49462 0 0 -0.000505091 0
10 9.52872 0 0 -0.00048141 0
10 9.57286 0 0 -0.000417306 -0.000624467
10 9.59834 0 0 -0.00039859 -0.000105123
10 9.65618 0 0 -0.000343223 -0.00177479
10 9.74088 0 0 -0.000260361 0
10 9.80517 0 0 -0.000195872 0
10 9.84759 0 0 -0.00014708 0
10 9.92192 0 0 0 -0.00108661
10 10.0189 0 0 0 -0.00011219
10 10.1087 0 0 0.000108696 -0.00010251
10 10.2059 0 0 0.000202803 0.000363952
10 10.2921 0 0 0.000295024 0
10 10.3632 0 0 0.000363914 0
10 10.4036 0 0 0.000407575 -0.00145186
10 10.4266 0 0 0.000438547 -0.00157632
10 10.4119 0 0 0.000395543 0.00236782
10 10.3848 0 0 0.000387898 0
10 10.3632 0 0 0.000360246 0
10 10.3633 0 0 0.00036307 0
10 10.3434 0 0 0.000345822 0.000169396
10 10.3429 0 0 0.00034756 -0.00107509
10 10.3595 0 0 0.000349827 0.00145635
10 10.3614 0 0 0.000365905 0
10 10.3418 0 0 0.000341215 0
10 10.3182 0 0 0.000319394 0
10 10.2746 0 0 0.000266882 0.00107533
10 10.1935 0 0 0.000189347 0.00138983
10 10.1059 0 0 0.000104556 0.00103014
10 10.0151 0 0 0 0
10 9.90698 0 0 0 0
10 9.82455 0 0 -0.000174711 0
10 9.75325 0 0 -0.000244828 0
10 9.70169 0 0 -0.000290847 -0.000990693
10 9.69195 0 0 -0.00031146 0.00217112
10 9.69659 0 0 -0.000303552 0
