forceTarget forceNow zdd para_Bcommand_velactual_vel
10 0 0 0 0 0
10 0 0 0 -nan 0
10 0 0 0 -nan 0
10 0 0 0 -0.0099433 0.000570796
10 0 0 0 -0.0102382 -7.39212e-06
10 0 0 0 -0.00979318 -0.00011219
10 0 0 0 -nan 0
10 0 0 0 -nan 0
10 0 0 0 -nan 0
10 0 0 0 -0.00992406 -0.00764342
10 0 0 0 -0.0098678 -0.0101225
10 0 0 0 -0.0100251 -0.00539512
10 0 0 0 -nan 0
10 0 0 0 -nan 0
10 0 0 0 -nan 0
10 0 0 0 -0.0101126 -0.0101479
10 0 0 0 -0.00988676 -0.0116208
10 0 0 0 -0.00980551 -0.0120154
10 0 0 0 -nan 0
10 0 0 0 -nan 0
10 0 0 0 -nan 0
10 0 0 0 -0.00982889 -0.0198923
10 0 0 0 -0.0100439 -0.0183291
10 0 0 0 -0.00984512 -0.0194547
10 0 0 0 -nan 0
10 0 0 0 -nan 0
10 0 0 0 -nan 0
10 0 0 0 -0.00986517 -0.0202561
10 0 0 0 -0.00979864 -0.0205704
10 0 0 0 -0.00987142 -0.0196321
10 0 0 0 -nan 0
10 0 0 0 -nan 0
10 0 0 0 -nan 0
10 0 0 0 -0.00984034 -0.0185263
10 0 0 0 -0.0101699 -0.0201161
10 0 0 0 -0.00974759 -0.0194628
10 0 0 0 -nan 0
10 0 0 0 -nan 0
10 0 0 0 -nan 0
10 0 0 0 -0.0098756 -0.0212246
10 0 0 0 -0.00981429 -0.0166469
10 0 0 0 -0.00987902 -0.0186606
10 0 0 0 -nan -0.0198699
10 0 0 0 -nan 0
10 0 0 0 -nan 0
10 0 0 0 -0.00987541 -0.0224253
10 0 0 0 -0.00995782 -0.0186069
10 0 0 0 -0.00993356 -0.0196414
10 0 0 0 -nan -0.0169732
10 1.58988 0 0 -0.00844695 0
10 1.85044 0 0 -0.0082088 0
10 2.26246 0 0 -0.00767256 0
10 2.7911 0 0 0.000803303 -0.013773
10 3.41326 0 0 0.00276632 -0.0119307
10 4.1256 0 0 -0.00587708 0
10 4.8682 0 0 -0.00508379 0
10 5.4749 0 0 -0.00456186 0
10 5.89467 0 0 0.00221171 -0.0116235
10 6.32221 0 0 0.00281008 -0.00905129
10 6.75294 0 0 -0.00331584 0.00231742
10 7.05691 0 0 -0.00287314 0
10 7.24909 0 0 -0.002766 0
10 7.50943 0 0 -0.00248114 0
10 7.81668 0 0 0.00245045 -0.00388912
10 8.03711 0 0 0.00133843 -0.00183986
10 8.2106 0 0 -0.00178001 4.10391e-05
10 8.42614 0 0 -0.00157593 0.000759991
10 8.62764 0 0 -0.00137492 0
10 8.75913 0 0 -0.00123992 0
10 8.8702 0 0 -0.00114617 0.00157916
10 8.96409 0 0 0.000397344 -0.0030048
10 9.02198 0 0 -0.00011013 -0.00240494
10 9.14704 0 0 0.00103149 -0.00106482
10 9.34951 0 0 -0.000647128 0
10 9.47372 0 0 -0.000525094 0
10 9.52702 0 0 -0.000475615 0
10 9.60319 0 0 0.000748731 -0.000882041
10 9.68352 0 0 0.000896719 -0.00117895
10 9.73177 0 0 0.00045401 -0.000424053
10 9.79755 0 0 -0.000199053 0
10 9.88352 0 0 -0.000116502 0
10 9.93077 0 0 0.000643104 -0.000726104
10 9.95208 0 0 0 0.000142697
10 9.96378 0 0 0.000146083 -0.00140324
10 9.93794 0 0 0 0
10 9.90885 0 0 0 0
10 9.89974 0 0 -0.000100074 0
10 9.92216 0 0 0 8.4287e-05
10 9.93558 0 0 0 0.000386261
10 9.93341 0 0 0 -0.000507163
10 9.93197 0 0 0 -8.13471e-05
10 9.91514 0 0 0 0
10 9.89692 0 0 -0.000102933 0
10 9.8816 0 0 -0.000351989 0.000694494
10 9.86881 0 0 -0.000128479 -0.000591649
10 9.85146 0 0 -0.00014273 -0.00108068
10 9.83236 0 0 -0.000167079 0.000448248
10 9.80485 0 0 -0.000610927 0.000580939
10 9.7559 0 0 -0.000245878 0
10 9.69413 0 0 -0.000302566 -0.000326404
10 9.67687 0 0 -0.000327229 0
10 9.69616 0 0 0 -0.00149589
10 9.72851 0 0 0.000224898 -0.00214955
10 9.78644 0 0 -0.000212097 0
10 9.85446 0 0 -0.000144806 0
10 9.8973 0 0 -0.000104531 0.000344425
10 9.92763 0 0 0.000391251 -0.00182873
10 9.95047 0 0 0 0.0014843
10 9.96759 0 0 0 5.28718e-05
10 9.95754 0 0 0 0
10 9.95443 0 0 0 0
10 9.95209 0 0 0 4.80372e-05
10 9.93907 0 0 0 -0.00189678
10 9.92114 0 0 -0.000354739 0.00124021
10 9.90175 0 0 0 0
10 9.89436 0 0 -0.000104709 0
10 9.88622 0 0 -0.00011335 0
10 9.88479 0 0 -0.000105234 -0.00229043
10 9.91088 0 0 0.000305914 -0.000587554
10 9.95445 0 0 0 0.000800415
10 10.0132 0 0 0.000901831 -0.0014403
10 10.0501 0 0 0 0
10 10.0853 0 0 0 0
10 10.0949 0 0 0.000242011 -0.000514244
10 10.071 0 0 -0.000291755 0
10 10.0435 0 0 0 -0.000327281
10 10.0275 0 0 0 0
10 10.0271 0 0 0 0
10 10.0367 0 0 0 0
10 10.0556 0 0 0.000344422 -0.000873278
10 10.071 0 0 0.000304328 -0.000710401
10 10.0549 0 0 0 -0.000238468
10 10.0207 0 0 0 7.4711e-06
10 10.0162 0 0 0 0.0012714
10 10.0095 0 0 0 0
10 10 0 0 0 -0.000580282
10 9.99252 0 0 0 -8.52435e-05
10 10.0032 0 0 0 0.000316434
10 9.99333 0 0 0 0.000845313
10 9.94338 0 0 0 -0.00185202
10 9.92281 0 0 0 0
10 9.91866 0 0 -0.000144418 0.000198871
10 9.93873 0 0 0 0.00135141
10 9.94712 0 0 0 -0.000826226
10 9.96591 0 0 0 -0.000415814
10 9.99305 0 0 0 0
10 9.98779 0 0 0 0
10 9.96093 0 0 0 -0.000606835
10 9.95597 0 0 0 -0.000988411
10 9.95942 0 0 0 0.00256148
10 9.95514 0 0 0 0
10 9.95319 0 0 0 0
10 9.95129 0 0 0 0
10 9.93276 0 0 -0.000346732 0
10 9.9275 0 0 0 -0.00123081
10 9.93208 0 0 0 -0.0007459
10 9.90808 0 0 -0.00045803 0.000930093
10 9.89525 0 0 -0.000104646 0
10 9.91082 0 0 0 0
10 9.9167 0 0 0 0.00220419
10 9.90464 0 0 0 -0.00298314
10 9.90898 0 0 -0.000104504 0.00238811
10 9.92088 0 0 0.000103756 -0.000635512
10 9.92014 0 0 0 0
10 9.8989 0 0 -0.000100777 0
10 9.89556 0 0 0 -0.00334214
10 9.86583 0 0 -0.000589404 0.00159358
10 9.8252 0 0 -0.00017061 -0.000700949
10 9.79225 0 0 -0.000215595 -0.000202618
10 9.78258 0 0 -0.000206033 0
10 9.7917 0 0 -0.000210292 0
10 9.82176 0 0 0.000283581 -0.00225891
10 9.88766 0 0 -0.000126971 0.00315869
10 9.94458 0 0 0.000807675 -0.00180602
10 9.98527 0 0 0 -0.00121978
10 10.0097 0 0 0 0
10 10.0083 0 0 0 0
10 9.97651 0 0 0 0
10 9.95595 0 0 -0.000356705 0.000863353
10 9.93762 0 0 0 -0.0015237
10 9.95556 0 0 0 0
10 9.9733 0 0 0 0
10 9.99551 0 0 0 0
10 10.0278 0 0 0.000515261 -0.00043264
10 10.1112 0 0 0.00136961 -0.00181494
10 10.2428 0 0 0.000237628 0.00122503
10 10.4017 0 0 0.000399647 0
10 10.6191 0 0 0.00063053 0
10 10.8645 0 0 0.000850173 0
10 11.0955 0 0 0.00112021 0
10 11.2873 0 0 0.00124477 0.00310818
10 11.4306 0 0 0.00142119 0.00174881
10 11.5339 0 0 0.00152189 0.00249926
10 11.6019 0 0 0.00162455 0
10 11.6351 0 0 0.00161495 0
10 11.6555 0 0 0.00167757 0.00226578
10 11.668 0 0 0.00162105 0.00330553
10 11.6763 0 0 0.00165513 0.00300605
10 11.6831 0 0 0.00168399 0
10 11.6821 0 0 0.00167231 0
10 11.6908 0 0 0.00170029 0
10 11.6705 0 0 0.00135237 0.00261503
10 11.6276 0 0 0.000954947 0.00420126
10 11.5607 0 0 0.000545826 0.00260495
10 11.4883 0 0 0.000388131 0.00302692
10 11.4204 0 0 0.00142307 0
10 11.3805 0 0 0.00137591 0
10 11.3757 0 0 0.00138004 0
10 11.4162 0 0 0.00141566 0.00462118
10 11.4589 0 0 0.00142595 0.00249632
10 11.51 0 0 0.00150704 0
10 11.5381 0 0 0.00154634 0
10 11.5651 0 0 0.00155853 0
10 11.5927 0 0 0.00159203 0
10 11.6024 0 0 0.00159403 0.00117867
10 11.607 0 0 0.00159262 0.00506984
10 11.608 0 0 0.00160987 0.00431157
10 11.6054 0 0 0.00158511 0
10 11.58 0 0 0.00156384 0
10 11.5617 0 0 0.00129078 0.00240604
10 11.5492 0 0 0.00135215 0.00351245
10 11.5406 0 0 0.0013785 0.0022868
10 11.5366 0 0 0.00146251 0.00355433
10 11.5223 0 0 0.0015208 0
10 11.5 0 0 0.00151098 0
10 11.5041 0 0 0.00148029 0.00221072
10 11.5218 0 0 0.0015181 0.00209244
10 11.5355 0 0 0.00153486 0.0035532
10 11.5382 0 0 0.0015206 0.00280906
10 11.5715 0 0 0.00157418 0
10 11.583 0 0 0.00155726 0
10 11.5484 0 0 0.00157551 0
10 11.5095 0 0 0.000884606 0.00370192
10 11.4983 0 0 0.00133041 0.00420231
10 11.4641 0 0 0.000923516 0.00137373
10 11.3952 0 0 0.00139354 0
10 11.3657 0 0 0.00137169 0
10 11.3702 0 0 0.00136617 0
10 11.3691 0 0 0.00134248 0.00320961
10 11.3766 0 0 0.00137024 0.00303114
10 11.4159 0 0 0.0013935 0.0037788
10 11.4582 0 0 0.00146883 0
10 11.4831 0 0 0.0014645 0
10 11.5028 0 0 0.00150386 0
10 11.5281 0 0 0.00150916 0.00359376
10 11.5672 0 0 0.00156186 0.00187171
10 11.5984 0 0 0.0015924 -2.31296e-15
10 11.6027 0 0 0.00160454 0
10 11.605 0 0 0.00160717 0
10 11.6193 0 0 0.00159143 0.00402934
10 11.6447 0 0 0.00163118 0.00242387
10 11.6668 0 0 0.0016503 0.00281386
10 11.7022 0 0 0.00170165 0
10 11.7407 0 0 0.00175031 0
10 11.7821 0 0 0.00179324 0
10 11.795 0 0 0.00176186 0.0033159
10 11.7706 0 0 0.00138654 0.0036136
10 11.7284 0 0 0.00108374 0.00235669
10 11.6778 0 0 0.000901375 0.0033667
10 11.6304 0 0 0.00163194 0
10 11.5833 0 0 0.00158277 0
10 11.5664 0 0 0.00128879 0.00432158
10 11.5719 0 0 0.0015522 0.00380611
10 11.5821 0 0 0.00157222 0.00105589
10 11.6055 0 0 0.00160383 0.0037553
10 11.639 0 0 0.00163943 0
10 11.6454 0 0 0.00164786 0
10 11.6252 0 0 0.00130357 0.00252972
10 11.6 0 0 0.00123381 0.00211473
10 11.5689 0 0 0.00106651 0.0049766
10 11.4955 0 0 0.000375651 0.00262648
10 11.4446 0 0 0.00144314 0
10 11.4445 0 0 0.00145748 0
10 11.4674 0 0 0.00146654 0.00139448
10 11.5035 0 0 0.00147491 0.00336571
10 11.5661 0 0 0.00153964 0.00228779
10 11.6314 0 0 0.00163856 0.00185704
10 11.6714 0 0 0.00164826 0
10 11.6578 0 0 0.00167186 0
10 11.6216 0 0 0.0016097 0
10 11.5941 0 0 0.00116922 0.00387718
10 11.5802 0 0 0.00136614 0.00225321
10 11.5742 0 0 0.00146352 0.00329471
10 11.5706 0 0 0.00156069 0
10 11.6116 0 0 0.00160939 0
10 11.6311 0 0 0.00163295 0
10 11.65 0 0 0.00164322 0.00434066
10 11.6481 0 0 0.00159422 0.00261206
10 11.6254 0 0 0.0012795 0.00148978
10 11.596 0 0 0.00158989 0
10 11.5545 0 0 0.00157179 0
10 11.5187 0 0 0.00151024 0
10 11.4739 0 0 0.00078627 0.00396923
10 11.4283 0 0 0.000728267 0.00368898
10 11.3929 0 0 0.00137986 0
10 11.3441 0 0 0.00136496 0
10 11.2854 0 0 0.00126945 0
10 11.2541 0 0 0.000781592 0.00298077
10 11.2409 0 0 0.001032 0.00176128
10 11.2303 0 0 0.00108036 0.00224558
10 11.2254 0 0 0.00119204 0
10 11.2776 0 0 0.00127627 0
10 11.3341 0 0 0.00133888 0
10 11.3536 0 0 0.00137281 0.00134649
10 11.3986 0 0 0.00137035 0.00178134
10 11.4228 0 0 0.00140275 0.0020239
10 11.4261 0 0 0.0014487 0
10 11.4406 0 0 0.00143533 0
10 11.4679 0 0 0.00146135 0
10 11.4886 0 0 0.00147803 0
10 11.4916 0 0 0.00147381 0.00332685
10 11.517 0 0 0.00153768 0
10 11.4492 0 0 0.00118069 0.000912106
10 11.409 0 0 0.00125957 0.00639552
10 11.409 0 0 0.000441329 0.00548341
10 11.3711 0 0 0.000502343 0.00367992
10 11.3166 0 0 0.00132577 -0.000387524
10 11.2767 0 0 0.00127953 0
10 11.2883 0 0 0.00128537 0
10 11.3133 0 0 0.00131252 0
10 11.3365 0 0 0.00131915 0.00275279
10 11.3893 0 0 0.00140999 0.00325981
10 11.452 0 0 0.00139762 0.00245102
10 11.5063 0 0 0.00151691 0
10 11.5234 0 0 0.00153179 0
10 11.5263 0 0 0.00151956 0.00367107
10 11.5258 0 0 0.00148079 0.00220139
10 11.5085 0 0 0.00123735 0.00261571
10 11.4826 0 0 0.00108154 0.00282653
10 11.4492 0 0 0.00149252 0
10 11.4382 0 0 0.00139853 0
10 11.4273 0 0 0.00142282 0
10 11.41 0 0 0.00114118 0.00311886
10 11.3965 0 0 0.00118525 0.00325532
10 11.3892 0 0 0.00141747 0
10 11.3967 0 0 0.00134951 0
10 11.4025 0 0 0.00140387 0
10 11.3935 0 0 0.00126495 0.00230775
10 11.4122 0 0 0.00137635 0.0050505
10 11.4099 0 0 0.00140377 0.0017248
10 11.3901 0 0 0.00136457 0
10 11.3661 0 0 0.00136103 0
10 11.2981 0 0 0.00128298 0
10 11.2578 0 0 0.00125873 0
10 11.1931 0 0 0.00021778 0
10 11.1389 0 0 0.000322381 0.00100957
10 11.1239 0 0 0.00088399 0.00184484
10 11.1283 0 0 0.00114645 0
10 11.1591 0 0 0.00115393 0
10 11.2248 0 0 0.00121839 0
10 11.3217 0 0 0.00129641 0.0018724
10 11.4068 0 0 0.00139385 0.00264409
10 11.4848 0 0 0.00148928 0.00313595
10 11.5381 0 0 0.00152665 0
10 11.5704 0 0 0.00158298 0
10 11.612 0 0 0.00158806 0
10 11.6133 0 0 0.00160656 0.00162145
10 11.5983 0 0 0.00134815 0.00351451
10 11.5992 0 0 0.00159862 0
10 11.5797 0 0 0.00159742 0
10 11.5265 0 0 0.00150434 0
10 11.5015 0 0 0.00111756 0.00231599
10 11.5235 0 0 0.00153968 0.00220322
10 11.519 0 0 0.00141584 0.00171504
10 11.5062 0 0 0.00151964 0
10 11.514 0 0 0.00150392 0
10 11.5363 0 0 0.00154544 0
10 11.526 0 0 0.00152937 0
10 11.5055 0 0 0.00116714 0.00296301
10 11.4849 0 0 0.00115172 0.00368286
10 11.4563 0 0 0.00146018 0
10 11.4017 0 0 0.00139731 0
10 11.349 0 0 0.00136693 0
10 11.3067 0 0 0.000649764 0.00293856
10 11.234 0 0 0.000129847 0.00108647
10 11.1517 0 0 -0.000101754 0.00470901
10 11.1103 0 0 0.000495957 0.000744827
10 11.1012 0 0 0.00109486 0
10 11.1111 0 0 0.0011293 0
10 11.1704 0 0 0.00116145 0
10 11.2793 0 0 0.00124931 0.0039659
10 11.371 0 0 0.00135725 0.00174852
10 11.457 0 0 0.00143321 0.00326473
10 11.4964 0 0 0.00152308 0
10 11.4881 0 0 0.00146635 0
10 11.4545 0 0 0.00145363 0
10 11.437 0 0 0.00119664 0.00217927
10 11.4321 0 0 0.00132746 0.00240518
10 11.4105 0 0 0.00141659 0.00313718
10 11.4005 0 0 0.0014131 0
10 11.3983 0 0 0.00138446 0
10 11.3801 0 0 0.00137986 0
10 11.3618 0 0 0.00106473 0.00307019
10 11.3423 0 0 0.00103592 0.00303861
10 11.3267 0 0 0.00132101 0.00327195
10 11.2911 0 0 0.00105546 0
10 11.2706 0 0 0.00125971 0
10 11.2579 0 0 0.00106415 0
10 11.2134 0 0 0.0005301 0.00256404
10 11.1661 0 0 0.000447193 0.0028526
10 11.1251 0 0 0.00113978 0
10 11.1174 0 0 0.0010985 0
10 11.1545 0 0 0.00115433 0
10 11.2111 0 0 0.00121596 0
10 11.2454 0 0 0.00123667 0
10 11.3054 0 0 0.00129099 0.00238718
10 11.3913 0 0 0.00139027 0
10 11.4342 0 0 0.0014353 0
10 11.45 0 0 0.0014515 0
10 11.4765 0 0 0.00149691 0
10 11.5101 0 0 0.00149445 0
10 11.5138 0 0 0.00149772 0.00143671
10 11.5143 0 0 0.00150276 0.0042411
10 11.5058 0 0 0.00149882 0
10 11.4942 0 0 0.00150056 0
10 11.4764 0 0 0.00147115 0
10 11.4424 0 0 0.000909841 0.00274558
10 11.3914 0 0 0.000629054 0.00104028
10 11.3093 0 0 0.0013159 0.00304469
10 11.2186 0 0 0.00121224 0.00294146
10 11.1881 0 0 0.00119084 0
10 11.2072 0 0 0.0012141 0
10 11.2217 0 0 0.00143122 -0.000685903
10 11.225 0 0 0.0012129 0.00400823
10 11.2408 0 0 0.00124315 0.00228159
10 11.2538 0 0 0.00125021 0
10 11.2143 0 0 0.00121358 0
10 11.172 0 0 0.0011986 0
10 11.1749 0 0 0.00112311 0.00355824
10 11.2132 0 0 0.00120784 0.000801347
10 11.2247 0 0 0.00122989 0
10 11.2147 0 0 0.00123651 0
10 11.2378 0 0 0.00122702 0
10 11.266 0 0 0.00125946 0
10 11.2564 0 0 0.00108899 0.00359933
10 11.2287 0 0 0.000824082 0.00241068
10 11.198 0 0 0.000700513 0.00274693
10 11.1518 0 0 0.00115095 0
10 11.0878 0 0 0.00108565 0
10 11.0309 0 0 0.0010506 0
10 10.9915 0 0 0.000379994 0.000554467
10 10.9733 0 0 0.000684666 0.00375606
10 10.9705 0 0 0.000923865 0.000882978
10 10.9628 0 0 0.000970576 0
10 10.9818 0 0 0.000985751 0
10 11.0339 0 0 0.00105329 0
10 11.0844 0 0 0.00103414 0.00420612
10 11.1384 0 0 0.0011376 0.00114054
10 11.2055 0 0 0.00118946 0.000596358
10 11.2862 0 0 0.00129217 0
10 11.3567 0 0 0.00136498 0
10 11.413 0 0 0.00141142 0
10 11.4708 0 0 0.00144886 0.00166493
10 11.504 0 0 0.00152274 0.00208067
10 11.5423 0 0 0.00151692 0.00335919
10 11.5338 0 0 0.00154029 0.00156039
10 11.5104 0 0 0.00150477 0
10 11.4833 0 0 0.00151015 0
10 11.4352 0 0 0.000677969 0.00233681
10 11.3573 0 0 0.00016357 0.0047336
10 11.2583 0 0 -0.000232216 0.00121618
10 11.1565 0 0 0.00116835 0
10 11.0408 0 0 0.00103201 0
10 10.9738 0 0 0.000969824 0
10 10.9554 0 0 0.000663127 0.00288681
10 10.9501 0 0 0.000869727 0.00139524
10 10.9657 0 0 0.00094994 0.00347711
10 11.0068 0 0 0.0010239 0
10 11.036 0 0 0.00101681 0
10 11.0492 0 0 0.00104412 0
10 11.071 0 0 0.00105774 0.00181524
10 11.1069 0 0 0.00110046 0.00211013
10 11.1321 0 0 0.00112482 0.00182764
10 11.1522 0 0 0.00114953 0
10 11.136 0 0 0.0011526 0
10 11.1388 0 0 0.00112922 0
10 11.1634 0 0 0.001162 -2.26046e-06
10 11.1608 0 0 0.00110181 0.00487747
10 11.1233 0 0 0.000550532 0.00169905
10 11.1042 0 0 0.00110097 0
10 11.0865 0 0 0.00108684 0
10 11.028 0 0 0.0010391 0
10 10.9783 0 0 0.000219091 0.00266698
10 10.9727 0 0 0.000873419 0.00216693
10 11.0133 0 0 0.000994652 0.00312325
10 11.0474 0 0 0.00105981 0
10 11.096 0 0 0.00108791 0
10 11.1549 0 0 0.00113393 0.00264263
10 11.2068 0 0 0.00121975 0.00188761
10 11.2234 0 0 0.00119209 0.00446599
10 11.22 0 0 0.0012072 0
10 11.218 0 0 0.0012131 0
10 11.2093 0 0 0.00121328 0
10 11.2035 0 0 0.00121705 0
10 11.2199 0 0 0.00120013 0.00224643
10 11.2248 0 0 0.00121335 0.00188023
10 11.2227 0 0 0.00118983 0.00093711
10 11.2047 0 0 0.00120803 0
10 11.1721 0 0 0.00116383 0
10 11.0978 0 0 0 0.00236234
10 11.0262 0 0 0 0.00253668
10 10.985 0 0 0.00100211 -0.00256437
10 10.9596 0 0 0.000559624 0.00325308
10 10.9805 0 0 0.000977295 0
10 11.07 0 0 0.00108255 0
10 11.1761 0 0 0.00114478 0.0032219
10 11.2891 0 0 0.001381 -4.42701e-05
10 11.4293 0 0 0.00142803 0.00155819
10 11.5617 0 0 0.00155836 0.00265471
10 11.6636 0 0 0.00164753 0
10 11.7362 0 0 0.00173624 0
10 11.7782 0 0 0.00176419 0
10 11.7608 0 0 0.00149088 0.00364191
10 11.7177 0 0 0.00105489 0.00350377
10 11.6154 0 0 0 0.00182314
10 11.4635 0 0 0.00146538 0
10 11.3251 0 0 0.00133316 0
10 11.206 0 0 -0.000597292 0.00198501
10 11.1098 0 0 -0.000338748 0.00140547
10 11.0141 0 0 -0.000346268 0.000676665
10 10.9927 0 0 0.000655852 0.00135853
10 11.0395 0 0 0.00103796 0
10 11.1082 0 0 0.00110806 0
10 11.1952 0 0 0.00119585 0
10 11.3087 0 0 0.00128988 0.0033762
10 11.4435 0 0 0.00146877 0.000744942
10 11.5294 0 0 0.00150681 0.00203172
10 11.5802 0 0 0.00157096 0
10 11.6094 0 0 0.00159655 0
10 11.6031 0 0 0.00163724 0
10 11.5707 0 0 0.00104925 0.00356798
10 11.4878 0 0 0.000228287 0.00205427
10 11.3741 0 0 -0.000322047 0.00275861
10 11.2611 0 0 0.00123616 0
10 11.1694 0 0 0.001183 0
10 11.1042 0 0 0.00109257 0
10 11.0767 0 0 0.000636585 0.0052253
10 11.0779 0 0 0.00107121 0.000905552
10 11.1178 0 0 0.00111535 0.00112175
10 11.1712 0 0 0.00116849 0
10 11.1809 0 0 0.00120382 0
10 11.1497 0 0 0.000654199 0.00242464
10 11.1169 0 0 0.000604714 0.00276703
10 11.0789 0 0 0.00107969 -0.000719397
10 11.0329 0 0 0.000334311 0.00162351
10 11.0177 0 0 0.00101546 0
10 11.04 0 0 0.00104176 0
10 11.0478 0 0 0.00105082 0.00228767
10 11.0811 0 0 0.001076 0.000437757
10 11.1163 0 0 0.00109722 0.0032591
10 11.1208 0 0 0.00111891 0
10 11.1076 0 0 0.00112583 0
10 11.105 0 0 0.00107552 0
10 11.1004 0 0 0.00104125 0.0016929
10 11.0801 0 0 0.00074987 0.0024036
10 11.048 0 0 0.000577711 0.0019554
10 11.0083 0 0 0.000381503 0.00246847
10 10.9578 0 0 0.000962664 0
10 10.9147 0 0 0.00090871 0
10 10.8799 0 0 0.000376287 0.000635825
10 10.8935 0 0 0.000855131 0.00379555
10 10.9281 0 0 0.000923477 0.000556511
10 10.9433 0 0 0.000964988 0.00268968
10 10.9894 0 0 0.00098509 0
10 11.0443 0 0 0.00103349 0
10 11.0578 0 0 0.00105484 0
10 11.0557 0 0 0.00105413 -0.000353192
10 11.1039 0 0 0.00110121 0.00386656
10 11.1456 0 0 0.00113 0.000760003
10 11.1534 0 0 0.00115218 0
10 11.1526 0 0 0.00114565 0
10 11.1627 0 0 0.00117921 0
10 11.1449 0 0 0.000844367 0.00457227
10 11.098 0 0 0.000419484 0.00107862
10 11.0247 0 0 -0.000124893 0.00345754
10 10.936 0 0 0.000947236 0
10 10.8518 0 0 0.000843957 0
10 10.7813 0 0 0.000778458 0
10 10.7383 0 0 0 0.00221712
10 10.749 0 0 0.000735571 0.00174975
10 10.8062 0 0 0.000791653 0.00155807
10 10.8917 0 0 0.000908952 0
10 10.9663 0 0 0.000963288 0
10 11.0153 0 0 0.00101557 0.000825341
10 11.0624 0 0 0.00103509 0.0025264
10 11.0774 0 0 0.00106297 0.00149309
10 11.0741 0 0 0.00102599 0.00210625
10 11.0563 0 0 0.00104719 0
10 11.0222 0 0 0.00101901 0
10 10.9746 0 0 0.00098939 0
10 10.9222 0 0 0.000128096 0.000443916
10 10.8885 0 0 0.00036848 0.00201033
10 10.8626 0 0 0.000466744 0.000759116
10 10.8829 0 0 0.000897884 0
10 10.928 0 0 0.000919485 0
10 10.9829 0 0 0.000977588 0
10 11.0469 0 0 0.00105846 0.00297294
10 11.1157 0 0 0.00176203 -0.000334342
10 11.1403 0 0 0.0011261 0
10 11.1548 0 0 0.00115759 0
10 11.162 0 0 0.00116217 0
10 11.1477 0 0 0.00115581 0
10 11.111 0 0 0.00054407 0.00262327
10 11.0731 0 0 0.000522106 0.00153204
10 11.0373 0 0 0.00100961 0.00248097
10 10.9912 0 0 0.00110437 0.0011521
10 10.9552 0 0 0.000843435 0
10 10.9178 0 0 0.000359936 0
10 10.8931 0 0 0.000496968 0.00114594
10 10.8567 0 0 0.000314017 0.000594407
10 10.8255 0 0 0.000335783 0.00323768
10 10.8169 0 0 0.000816991 0
10 10.8301 0 0 0.000832676 0
10 10.8717 0 0 0.000873066 0
10 10.9133 0 0 0.000905941 0.00168119
10 10.9512 0 0 0.000964012 0.000142246
10 10.9753 0 0 0.000945573 0.00225147
10 11.0128 0 0 0.00102018 0
10 11.0215 0 0 0.00101652 0
10 11.0117 0 0 0.00101115 0
10 11.0203 0 0 0.00101636 0.00234244
10 11.0355 0 0 0.00102073 0.00111849
10 11.018 0 0 0.00101559 0.00281127
10 10.9612 0 0 0.000966378 0
10 10.9035 0 0 0.000904441 0
10 10.8504 0 0 0.000847935 0
10 10.8062 0 0 0.000147782 0.0012381
10 10.7685 0 0 0.000190058 0.00244226
10 10.7401 0 0 0.000294057 0.00173329
10 10.6878 0 0 0.00068781 -0.000262893
10 10.6568 0 0 0.000658746 0
10 10.6552 0 0 0.000660643 0
10 10.674 0 0 0.000651216 0.00330364
10 10.6872 0 0 0.000687708 0.000189291
10 10.7598 0 0 0.000760943 0.0016749
10 10.8836 0 0 0.000889097 0
10 10.9673 0 0 0.000956629 0
10 10.999 0 0 0.00100091 0
10 11.0427 0 0 0.00102334 0.00483757
10 11.0987 0 0 0.00194282 -0.00115521
10 11.1366 0 0 0.0011224 0.00207213
10 11.151 0 0 0.00115464 0
10 11.146 0 0 0.00114354 0
10 11.1129 0 0 0.00111872 0
10 11.0501 0 0 0 0.00224374
10 10.9689 0 0 -0.000269284 0.00376709
10 10.847 0 0 0.00084776 0
10 10.7362 0 0 0.000737239 0
10 10.6704 0 0 0.000667905 0
10 10.6319 0 0 0.000631228 0
10 10.5744 0 0 -0.000289957 0.000579276
10 10.5453 0 0 0.000105181 0.000768444
10 10.5805 0 0 0.000592377 -0.00125088
10 10.6519 0 0 0.000640898 0.0019189
10 10.761 0 0 0.000758662 0.00150405
10 10.8766 0 0 0.00087372 0
10 11.0222 0 0 0.00103915 2.28787e-05
10 11.1517 0 0 0.00111701 0.00262248
10 11.2412 0 0 0.00123572 0.00171314
10 11.2652 0 0 0.00126531 0.00148701
10 11.2436 0 0 0.00124178 0
10 11.2032 0 0 0.00121726 0
10 11.1494 0 0 0.000318085 0.00295524
10 11.0854 0 0 0.000115188 0.00179099
10 11.0081 0 0 -0.000160792 0.00170181
10 10.956 0 0 0.000963075 -0.000472291
10 10.9546 0 0 0.000954931 0
10 10.9742 0 0 0.000968452 0
10 10.9753 0 0 0.000965922 0.00161451
10 10.9935 0 0 0.000979843 0.00347937
10 11.0437 0 0 0.00127685 -0.000116309
10 11.0659 0 0 0.00106277 0
10 11.0443 0 0 0.00104178 0
10 11.021 0 0 0.0010246 0
10 11.0002 0 0 0.000681706 0.0011508
10 10.9384 0 0 0 0.00361447
10 10.834 0 0 0.000839567 0
10 10.7207 0 0 0.000720997 0
10 10.6405 0 0 0.000643175 0
10 10.5825 0 0 0.000589638 0
10 10.5449 0 0 0 0.000809164
10 10.5212 0 0 0.000161618 0.000491733
10 10.5697 0 0 0.000563727 0.00157147
10 10.6555 0 0 0.000655928 0
10 10.7477 0 0 0.000746624 0
10 10.8427 0 0 0.00149437 0
10 10.9739 0 0 0.000967135 0.00355106
10 11.1098 0 0 0.00109169 0.000501624
10 11.165 0 0 0.00137305 -0.000100319
10 11.1676 0 0 0.00116163 0
10 11.1528 0 0 0.00115686 0
10 11.1324 0 0 0.0011442 0
10 11.0556 0 0 -0.000122188 0.00245418
10 10.9647 0 0 -0.000408623 0.00195819
10 10.8707 0 0 -0.000541619 0.000849181
10 10.7698 0 0 0.000778011 0
10 10.7097 0 0 0.000706829 0
10 10.6836 0 0 0.000688557 0
10 10.6923 0 0 0.000670056 0.00261807
10 10.7066 0 0 0.00070439 0.0012401
10 10.7313 0 0 0.000713734 0.00293417
10 10.7271 0 0 0.000728662 0
10 10.7123 0 0 0.00071288 0
10 10.7013 0 0 0.000701315 0
10 10.6615 0 0 0.000454401 0.00010155
10 10.6495 0 0 0.00045821 0.00271512
10 10.6443 0 0 0.000656828 -0.00202463
10 10.6399 0 0 0.000639055 0
10 10.6199 0 0 0.000632248 0
10 10.6248 0 0 0.00062185 0
10 10.6659 0 0 0.00127369 -0.000469155
10 10.7194 0 0 0.000708678 0.00179511
10 10.7593 0 0 0.000755562 0.0035732
10 10.7688 0 0 0.000761791 0
10 10.757 0 0 0.000751692 0
10 10.7452 0 0 0.00074453 0
10 10.7133 0 0 0.000242909 0.00092308
10 10.6761 0 0 0.000100884 0.00158458
10 10.6633 0 0 0.000459441 0.00167066
10 10.6915 0 0 0.000688751 0
10 10.7198 0 0 0.00072541 0
10 10.7193 0 0 0.000721359 0
10 10.719 0 0 0.000700121 0.00190952
10 10.7389 0 0 0.000748385 0.000746692
10 10.7424 0 0 0.00072524 0.000877647
10 10.7423 0 0 0.000749348 0
10 10.7371 0 0 0.000749182 0
10 10.7587 0 0 0.000751401 0
10 10.7807 0 0 0.000764673 0.00233384
10 10.7647 0 0 0.000516521 0.000960737
10 10.7469 0 0 0.000759237 -0.000179273
10 10.7411 0 0 0.000737364 0
10 10.7584 0 0 0.000751565 0
10 10.7936 0 0 0.000793867 0
10 10.8382 0 0 0.000833053 0.000192894
10 10.8969 0 0 0.00179241 -0.000850975
10 10.9497 0 0 0.000917598 0.00486643
10 11.0046 0 0 0.000998993 0
10 10.9884 0 0 0.00099 0
10 10.9134 0 0 0.000922551 0
10 10.8395 0 0 -0.000280666 0.000824095
10 10.775 0 0 -0.000187249 0.00195614
10 10.6763 0 0 0.000674794 -0.00129434
10 10.5977 0 0 0.000601021 0
10 10.6034 0 0 0.000595408 0
10 10.6693 0 0 0.000663168 0
10 10.7158 0 0 0.00142702 -0.000365369
10 10.7763 0 0 0.000757921 0.00147991
10 10.8656 0 0 0.000861323 0.000837178
10 10.9209 0 0 0.000942544 0
10 10.9179 0 0 0.000900769 0
10 10.8902 0 0 0.000892938 0
10 10.8419 0 0 0.000101178 0.00208207
10 10.7645 0 0 -0.000399488 0.00329347
10 10.6631 0 0 -0.000870397 0.00163097
10 10.5525 0 0 0.000551283 0
10 10.458 0 0 0.000453607 0
10 10.4045 0 0 0.000405171 0
10 10.3697 0 0 -0.000166537 0.0034997
10 10.331 0 0 0 0.000180107
10 10.3057 0 0 0.000314905 -0.00188017
10 10.3127 0 0 0.000315805 0
10 10.3467 0 0 0.00034478 0
10 10.3919 0 0 0.000389752 0
10 10.462 0 0 0.000455537 0.00103818
10 10.5408 0 0 0.00173311 -0.000773066
10 10.6504 0 0 0.000639779 0.00150269
10 10.7562 0 0 0.000752254 0
10 10.8401 0 0 0.00084522 0
10 10.8943 0 0 0.000888521 0
10 10.9316 0 0 0.000936136 7.77756e-05
10 10.9569 0 0 0.000930278 0.00419418
10 10.9517 0 0 0.000875959 0.000812626
10 10.9042 0 0 0.000898658 0
10 10.8464 0 0 0.000846985 0
10 10.7953 0 0 0.000809788 0
10 10.7456 0 0 0 0.00174626
10 10.6776 0 0 0.000433406 0.000121468
10 10.6142 0 0 -0.000354856 0.00287432
10 10.5475 0 0 0.000558409 0
10 10.4884 0 0 0.00048388 0
10 10.4589 0 0 0.000459902 0
10 10.4677 0 0 0.0004586 0.00189084
10 10.4707 0 0 0.000461909 0.0016771
10 10.4422 0 0 0 0.00210204
10 10.4295 0 0 0.000430537 0
10 10.415 0 0 0.000415681 0
10 10.3715 0 0 0.0003738 0
10 10.3335 0 0 -0.000243055 0.000463906
10 10.3774 0 0 0.000377181 4.7565e-07
10 10.4828 0 0 0.000481777 5.32259e-05
10 10.5936 0 0 0.000600382 0
10 10.7201 0 0 0.000715114 0
10 10.8359 0 0 0.000841405 0
10 10.8961 0 0 0.000891448 0.00296084
10 10.9346 0 0 0.000896755 0.00341784
10 10.958 0 0 0.000952124 0.00141805
10 10.9464 0 0 0.00096497 0
10 10.8913 0 0 0.000884597 0
10 10.8499 0 0 0.000846042 0
10 10.7865 0 0 -0.000181542 0.002361
10 10.6877 0 0 0.000246836 0.000220256
10 10.5805 0 0 -0.000837529 0.000699908
10 10.4958 0 0 0.000485129 0
10 10.4345 0 0 0.000435435 0
10 10.4039 0 0 0.000406241 0
10 10.4235 0 0 0.000422665 0.00013258
10 10.4672 0 0 0.000981808 -0.000258127
10 10.4918 0 0 0.000487974 0.000503114
10 10.5493 0 0 0.000547622 0
10 10.6124 0 0 0.000612948 0
10 10.6406 0 0 0.000645979 0
10 10.6426 0 0 0.000667158 -0.000129102
10 10.671 0 0 0.000669745 0.000694103
10 10.6986 0 0 0.000684442 0.00384087
10 10.682 0 0 0.000679125 0
10 10.6623 0 0 0.000661777 0
10 10.6874 0 0 0.000693319 0
10 10.6858 0 0 0.000634357 0.00354394
10 10.6819 0 0 0.000687043 -0.000740608
10 10.6698 0 0 0.000486907 0.000146913
10 10.6563 0 0 0.000664801 0
10 10.6085 0 0 0.000603044 0
10 10.5416 0 0 0.000537816 -5.90026e-05
10 10.5028 0 0 0 0.000440867
10 10.4803 0 0 0.00013193 0.00270766
10 10.478 0 0 0.000473962 0.00092988
10 10.5038 0 0 0.000513585 0
10 10.5276 0 0 0.000516879 0
10 10.5514 0 0 0.000554978 0
10 10.5427 0 0 0.000390341 0.00373541
10 10.5373 0 0 0.000461765 0.000674782
10 10.5427 0 0 0.00061742 -0.000366152
10 10.52 0 0 0.000523658 0
10 10.5148 0 0 0.00051111 0
10 10.5338 0 0 0.000544421 0
10 10.5549 0 0 0.000548052 0.000163904
10 10.5376 0 0 0.000268636 0.000987603
10 10.518 0 0 0.000216756 0.00184636
10 10.5184 0 0 0.0005248 0
10 10.5297 0 0 0.000520229 0
10 10.5496 0 0 0.000548946 0
10 10.5789 0 0 0.000581074 0.00171858
10 10.5949 0 0 0.000589286 0.00115005
10 10.6293 0 0 0.000612022 0.00188072
10 10.6235 0 0 0.000620292 0
10 10.5708 0 0 0.000570201 0
10 10.4985 0 0 0.000504561 0
10 10.4551 0 0 0.000453188 -0.00086451
10 10.4325 0 0 0 0.00110057
10 10.4142 0 0 0.000136511 0.000715054
10 10.4368 0 0 0.000441787 0
10 10.4952 0 0 0.000491113 0
10 10.6068 0 0 0.00132226 -0.000351757
10 10.7167 0 0 0.000702625 0.00138538
10 10.8112 0 0 0.000798396 0.00350303
10 10.8917 0 0 0.000885985 0.000335029
10 10.9343 0 0 0.000932343 0
10 10.9195 0 0 0.000934226 0
10 10.8704 0 0 0.000861355 0
10 10.7984 0 0 -0.000291162 0.00113203
10 10.7018 0 0 -0.000739059 0.0012004
10 10.6085 0 0 -0.000796072 0.000792887
10 10.5681 0 0 0.000560025 0
10 10.5479 0 0 0.000558359 0
10 10.5685 0 0 0.00056886 0
10 10.5982 0 0 0.000577507 0.00302378
10 10.6098 0 0 0.000600195 0.000607888
10 10.6039 0 0 0.000496596 0.00385849
10 10.5663 0 0 0.00056321 0
10 10.4602 0 0 0.000461408 0
10 10.3493 0 0 0.000358405 0
10 10.3126 0 0 -0.00025541 0.00178067
10 10.3009 0 0 0.000302908 -0.000278367
10 10.2906 0 0 0.000132797 0.000883608
10 10.3407 0 0 0.000339457 0
10 10.4573 0 0 0.000457187 0
10 10.5656 0 0 0.000570511 0
10 10.6404 0 0 0.00117441 -0.000271454
10 10.7473 0 0 0.000745499 0.00106197
10 10.8584 0 0 0.000841668 0.00276877
10 10.9167 0 0 0.00091982 0
10 10.8975 0 0 0.000891379 0
10 10.8935 0 0 0.000833204 0
10 10.8753 0 0 0.000594548 0.000987572
10 10.7995 0 0 -0.000343379 0.00159041
10 10.7165 0 0 -0.000536999 0.00133894
10 10.6748 0 0 0.000686913 0
10 10.6502 0 0 0.000645757 0
10 10.6435 0 0 0.000639036 0
10 10.6545 0 0 0.000637249 0.00354903
10 10.6461 0 0 0.000526149 0.00065474
10 10.6269 0 0 0.000311699 0.0029422
10 10.5945 0 0 0.000595091 0
10 10.5418 0 0 0.000551653 0
10 10.4658 0 0 0.000464502 0
10 10.4238 0 0 -0.000224598 0.00241597
10 10.3796 0 0 0.000384772 -0.000869074
10 10.3335 0 0 0.000340097 -0.000954075
10 10.3247 0 0 0.000324377 0
10 10.3541 0 0 0.000353865 0
10 10.3685 0 0 0.000369271 0
10 10.3965 0 0 0.000395047 0.00115042
10 10.4848 0 0 0.00181166 -0.00122049
10 10.5354 0 0 0.000517568 0.00248918
10 10.5298 0 0 0.000531845 0
10 10.4787 0 0 0.000478074 0
10 10.3943 0 0 0.000393293 0
10 10.2978 0 0 -0.00115931 0.00187066
10 10.2185 0 0 0.000221063 -0.000614112
10 10.1648 0 0 -0.000642417 0.000786494
10 10.1647 0 0 0.000162295 0
10 10.2405 0 0 0.000240931 0
10 10.3642 0 0 0.000363695 0
10 10.4585 0 0 0.000452185 0.00240903
10 10.5219 0 0 0.000510905 0.00094104
10 10.5416 0 0 0.000533996 0.00141387
10 10.5439 0 0 0.000549479 0
10 10.5225 0 0 0.000518336 0
10 10.4674 0 0 0.000466655 0
10 10.4217 0 0 0.000425053 -2.82362e-05
10 10.3943 0 0 0 0.000727686
10 10.3624 0 0 -0.000120229 0.00104846
10 10.3205 0 0 0.000315791 0
10 10.2949 0 0 0.00029503 0
10 10.2976 0 0 0.000301565 0
10 10.3235 0 0 0.000314638 0.000949036
10 10.3406 0 0 0.000340905 3.77613e-05
10 10.3566 0 0 0.000346343 0.00277353
10 10.3833 0 0 0.000382176 0
10 10.419 0 0 0.000415135 0
10 10.4401 0 0 0.000456273 0
10 10.4755 0 0 0.000459192 0.00162885
10 10.5264 0 0 0.000519286 0.000243907
10 10.5368 0 0 0.000533037 0.000122667
10 10.5328 0 0 0.00054648 0
10 10.5293 0 0 0.000523518 0
10 10.5077 0 0 0.000502832 0
10 10.4689 0 0 -0.000133957 0.0036512
10 10.4592 0 0 0.000465749 -0.0010762
10 10.4631 0 0 0.000530142 -0.000380717
10 10.4576 0 0 0.00045656 0
10 10.4398 0 0 0.00043418 0
10 10.4496 0 0 0.00045705 0
10 10.429 0 0 0.000111259 0.00101403
10 10.399 0 0 0 0.000833229
10 10.3591 0 0 -0.000246215 0.00169756
10 10.3172 0 0 0.000318325 0
10 10.2737 0 0 0.000269872 0
10 10.28 0 0 0.000282532 0
10 10.3092 0 0 0.000302622 0.00209844
10 10.3466 0 0 0.000909124 -0.000686608
10 10.3784 0 0 0.000372496 0
10 10.4055 0 0 0.000415849 0
10 10.3892 0 0 0.000385902 0
10 10.3233 0 0 -0.000683134 0.00264748
10 10.2697 0 0 0.000278143 -0.00153289
10 10.244 0 0 0.000253241 -0.000965893
10 10.2461 0 0 0.000239015 0.00125109
10 10.3068 0 0 0.000304966 0
10 10.3672 0 0 0.000362754 0
10 10.4415 0 0 0.000455336 0
10 10.5088 0 0 0.000488325 0.000839091
10 10.5614 0 0 0.000561017 0.000704983
10 10.5529 0 0 0.000532057 0.00259944
10 10.5183 0 0 0.00041253 0
10 10.482 0 0 0.000476902 0
10 10.4179 0 0 0.000415679 0
10 10.3291 0 0 -0.00100154 0.000855677
10 10.259 0 0 -0.000523616 0.000392719
10 10.1882 0 0 -0.00087992 0.00069154
10 10.1229 0 0 0.000123822 0
10 10.113 0 0 0.000112127 0
10 10.1625 0 0 0.000165667 0
10 10.2292 0 0 0.000213468 0.00224946
10 10.2967 0 0 0.00132155 -0.0019686
10 10.3813 0 0 0.000368957 0.002119
10 10.4457 0 0 0.000442379 0
10 10.4807 0 0 0.000488523 0
10 10.4947 0 0 0.000493552 0.000731683
10 10.5118 0 0 0.000765655 -0.00107301
10 10.5517 0 0 0.0011558 -0.000792232
10 10.6045 0 0 0.000603522 0.00157301
10 10.6581 0 0 0.000649884 0
10 10.6747 0 0 0.000670029 0
10 10.6532 0 0 0.000665734 0
10 10.6086 0 0 0 0.00319663
10 10.5281 0 0 -0.000693777 0.0020655
10 10.4262 0 0 0.000431542 -0.00155985
10 10.3253 0 0 0.00032649 0
10 10.2828 0 0 0.000285121 0
10 10.3111 0 0 0.000308875 0
10 10.3214 0 0 0.000488205 -0.0013314
10 10.3324 0 0 0.000324222 0.00125886
10 10.3566 0 0 0.00034428 0.00212443
10 10.3637 0 0 0.000360147 0
10 10.3517 0 0 0.000361474 0
10 10.3209 0 0 0.000316414 0
10 10.3108 0 0 0.000150735 0.00125396
10 10.3096 0 0 0.000287301 0.000861535
10 10.3339 0 0 0.000712904 -0.00158357
10 10.3443 0 0 0.000340524 0
10 10.3335 0 0 0.000331146 0
10 10.3426 0 0 0.00034779 0
10 10.366 0 0 0.00035512 0.00168848
10 10.3801 0 0 0.000593105 -0.000659244
10 10.3974 0 0 0.000395874 0.000420927
10 10.4272 0 0 0.0004218 0
10 10.4558 0 0 0.000466669 0
10 10.446 0 0 0.000440391 0
10 10.4178 0 0 0 0.00311466
10 10.3744 0 0 0.000375003 -0.000210147
10 10.3286 0 0 0.000334013 -0.000131233
10 10.2723 0 0 0.000270517 0
10 10.2542 0 0 0.000251909 0
10 10.2508 0 0 0.000256585 0
10 10.2217 0 0 -0.000224539 0.00155954
10 10.1733 0 0 0.000176655 -0.00106897
10 10.1306 0 0 -0.000417464 0.000271635
10 10.07 0 0 0 0
10 10.0007 0 0 0 0
10 9.96532 0 0 0 0
10 9.97746 0 0 0.000160374 -0.000104527
10 10.0168 0 0 0 0.00217253
10 10.0671 0 0 0 0.000793347
10 10.1209 0 0 0.000120075 0
10 10.1594 0 0 0.000156917 0
10 10.1628 0 0 0.000163075 0
10 10.1708 0 0 0.000169023 0.000953748
10 10.1648 0 0 0.000164235 -0.000577906
10 10.1621 0 0 0.000119704 0.00063358
10 10.1803 0 0 0.000179469 0
10 10.2209 0 0 0.000224882 0
10 10.2518 0 0 0.000242011 0
10 10.2724 0 0 0.000272425 0.000429864
10 10.3267 0 0 0.000327518 0.00089209
10 10.4045 0 0 0.00117739 -0.000387374
10 10.4585 0 0 0.000453526 0
10 10.5085 0 0 0.000505643 0
10 10.5423 0 0 0.00053948 0
10 10.5387 0 0 0.00064117 0
10 10.4937 0 0 -0.00027992 0.00165052
10 10.4366 0 0 0.000438261 -0.000602572
10 10.3712 0 0 0.000370259 0
10 10.332 0 0 0.000333086 0
10 10.3381 0 0 0.000336764 0
10 10.3359 0 0 0.000299612 0.00103506
10 10.3407 0 0 0.000340495 0.00136279
10 10.3527 0 0 0.000344045 0.00014244
10 10.3598 0 0 0.000362237 0
10 10.3488 0 0 0.000346737 0
10 10.3564 0 0 0.0003581 0
10 10.3789 0 0 0.000715972 -0.000187813
10 10.3789 0 0 0.000379607 0
10 10.3767 0 0 0.00037539 0.000663141
10 10.3555 0 0 0.000360431 0
10 10.3288 0 0 0.000324903 0
10 10.2686 0 0 -0.000643566 0.00172188
10 10.2084 0 0 0.000132594 3.7716e-05
10 10.1549 0 0 -0.000651215 0.00110341
10 10.1121 0 0 -0.000532714 0.000555115
10 10.0776 0 0 0 0
10 10.0613 0 0 0 0
10 10.0897 0 0 0 0
10 10.1331 0 0 0.000133134 3.09509e-05
10 10.179 0 0 0.000178916 0.000269644
10 10.227 0 0 0.000222646 0.000778342
10 10.2653 0 0 0.000268694 0
10 10.2624 0 0 0.00025848 0
10 10.2314 0 0 0.000235697 0
10 10.2228 0 0 0.000221822 -0.000765737
10 10.243 0 0 0.000242712 0.000252125
10 10.2706 0 0 0.00025761 0.0024206
10 10.3026 0 0 0.000304625 0
10 10.3436 0 0 0.000341501 0
10 10.3861 0 0 0.000384109 0
10 10.3998 0 0 0.00060759 -0.000214504
10 10.3831 0 0 0.000128802 0.00106368
10 10.3724 0 0 0.000202645 0.00145472
10 10.3833 0 0 0.000390129 0
10 10.3539 0 0 0.000347152 0
10 10.3319 0 0 0.00033346 0
10 10.3467 0 0 0.000339071 0.00131041
10 10.3364 0 0 0.00018235 0.00120628
10 10.3119 0 0 0.000308301 -0.000122515
10 10.2923 0 0 0.000291275 0
10 10.2915 0 0 0.000290825 0
10 10.2708 0 0 0.00027536 0
10 10.2445 0 0 -0.000161578 0.00179792
10 10.2165 0 0 0.000220432 -0.000921701
10 10.1948 0 0 -0.000134242 0.000660163
10 10.1776 0 0 0.000178253 0
10 10.1612 0 0 0.000159931 0
10 10.1396 0 0 0.000143748 0
10 10.141 0 0 0.000134406 0.00068809
10 10.1459 0 0 0.000134136 0.00247127
10 10.1368 0 0 0.000142162 -0.00137155
10 10.1182 0 0 0.000120113 0
10 10.0931 0 0 0 0
10 10.0763 0 0 0 0
10 10.0704 0 0 0 -0.00183077
10 10.0651 0 0 0 0.00202419
10 10.0775 0 0 0.00026635 -0.000466471
10 10.0726 0 0 0 0
10 10.0819 0 0 0 0
10 10.0779 0 0 0 0
10 10.0739 0 0 0 0
10 10.0755 0 0 0 0.000253764
10 10.0862 0 0 0.000249094 -0.000616125
10 10.1318 0 0 0.000133372 0
10 10.1775 0 0 0.000180218 0
10 10.225 0 0 0.000220251 0
10 10.2683 0 0 0.000927684 -0.000908508
10 10.3136 0 0 0.000298805 0.00250142
10 10.3492 0 0 0.000331462 0.00246413
10 10.3328 0 0 0.000339567 0
10 10.3006 0 0 0.000295508 0
10 10.253 0 0 0.000255511 0
10 10.1931 0 0 -0.000714062 0.00129749
10 10.0988 0 0 -0.0003498 0.000224174
10 10.0208 0 0 0 -0.00123748
10 9.97248 0 0 0 0
10 9.93094 0 0 0 0
10 9.90182 0 0 0 0
10 9.888 0 0 -0.000327793 0.00168366
10 9.8898 0 0 0 -0.00251084
10 9.90091 0 0 -0.000106425 0.00166149
10 9.92863 0 0 0 0
10 9.94951 0 0 0.00027341 -0.00223257
10 10.0055 0 0 0 0
10 10.0461 0 0 0 0
10 10.0738 0 0 0 0
10 10.0752 0 0 0.000101818 -0.00129567
10 10.0636 0 0 -0.000113147 0.000504962
10 10.052 0 0 -0.000126775 0.000941367
10 10.0484 0 0 0 0
10 10.0457 0 0 0 0
10 10.0599 0 0 0.000284253 -0.00238614
10 10.0975 0 0 0.000665997 -0.00047763
10 10.1557 0 0 0.000153901 0.000359355
10 10.1961 0 0 0.000188679 0.00135945
10 10.2231 0 0 0.000221359 0
10 10.2484 0 0 0.00024858 0
10 10.2738 0 0 0.000276242 0
10 10.2785 0 0 0.000266566 0.00171762
10 10.2258 0 0 0.000229607 -0.000360565
10 10.1947 0 0 -0.000272169 0.000662948
10 10.1677 0 0 0.000164752 0
10 10.1085 0 0 0.000108334 0
10 10.0266 0 0 0 0
10 10.0027 0 0 -0.00035763 0.000216355
10 10.0249 0 0 0 0.000612177
10 10.0107 0 0 -0.000206298 0.000640231
10 10.0261 0 0 0 0
10 10.0749 0 0 0 0
10 10.1009 0 0 0 0
10 10.0642 0 0 0 4.62392e-05
10 10.0343 0 0 0 -0.000874449
10 10.019 0 0 -0.000199461 0.000106793
10 9.9942 0 0 0 0
10 9.97604 0 0 0 0
10 10.0113 0 0 0 0
10 10.0847 0 0 0.000352543 -0.000132232
10 10.1518 0 0 0.000144729 0.00131319
10 10.2132 0 0 0.000216519 0
10 10.2386 0 0 0.000234674 0
10 10.2406 0 0 0.000239209 0
10 10.2016 0 0 0.00020228 0
10 10.1416 0 0 -0.000764783 0.00110858
10 10.093 0 0 -0.00063741 0.000510445
10 10.0434 0 0 0 -0.000834109
10 10.034 0 0 0 0
10 10.0267 0 0 0 0
10 10.0263 0 0 0 0
10 10.0339 0 0 0.000156908 -0.00178514
10 10.0566 0 0 0 0.000510335
10 10.0883 0 0 0 0.000645154
10 10.122 0 0 0.000123525 0
10 10.1825 0 0 0.000180449 0
10 10.2282 0 0 0.000233565 0
10 10.2531 0 0 0.000628165 -0.0011011
10 10.2357 0 0 0 0.000335421
10 10.2242 0 0 0 0.00148336
10 10.2125 0 0 0.000216354 0
10 10.2103 0 0 0.000208696 0
10 10.2006 0 0 0.000198363 0
10 10.1891 0 0 0 0.0016568
10 10.1883 0 0 0.00019821 -0.00132835
10 10.1739 0 0 0.000170907 0
10 10.1525 0 0 0.000152787 0
10 10.1414 0 0 0.000142671 0
10 10.1597 0 0 0.000158255 0
10 10.1867 0 0 0.000181987 0.00111374
10 10.1774 0 0 0.000178944 -0.000550733
10 10.1456 0 0 0.000148415 0
10 10.1125 0 0 0.000110915 0
10 10.0698 0 0 0 0
10 10.0024 0 0 0 0
10 9.935 0 0 0 -0.000667294
10 9.8703 0 0 -0.00110277 0.000737747
10 9.80382 0 0 -0.000192912 -0.000653005
10 9.68117 0 0 -0.000321469 0
10 9.64618 0 0 -0.000354726 0
10 9.61412 0 0 -0.000382754 0
10 9.59565 0 0 -0.000687107 0.000897285
10 9.58788 0 0 -0.000417302 -0.000564608
10 9.62127 0 0 0.000135379 -0.000823333
10 9.66739 0 0 -0.000337069 0
10 9.69396 0 0 -0.000302587 0
10 9.72682 0 0 0.000220583 -0.00105927
10 9.80386 0 0 -0.000196447 0.00069506
10 9.84492 0 0 -0.000101194 -2.70426e-05
10 9.8426 0 0 -0.000154904 -0.000304548
10 9.84335 0 0 -0.000159461 0
10 9.83162 0 0 -0.00016606 0
10 9.78694 0 0 -0.000213752 0
10 9.73977 0 0 -0.000258783 -4.93031e-05
10 9.71756 0 0 -0.000620673 0.000227808
10 9.72003 0 0 -0.000279259 0.000550602
10 9.7372 0 0 -0.000263498 0
10 9.76051 0 0 -0.000238559 0
10 9.80018 0 0 0.000396615 0
10 9.87465 0 0 0.00100132 -0.00154858
10 9.97977 0 0 0 0.000356619
10 10.092 0 0 0 0
10 10.1822 0 0 0.000182194 0
10 10.2598 0 0 0.000260007 0
10 10.32 0 0 0.000319979 0
10 10.3489 0 0 0.000343637 0.000419654
10 10.3132 0 0 0.000320512 -0.000974294
10 10.2646 0 0 -0.000469376 0.000929971
10 10.2209 0 0 0.00022063 0
10 10.1646 0 0 0.000164947 0
10 10.0872 0 0 0 0
10 10.031 0 0 -0.000816768 0.000985479
10 9.9705 0 0 -0.000941188 0.000775099
10 9.88043 0 0 -0.000116039 -0.000850009
10 9.80217 0 0 -0.000196492 0
10 9.75075 0 0 -0.000249306 0
10 9.71117 0 0 -0.000293908 0
10 9.67185 0 0 -0.00091826 0.000433422
10 9.67862 0 0 -0.00032437 0.00102932
10 9.7117 0 0 0.000215576 -0.00257031
10 9.7282 0 0 -0.000266045 0
10 9.74793 0 0 -0.000252054 0
10 9.76419 0 0 -0.000236251 0
10 9.77701 0 0 0 -0.00159993
10 9.78076 0 0 -0.000158561 -0.00109602
10 9.80413 0 0 -0.00019865 0.000464373
10 9.82943 0 0 -0.000169777 0
10 9.83975 0 0 -0.000159923 0
10 9.87818 0 0 -0.000123226 0
10 9.92349 0 0 0.000606753 -0.000613376
10 9.94242 0 0 0 0.0021593
10 9.92209 0 0 0 -0.00121502
10 9.88997 0 0 -0.000110025 0
10 9.87576 0 0 -0.000124184 0
10 9.83431 0 0 -0.000790967 0.000831223
10 9.82363 0 0 -0.000174546 -0.000989462
10 9.83383 0 0 0 -0.00140249
10 9.86874 0 0 0.000401056 -0.0015362
10 9.91737 0 0 0 0
10 9.95257 0 0 0 0
10 9.94605 0 0 0 0
10 9.93607 0 0 0 -0.00120015
10 9.92554 0 0 0 -0.000392229
10 9.89833 0 0 -0.000102706 0
10 9.86058 0 0 -0.000138608 0
10 9.86877 0 0 -0.000131672 0
10 9.84724 0 0 -0.00015123 0
10 9.82886 0 0 -0.00016114 -0.00261695
10 9.80855 0 0 -0.000499336 0.00142983
10 9.76518 0 0 -0.000797422 0.000280628
10 9.6898 0 0 -0.000311133 0
10 9.65936 0 0 -0.000344262 0
10 9.65281 0 0 -0.000343006 0
10 9.61744 0 0 -0.000920945 0.00154043
10 9.59485 0 0 -0.000396482 -0.00230097
10 9.62262 0 0 0 -0.00277093
10 9.67645 0 0 -0.000329294 0
10 9.75211 0 0 -0.000243443 0
10 9.84119 0 0 -0.000159922 0
10 9.91663 0 0 0 0.000635811
10 9.95631 0 0 0.000569138 -0.00353385
10 9.9834 0 0 0 0.0015954
10 9.98278 0 0 0 0
10 9.94583 0 0 0 0
10 9.90045 0 0 0 0
10 9.86919 0 0 -0.000603542 0
10 9.82921 0 0 -0.00016975 -0.00030239
10 9.77344 0 0 -0.000225338 -0.000654338
10 9.7367 0 0 -0.000263546 0
10 9.70336 0 0 -0.000808287 0.0019501
10 9.68832 0 0 -0.000304808 -0.00133322
10 9.67993 0 0 -0.000305385 -0.00323262
10 9.69331 0 0 -0.000302884 0
10 9.70618 0 0 -0.000293648 0
10 9.69819 0 0 -0.000302502 0
10 9.72363 0 0 0.000102988 -0.000296303
10 9.77966 0 0 -0.000199656 -9.49453e-06
10 9.81993 0 0 0.000427228 -0.000780002
10 9.83248 0 0 -0.000166114 0
10 9.84046 0 0 -0.000159349 0
10 9.85654 0 0 -0.000143656 0
10 9.82636 0 0 -0.000173547 -0.000152426
10 9.77649 0 0 -0.00021639 -0.00119636
10 9.74127 0 0 -0.000252642 -0.00203534
10 9.71073 0 0 -0.000287193 0
10 9.67918 0 0 -0.000317138 0
10 9.66698 0 0 -0.00033446 0
10 9.68627 0 0 0 -0.00129254
10 9.7113 0 0 0 -0.00151944
10 9.71781 0 0 -0.000285223 0.000507835
10 9.73507 0 0 -0.000267571 0
10 9.74501 0 0 -0.00025256 0
10 9.71982 0 0 -0.000281799 0
10 9.71217 0 0 -0.000285134 -6.97956e-05
10 9.68756 0 0 -0.000312817 -0.0011873
10 9.69568 0 0 -0.000180288 -7.45431e-05
10 9.70833 0 0 -0.000288856 0
10 9.74151 0 0 -0.000257577 0
10 9.77829 0 0 -0.000223493 0
10 9.8288 0 0 -0.000174534 0.000550738
10 9.87019 0 0 0.000495329 -0.000684658
10 9.84801 0 0 -0.000144936 -0.00148158
10 9.81609 0 0 -0.000185067 0
10 9.76109 0 0 -0.000235437 0
10 9.69991 0 0 -0.000299887 0
10 9.67068 0 0 -0.000327864 -0.000509162
10 9.64739 0 0 -0.000706012 0.000714027
10 9.619 0 0 -0.000378585 -0.000793483
10 9.5967 0 0 -0.000402162 0
10 9.59113 0 0 -0.00041595 0
10 9.59019 0 0 -0.00040511 0
10 9.58306 0 0 -0.000526222 0.00103597
10 9.61354 0 0 0 -0.00253104
10 9.63737 0 0 0 -0.000781225
10 9.65116 0 0 -0.000342309 0
10 9.6592 0 0 -0.000338891 0
10 9.65622 0 0 -0.000352621 0
10 9.66639 0 0 -0.000331031 0.000331839
10 9.68033 0 0 0 -0.00303308
10 9.73989 0 0 -0.00025797 0.000199643
10 9.79055 0 0 -0.000214586 0
10 9.83078 0 0 -0.000165564 0
10 9.84779 0 0 -0.000151111 0
10 9.8409 0 0 -0.000148931 -0.00199713
10 9.82128 0 0 -0.000478471 0.000399227
10 9.76778 0 0 -0.000226759 -0.00018247
10 9.69135 0 0 -0.000310338 0
10 9.61698 0 0 -0.000382107 0
10 9.57766 0 0 -0.0004218 0
10 9.56009 0 0 -0.000433197 -0.00123414
10 9.57084 0 0 -0.000439337 0.000512994
10 9.58511 0 0 -0.000407854 -0.00118969
10 9.59235 0 0 -0.000408183 0
10 9.58503 0 0 -0.000415364 0
10 9.55876 0 0 -0.000441944 0
10 9.51576 0 0 -0.000482236 -0.000699731
10 9.50009 0 0 -0.000495744 -0.00144554
10 9.48824 0 0 -0.000691682 0.000556923
10 9.48293 0 0 -0.00052305 0
10 9.50425 0 0 -0.000486257 0
10 9.55679 0 0 -0.000447165 0
10 9.57032 0 0 -0.000223911 -0.000365744
10 9.58052 0 0 -0.000424907 0.000201885
10 9.62698 0 0 -0.000365946 0
10 9.68846 0 0 -0.000313224 0
10 9.71269 0 0 -0.000286414 0
10 9.7303 0 0 -0.00026912 0
10 9.76822 0 0 0.00034516 -0.00170173
10 9.78387 0 0 0 -0.000821107
10 9.76632 0 0 -0.000498494 0.000711794
10 9.73898 0 0 -0.000261125 0
10 9.70954 0 0 -0.000291698 0
10 9.6764 0 0 -0.000321788 0
10 9.6408 0 0 -0.000897113 0
10 9.59687 0 0 -0.000407793 -0.000364007
10 9.52914 0 0 -0.000455772 -0.00150562
10 9.50183 0 0 -0.000500815 0
10 9.51745 0 0 -0.000481136 0
10 9.48536 0 0 -0.000521318 0
10 9.45474 0 0 -0.00053117 -0.00198536
10 9.46187 0 0 -0.000420605 -0.00129733
10 9.49991 0 0 0 -0.00202165
10 9.50682 0 0 -0.000499188 0
10 9.51912 0 0 -0.000480003 0
10 9.61695 0 0 -0.000379182 0
10 9.6907 0 0 0.000802162 -0.00141448
10 9.75964 0 0 0.000140463 -0.000190708
10 9.83734 0 0 -0.000172822 0.00191528
10 9.89319 0 0 -0.000106656 0
10 9.88066 0 0 -0.000120467 0
10 9.81151 0 0 -0.000188853 0
10 9.74511 0 0 -0.000418334 8.32392e-05
10 9.63776 0 0 -0.000357741 -0.0013612
10 9.50968 0 0 -0.000486587 -5.03807e-05
10 9.41378 0 0 -0.000588251 0
10 9.30943 0 0 -0.000690176 0
10 9.22183 0 0 -0.000773501 0
10 9.16639 0 0 -0.000823455 -0.00211847
10 9.13408 0 0 -0.00086436 -0.00114492
10 9.14707 0 0 -0.000645764 -0.00164008
10 9.19479 0 0 -0.000812025 0
10 9.28622 0 0 -0.000709015 0
10 9.38606 0 0 -0.000613189 0
10 9.47109 0 0 0.000757709 -0.00264066
10 9.5463 0 0 0.000156421 -0.000304674
10 9.61301 0 0 0.000616567 -0.000936521
10 9.67588 0 0 -0.000322926 0
10 9.69918 0 0 -0.000301764 0
10 9.69952 0 0 -0.000304958 0
10 9.67536 0 0 -0.00031666 0
10 9.61198 0 0 -0.000379169 -0.00107498
10 9.53889 0 0 -0.000460377 -0.00054856
10 9.506 0 0 -0.000491355 0
10 9.4989 0 0 -0.000502745 0
10 9.47198 0 0 -0.000529018 -0.000369554
10 9.4568 0 0 -0.000538571 -0.00149978
10 9.45993 0 0 -0.000481522 -0.00114583
10 9.47319 0 0 -0.000320827 -0.00125558
10 9.46173 0 0 -0.000542579 0
10 9.45828 0 0 -0.00053673 0
10 9.47798 0 0 -0.000524157 0
10 9.4946 0 0 -0.000253159 -0.000484358
10 9.49079 0 0 -0.000501629 -0.00147502
10 9.45986 0 0 -0.00100981 0.00109937
10 9.43099 0 0 -0.000568472 0
10 9.44619 0 0 -0.000565796 0
10 9.49753 0 0 -0.000495952 0
10 9.5435 0 0 -0.000455419 0.00028151
10 9.59467 0 0 0.000379696 -0.00305993
10 9.67483 0 0 -0.000326963 0
10 9.73303 0 0 -0.000270515 0
10 9.71869 0 0 -0.000276763 0
10 9.67369 0 0 -0.000327622 0
10 9.65468 0 0 -0.000340094 -0.000874546
10 9.63914 0 0 -0.000348913 -0.00338863
10 9.61599 0 0 -0.000734494 0.0012444
10 9.609 0 0 -0.000388383 0
10 9.58331 0 0 -0.000418042 0
10 9.55819 0 0 -0.000446908 0
10 9.53946 0 0 -0.000450527 -0.0014261
10 9.52047 0 0 -0.000769537 0.00226627
10 9.52206 0 0 -0.000444547 -0.00205289
10 9.54916 0 0 -0.000455833 0
10 9.61039 0 0 -0.000387411 0
10 9.63558 0 0 -0.000363216 0
10 9.65343 0 0 0 0
10 9.66523 0 0 -0.000150149 -0.00120624
10 9.67218 0 0 -0.000326447 0
10 9.68516 0 0 -0.00031285 0
10 9.69736 0 0 -0.000304252 0
10 9.7177 0 0 -0.000284901 0
10 9.7224 0 0 -0.000197473 -0.0011368
10 9.72309 0 0 -0.000257531 -0.00273116
10 9.74632 0 0 -0.000252328 0.000537041
10 9.75878 0 0 -0.000243405 0
10 9.73556 0 0 -0.000263748 0
10 9.70255 0 0 -0.000300068 0
10 9.6738 0 0 -0.00031577 -0.00167566
10 9.61588 0 0 -0.000918638 0.000269007
10 9.53751 0 0 -0.000458847 -0.000305887
10 9.50105 0 0 -0.000507842 0
10 9.44583 0 0 -0.000545374 0
10 9.39591 0 0 -0.000603797 0
10 9.34257 0 0 -0.00146155 0.000534814
10 9.27991 0 0 -0.00072073 -0.00154093
10 9.22172 0 0 -0.000754446 -0.00224356
10 9.19513 0 0 -0.000804865 0
10 9.23198 0 0 -0.000776518 0
10 9.29319 0 0 -0.000708755 0
10 9.36642 0 0 0.000483578 -0.00201114
10 9.44809 0 0 0.000680401 -0.0015049
10 9.50725 0 0 -0.000505224 0.000801396
10 9.52624 0 0 -0.000471566 0
10 9.5012 0 0 -0.000495108 0
10 9.46099 0 0 -0.000537166 0
10 9.43099 0 0 -0.00055859 -0.00204677
10 9.39367 0 0 -0.000600598 -0.00190823
10 9.36648 0 0 -0.00100904 0.000190076
10 9.34632 0 0 -0.000651973 0
10 9.36062 0 0 -0.000639111 0
10 9.39187 0 0 -0.000611305 0
10 9.40417 0 0 -0.000410803 -0.00174801
10 9.43471 0 0 -0.000104743 -0.00070194
10 9.47148 0 0 -0.000520949 0.000424676
10 9.48777 0 0 -0.00051432 0
10 9.48852 0 0 -0.000512242 0
10 9.46996 0 0 -0.00053406 0
10 9.42485 0 0 -0.00120926 0.000322943
10 9.38604 0 0 -0.000609662 -0.00149446
10 9.41104 0 0 -0.00020329 -0.0015872
10 9.43048 0 0 -0.000575297 0
10 9.46733 0 0 -0.000525071 0
10 9.55086 0 0 -0.000450345 0
10 9.62337 0 0 0.000719918 -0.00153115
10 9.6942 0 0 0.000763025 -0.00201067
10 9.75897 0 0 -0.00024316 0.000752993
10 9.78951 0 0 -0.000210597 0
10 9.71228 0 0 -0.000285847 0
10 9.63732 0 0 -0.000367001 0
10 9.54421 0 0 -0.00145036 0.000504875
10 9.3649 0 0 -0.000630974 -0.000753507
10 9.18412 0 0 -0.00082192 0
10 9.08613 0 0 -0.000917062 0
10 9.04543 0 0 -0.000946483 0
10 9.01633 0 0 -0.00100135 0
10 9.03041 0 0 -0.000732226 -0.00188749
10 9.13259 0 0 0.000668282 -0.00157148
10 9.22777 0 0 0.000657332 -0.00077713
10 9.32778 0 0 -0.000677964 0
10 9.41736 0 0 -0.000573423 0
10 9.44493 0 0 -0.000555858 0
10 9.42989 0 0 -0.000555053 -0.00218196
10 9.38466 0 0 -0.000625066 -0.00052777
10 9.35561 0 0 -0.000635876 -0.000210591
10 9.29397 0 0 -0.000703441 0
10 9.22746 0 0 -0.000779537 0
10 9.18118 0 0 -0.000826304 0
10 9.10349 0 0 -0.000876199 -0.000460877
10 9.00122 0 0 -0.000998656 -0.000366202
10 8.88287 0 0 -0.00111752 -0.00119683
10 8.79857 0 0 -0.00121012 0
10 8.78072 0 0 -0.00120981 0
10 8.81072 0 0 -0.00118427 0
10 8.86998 0 0 -0.000246177 -0.00132833
10 8.98842 0 0 0.00079556 -0.00369515
10 9.12564 0 0 0.000156755 -0.000514092
10 9.25036 0 0 -0.000746495 0
10 9.33185 0 0 -0.000668361 0
10 9.36104 0 0 -0.000645572 0
10 9.37804 0 0 -0.000353093 -0.00189918
10 9.35917 0 0 -0.00093564 0.0001947
10 9.33992 0 0 -0.000647148 -0.00212084
10 9.30587 0 0 -0.000689236 0
10 9.30099 0 0 -0.000702692 0
10 9.32257 0 0 -0.00068028 0
10 9.35001 0 0 -0.000231152 -0.000571743
10 9.40377 0 0 0.000233481 -0.00409261
10 9.46171 0 0 -0.000538803 0.000805237
10 9.52014 0 0 -0.000482023 0
10 9.56033 0 0 -0.000441985 0
10 9.56389 0 0 -0.000433626 0
10 9.56986 0 0 -0.000329268 -0.00201075
10 9.55167 0 0 -0.00073024 0.000349484
10 9.53953 0 0 -0.000449028 -0.000735984
10 9.54076 0 0 -0.000459289 0
10 9.5425 0 0 -0.000459505 0
10 9.54599 0 0 -0.000458923 0
10 9.52006 0 0 -0.000866509 0.000983041
10 9.45899 0 0 -0.000532664 -0.0017818
10 9.37994 0 0 -0.000619774 -0.000269425
10 9.3118 0 0 -0.000695916 0
10 9.25087 0 0 -0.000740549 0
10 9.17364 0 0 -0.000836586 -0.0012614
10 9.14945 0 0 -0.000828132 -0.00087603
10 9.14817 0 0 -0.0008512 -0.00118937
10 9.11731 0 0 -0.000871792 -0.00148092
10 9.10625 0 0 -0.000897627 0
10 9.09063 0 0 -0.000916008 0
10 9.06378 0 0 -0.000924946 0
10 9.0549 0 0 -0.000930222 -0.00233675
10 9.11001 0 0 0 -0.00227651
10 9.17927 0 0 0.000232781 -0.00354381
10 9.22385 0 0 -0.000769743 0
10 9.28676 0 0 -0.000713466 0
10 9.35102 0 0 -0.000662388 0
10 9.36544 0 0 -0.000391369 -0.00352412
10 9.38556 0 0 -0.000313966 -0.000756212
10 9.42431 0 0 0 -0.00273084
10 9.47467 0 0 -0.000535416 0
10 9.49304 0 0 -0.000498139 0
10 9.46871 0 0 -0.000535176 0
10 9.42686 0 0 -0.000561293 -0.00149248
10 9.37077 0 0 -0.000632248 -0.000991347
10 9.29855 0 0 -0.000693998 0
10 9.20408 0 0 -0.000816697 0
10 9.13591 0 0 -0.000838777 -0.00106882
10 9.09881 0 0 -0.000891886 -0.00303589
10 9.05798 0 0 -0.000933419 -0.000754771
10 9.03251 0 0 -0.000961497 0
10 9.00803 0 0 -0.000991594 0
10 8.99453 0 0 -0.00101609 0
10 8.98969 0 0 -0.000991942 -0.0022829
10 8.98655 0 0 -0.00100378 -0.00153731
10 8.96252 0 0 -0.00102317 -0.00314154
10 8.95845 0 0 -0.00104597 0
10 9.01369 0 0 -0.00098131 0
10 9.09036 0 0 -0.000909554 0
10 9.16733 0 0 0.000332299 -0.00335016
10 9.24771 0 0 0.000463047 -0.00161783
10 9.31274 0 0 -0.000684494 0.000447933
10 9.35914 0 0 -0.000644957 0
10 9.36797 0 0 -0.000627857 0
10 9.33361 0 0 -0.00066708 0
10 9.31798 0 0 -0.000674737 -0.00136118
10 9.30279 0 0 -0.000696039 -0.00289243
10 9.31385 0 0 -0.000503106 -0.000769207
10 9.32772 0 0 -0.00067285 0
10 9.36826 0 0 -0.000634818 0
10 9.40035 0 0 -0.000604109 0
10 9.419 0 0 -0.00029385 -0.000713745
10 9.40998 0 0 -0.0005834 -0.000847205
10 9.37441 0 0 -0.000628781 -0.00113782
10 9.33603 0 0 -0.000660358 0
10 9.29252 0 0 -0.000699814 0
10 9.21367 0 0 -0.000787446 0
10 9.16185 0 0 -0.000832486 -0.00250453
10 9.13395 0 0 -0.000854053 -0.000775474
10 9.10546 0 0 -0.000890533 -0.00150303
10 9.04782 0 0 -0.000947565 0
10 9.01263 0 0 -0.000985147 0
10 8.99988 0 0 -0.00101378 0
10 9.00033 0 0 -0.000964815 -0.00378216
10 9.01948 0 0 -0.000711163 -0.00093121
10 9.07075 0 0 -0.000123442 -0.00285602
10 9.17941 0 0 -0.000826992 0
10 9.30446 0 0 -0.000694465 0
10 9.38173 0 0 0.000555544 -0.00244328
10 9.40984 0 0 -0.000600235 0.000864076
10 9.39849 0 0 -0.000770264 0.000262224
10 9.33578 0 0 -0.000651243 -0.00215686
10 9.20166 0 0 -0.000799546 0
10 9.06419 0 0 -0.000932384 0
10 8.96969 0 0 -0.00103062 0
10 8.8807 0 0 -0.00245943 0.00155739
10 8.83079 0 0 -0.00116899 -0.00396343
10 8.85373 0 0 -0.000766105 -0.00305877
10 8.90687 0 0 -0.00109884 0
10 8.96795 0 0 -0.00103723 0
10 9.01792 0 0 -0.000991346 0
10 9.05888 0 0 -0.000301994 -0.0032676
10 9.09465 0 0 -0.000353188 -0.00147996
10 9.14701 0 0 0 -0.000600604
10 9.19684 0 0 -0.000798698 0
10 9.22408 0 0 -0.000772636 0
10 9.27214 0 0 -0.00073816 0
10 9.32252 0 0 0.000107336 -0.00380628
10 9.37138 0 0 0.000130285 -0.00466335
10 9.43753 0 0 -0.000568739 0.00109592
10 9.47853 0 0 -0.00056182 0
10 9.51158 0 0 -0.000461371 0
10 9.52165 0 0 -0.00047013 0
10 9.48426 0 0 -0.000506906 -0.00135485
10 9.40655 0 0 -0.00158999 0.000496453
10 9.33153 0 0 -0.000659535 -0.00151391
10 9.27896 0 0 -0.00072095 0
10 9.25534 0 0 -0.000743659 0
10 9.28354 0 0 -0.000286608 0
10 9.31235 0 0 -0.000692833 0.000153342
10 9.32454 0 0 -0.000491582 -0.000227888
10 9.33862 0 0 -0.000431701 -0.0034818
10 9.32683 0 0 -0.000668299 0
10 9.31158 0 0 -0.000700378 0
10 9.29204 0 0 -0.000699008 0
10 9.26217 0 0 -0.00073825 -0.00114046
10 9.22222 0 0 -0.000760335 -0.00216611
10 9.23368 0 0 -0.000772222 -0.0019329
10 9.2426 0 0 -0.000770613 0
10 9.24733 0 0 -0.000733655 0
10 9.26519 0 0 -0.000733479 0
10 9.28847 0 0 -0.000347231 -0.00306409
10 9.29585 0 0 -0.000584194 -0.00160605
10 9.2816 0 0 -0.000951654 0.00103562
10 9.24034 0 0 -0.000814549 0
10 9.17814 0 0 -0.000749762 0
10 9.12415 0 0 -0.000871329 0
10 9.04998 0 0 -0.000962124 -0.000620646
10 8.97279 0 0 -0.00101517 -0.00164238
10 8.91584 0 0 -0.0010652 -0.00161894
10 8.88942 0 0 -0.00113099 0
10 8.90007 0 0 -0.00108341 0
10 8.92588 0 0 -0.00107635 0
10 8.95541 0 0 -0.00104803 0.000585481
10 8.97993 0 0 -0.000638412 -0.00275926
10 8.99633 0 0 -0.000748301 -0.00110204
10 8.99545 0 0 -0.00101018 0
10 8.98625 0 0 -0.00100716 0
10 8.97156 0 0 -0.00104266 0
10 8.94647 0 0 -0.00103331 -0.00138069
10 8.93671 0 0 -0.00105056 -0.00287602
10 8.95727 0 0 -0.000724364 -0.00161511
10 8.96379 0 0 -0.00103956 0
10 8.9715 0 0 -0.00102729 0
10 8.98637 0 0 -0.00101055 0
10 9.00802 0 0 -0.000666418 -0.00144076
10 9.04647 0 0 -0.000376062 -0.00145445
10 9.09056 0 0 -0.000222265 -0.0039167
10 9.12566 0 0 -0.000868971 0
10 9.1838 0 0 -0.000830595 0
10 9.26772 0 0 -0.000728562 0
10 9.31828 0 0 0 -0.00121258
10 9.34221 0 0 -0.000288514 -0.00254662
10 9.3305 0 0 -0.000662533 -0.000906
10 9.31985 0 0 -0.000691853 0
10 9.26977 0 0 -0.000716867 0
10 9.17181 0 0 -0.000842506 0
10 9.0705 0 0 -0.000910119 -0.00328483
10 8.9645 0 0 -0.00102133 -0.00159969
10 8.90496 0 0 -0.0010894 -0.00188417
10 8.91509 0 0 -0.00109125 0
10 8.97047 0 0 -0.00101622 0
10 9.01755 0 0 -0.000980731 0
10 9.08427 0 0 0 -0.00207279
10 9.18471 0 0 0.000694877 -0.000834383
10 9.21295 0 0 -0.000358437 -0.00126746
10 9.17445 0 0 -0.000822893 0
10 9.12279 0 0 -0.000878984 0
10 9.04496 0 0 -0.000963443 0
10 8.94152 0 0 -0.00104367 -0.00268986
10 8.83005 0 0 -0.00283734 0.00146628
10 8.74069 0 0 -0.00123746 -0.00527044
10 8.69408 0 0 -0.0013149 0
10 8.70724 0 0 -0.00129008 0
10 8.77242 0 0 -0.0012437 0
10 8.8393 0 0 -0.000119036 -0.00288414
10 8.9212 0 0 0.000156406 -0.00289307
10 9.0189 0 0 -0.000973255 -0.000316138
10 9.11588 0 0 -0.000888694 0
10 9.16015 0 0 -0.000834809 0
10 9.17201 0 0 -0.000833385 0
10 9.21563 0 0 -0.000120328 -0.00223645
10 9.26633 0 0 0 -0.00322469
10 9.28642 0 0 -0.000405865 -0.000179772
10 9.3126 0 0 -0.000687379 0
10 9.31483 0 0 -0.000693986 0
10 9.28497 0 0 -0.000710204 0
10 9.1936 0 0 -0.000813187 -0.00143483
10 9.07155 0 0 -0.000888028 -0.00344119
10 8.95272 0 0 -0.00105106 -0.0013318
10 8.89133 0 0 -0.00110724 0
10 8.89377 0 0 -0.00112898 0
10 8.90719 0 0 -0.00108188 0
10 8.92969 0 0 -0.000707524 -0.00277383
10 8.99066 0 0 0 -0.00111918
10 9.04538 0 0 -0.000139817 -0.00144859
10 9.05782 0 0 -0.0009344 0
10 9.05351 0 0 -0.000935183 0
10 9.04035 0 0 -0.000961791 0
10 8.99676 0 0 -0.00100913 -0.00172706
10 8.92475 0 0 -0.00107339 -0.000629335
10 8.83287 0 0 -0.00113555 -0.00471366
10 8.7609 0 0 -0.0012292 0
10 8.73452 0 0 -0.00128482 0
10 8.74779 0 0 -0.00124095 0
10 8.78653 0 0 -0.000612765 -0.00311941
10 8.84519 0 0 -0.000265579 -0.00149445
10 8.88728 0 0 -0.000476873 -0.00301305
10 8.90443 0 0 -0.00109657 0
10 8.91761 0 0 -0.00106806 0
10 8.92903 0 0 -0.00109266 0
10 8.9176 0 0 -0.00104227 -0.00341247
10 8.92403 0 0 -0.000985162 -0.000767759
10 8.97796 0 0 -0.000193685 -0.00204264
10 9.00907 0 0 -0.000989566 0
10 9.01658 0 0 -0.000997534 0
10 9.03677 0 0 -0.000959483 0
10 9.08997 0 0 -0.000908263 4.70966e-05
10 9.13529 0 0 -0.000173808 -0.00386276
10 9.15433 0 0 -0.000835445 0
10 9.17473 0 0 -0.000822011 0
10 9.19591 0 0 -0.000803441 0
10 9.18476 0 0 -0.000830735 0
10 9.13876 0 0 -0.000832507 -0.00329707
10 9.08239 0 0 -0.000923684 -0.000397497
10 9.04434 0 0 -0.000931911 -0.00222959
10 9.00183 0 0 -0.00100968 0
10 8.9705 0 0 -0.00101874 0
10 8.93986 0 0 -0.0010707 0
10 8.90484 0 0 -0.00107993 -0.00266272
10 8.86985 0 0 -0.00113214 -0.00235565
10 8.85759 0 0 -0.00111189 -0.00148402
10 8.87138 0 0 -0.00113184 0
10 8.90179 0 0 -0.0010931 0
10 8.94887 0 0 -0.00105857 0
10 9.00635 0 0 -0.000117134 -0.00144983
10 9.06111 0 0 -0.000102933 -0.00329628
10 9.09803 0 0 -0.000355163 -0.000413081
10 9.11876 0 0 -0.000883182 0
10 9.09514 0 0 -0.000898112 0
10 9.02988 0 0 -0.000964428 0
10 8.95929 0 0 -0.00103782 -0.00223818
10 8.86593 0 0 -0.00111508 -0.00300346
10 8.784 0 0 -0.00122557 -0.000172798
10 8.72663 0 0 -0.00125897 0
10 8.71409 0 0 -0.00130747 0
10 8.73258 0 0 -0.00126363 0
10 8.78493 0 0 -0.00040272 -0.0016837
10 8.84627 0 0 -0.00022756 -0.00231398
10 8.87548 0 0 -0.000678619 -0.00174327
10 8.88547 0 0 -0.00111569 0
10 8.87094 0 0 -0.00113425 0
10 8.82 0 0 -0.00117054 0
10 8.76394 0 0 -0.00122153 -0.00306065
10 8.71861 0 0 -0.00128071 -0.00107871
10 8.69283 0 0 -0.00129234 -0.00340641
10 8.72331 0 0 -0.00128251 0
10 8.77817 0 0 -0.00120672 0
10 8.85012 0 0 0 0
10 8.9071 0 0 -0.000233259 -0.00186677
10 8.95745 0 0 -0.000273944 -0.00248372
10 8.9712 0 0 -0.000849051 -0.000187946
10 8.90798 0 0 -0.00106524 0
10 8.80955 0 0 -0.00118138 0
10 8.67347 0 0 -0.00133118 0
10 8.53745 0 0 -0.00145419 -0.000580085
10 8.41296 0 0 -0.00158378 -0.00200282
10 8.32531 0 0 -0.00165373 -0.00314589
10 8.28553 0 0 -0.00174316 0
10 8.29623 0 0 -0.00168067 0
10 8.37656 0 0 -0.00162178 0
10 8.48823 0 0 0.000147462 -0.00100863
10 8.60395 0 0 0.000363625 -0.00306792
10 8.71947 0 0 -0.00126691 0.000100193
10 8.82774 0 0 -0.00117195 0
10 8.83646 0 0 -0.00118255 0
10 8.76504 0 0 -0.00121042 -0.00316164
10 8.7177 0 0 -0.00126436 -0.00327745
10 8.69622 0 0 -0.00128569 -0.0013736
10 8.65559 0 0 -0.0013449 -0.00379998
10 8.63795 0 0 -0.00135261 0
10 8.72869 0 0 -0.00126162 0
10 8.84123 0 0 -0.00118721 0
10 8.90666 0 0 0 -0.00321378
10 8.9773 0 0 0 -0.00309239
10 9.08322 0 0 0 -0.000430985
10 9.1851 0 0 -0.000830382 0
10 9.18919 0 0 -0.000796983 0
10 9.15535 0 0 -0.000852181 0
10 9.10381 0 0 -0.000891998 -0.000856242
10 9.0154 0 0 -0.000991395 -0.000394514
10 8.88476 0 0 -0.00108025 -0.00444297
10 8.78092 0 0 -0.00121244 0
10 8.69942 0 0 -0.00132241 0
10 8.62635 0 0 -0.00136254 0
10 8.58897 0 0 -0.0014012 0
10 8.60414 0 0 -0.00117834 -0.00378577
10 8.60298 0 0 -0.00135607 -0.00249985
10 8.62065 0 0 -0.00162872 0.000387917
10 8.68645 0 0 -0.00107889 0
10 8.76881 0 0 -0.00126055 0
10 8.80761 0 0 -0.000579831 -0.00248339
10 8.84074 0 0 -0.000637433 -0.00265007
10 8.90005 0 0 -0.000202834 -0.00108111
10 8.957 0 0 -0.00104155 0
10 8.98178 0 0 -0.00101696 0
10 8.99507 0 0 -0.00101176 0
10 8.99212 0 0 -0.000994022 -0.00164193
10 8.97899 0 0 -0.0010228 -0.00241927
10 8.9258 0 0 -0.00104742 -0.00233059
10 8.86169 0 0 -0.00114444 0
10 8.79623 0 0 -0.0011976 0
10 8.756 0 0 -0.00125397 0
10 8.7272 0 0 -0.00126313 -0.000977671
10 8.70201 0 0 -0.00127342 -0.0042865
10 8.7132 0 0 -0.00110567 -0.00172956
10 8.73623 0 0 -0.00128814 0
10 8.78215 0 0 -0.00120598 0
10 8.81826 0 0 -0.000632873 0
10 8.90228 0 0 0.000176291 -0.00357967
10 8.97678 0 0 0.000107025 -0.00274738
10 9.04392 0 0 0 -0.000576494
10 9.03968 0 0 -0.000961536 0
10 8.99879 0 0 -0.00101707 0
10 8.91021 0 0 -0.00107364 0
10 8.76007 0 0 -0.00123324 -0.000798894
10 8.60225 0 0 -0.00138059 -0.00309564
10 8.47059 0 0 -0.00152903 -0.0010378
10 8.41191 0 0 -0.00159904 0
10 8.37064 0 0 -0.00161799 0
10 8.3792 0 0 -0.00163591 0
10 8.40891 0 0 -0.00112996 -0.0046339
10 8.4613 0 0 -0.000728858 -0.00223165
10 8.54236 0 0 -0.000220084 -0.00227627
10 8.65939 0 0 -0.00134496 0
10 8.76348 0 0 -0.00124658 0
10 8.79866 0 0 -0.00119527 0
10 8.7919 0 0 -0.00117574 -0.00537156
10 8.77827 0 0 -0.00123996 -0.00099475
10 8.74856 0 0 -0.00121438 -0.00207729
10 8.68164 0 0 -0.00133433 0
10 8.64362 0 0 -0.00133821 0
10 8.6581 0 0 -0.0011308 -0.0030294
10 8.66478 0 0 -0.00120071 -0.00312868
10 8.66771 0 0 -0.00128428 -0.00110071
10 8.68975 0 0 -0.000967575 -0.00258563
10 8.761 0 0 -0.00125347 0
10 8.81874 0 0 -0.00116465 0
10 8.89007 0 0 -0.00111121 0
10 8.95378 0 0 0 -0.00112627
10 9.00814 0 0 -0.000182857 -0.00195802
10 9.03154 0 0 -0.000597978 -0.000690687
10 9.04922 0 0 -0.000963681 0
10 9.02738 0 0 -0.000962964 0
10 8.94543 0 0 -0.00106396 0
10 8.82908 0 0 -0.00114186 -0.00293979
10 8.69744 0 0 -0.0013026 -0.000843653
10 8.5696 0 0 -0.00140631 -0.00352319
10 8.45935 0 0 -0.00154396 0
10 8.42821 0 0 -0.00157164 0
10 8.43254 0 0 -0.0016017 0
10 8.45077 0 0 -0.00123999 0
10 8.46433 0 0 -0.00131746 -0.00386979
10 8.49136 0 0 -0.00108905 -0.00169205
10 8.51399 0 0 -0.00148966 0
10 8.52015 0 0 -0.00147474 0
10 8.53383 0 0 -0.00147029 0
10 8.55004 0 0 -0.00119992 -0.00305796
10 8.57198 0 0 -0.00108019 -0.00178435
10 8.57649 0 0 -0.00133926 -0.00490464
10 8.58897 0 0 -0.00140311 0
10 8.60227 0 0 -0.00139667 0
10 8.61318 0 0 -0.00140323 0
10 8.62426 0 0 -0.00118471 -0.00273536
10 8.659 0 0 -0.000797782 -0.00293154
10 8.75353 0 0 0.000161692 -0.00122532
10 8.83813 0 0 -0.00114926 0
10 8.92823 0 0 -0.00108381 0
10 8.97022 0 0 -0.0010232 0
10 8.9462 0 0 -0.00103529 -0.00301382
10 8.89311 0 0 -0.00108778 -0.00298679
10 8.80208 0 0 -0.00119181 -0.00147956
10 8.69506 0 0 -0.00130533 0
10 8.59608 0 0 -0.00140588 0
10 8.59442 0 0 -0.00139095 0
10 8.60777 0 0 -0.0011674 -0.00323483
10 8.638 0 0 -0.000888825 -0.00286449
10 8.6898 0 0 -0.000527418 -0.00134965
10 8.72645 0 0 -0.00127384 0
10 8.74 0 0 -0.00126152 0
10 8.75363 0 0 -0.00125758 0
10 8.72388 0 0 -0.00124666 -0.00286159
10 8.67257 0 0 -0.00133794 -0.00253625
10 8.64483 0 0 -0.00132709 -0.00257281
10 8.62376 0 0 -0.00139201 0
10 8.5851 0 0 -0.00139181 0
10 8.56872 0 0 -0.00141739 0
10 8.57391 0 0 -0.00135266 -0.00177072
10 8.55901 0 0 -0.001434 -0.00204444
10 8.55523 0 0 -0.00142362 -0.00238839
10 8.58998 0 0 -0.00142016 0
10 8.60943 0 0 -0.00136808 0
10 8.62298 0 0 -0.00137769 0
10 8.66167 0 0 -0.000755093 -0.00198788
10 8.71551 0 0 -0.000486331 -0.00279311
10 8.74968 0 0 -0.000715264 -0.00132563
10 8.77874 0 0 -0.00120767 0
10 8.80976 0 0 -0.00120484 0
10 8.82657 0 0 -0.00119256 0
10 8.80566 0 0 -0.00116485 -0.00218213
10 8.76306 0 0 -0.00124432 -0.000419458
10 8.72408 0 0 -0.00125123 0
10 8.70905 0 0 -0.00128798 0
10 8.69992 0 0 -0.00132006 0
10 8.69426 0 0 -0.00129641 0
10 8.71827 0 0 -0.000900449 -0.00482869
10 8.74551 0 0 -0.000839334 -0.00342249
10 8.78513 0 0 -0.000817624 -0.000194718
10 8.81932 0 0 -0.0011746 0
10 8.828 0 0 -0.0011677 0
10 8.84093 0 0 -0.00117828 0
10 8.84713 0 0 -0.00103758 -0.00231406
10 8.83439 0 0 -0.00114833 -0.00230662
10 8.78949 0 0 -0.00121878 -0.00234061
10 8.7655 0 0 -0.00122862 0
10 8.75853 0 0 -0.0012306 0
10 8.75625 0 0 -0.00122006 0
10 8.76783 0 0 -0.00107491 -0.00288378
10 8.78822 0 0 -0.000886504 -0.000894847
10 8.78475 0 0 -0.00119036 -0.00300467
10 8.77459 0 0 -0.00121792 0
10 8.76482 0 0 -0.00126661 0
10 8.74913 0 0 -0.00123573 0
10 8.73954 0 0 -0.00124206 -0.00337983
10 8.75272 0 0 -0.00105728 -0.00197828
10 8.787 0 0 -0.000681306 -0.00148811
10 8.79485 0 0 -0.00119937 0
10 8.80435 0 0 -0.00118563 0
10 8.79356 0 0 -0.0012063 0
10 8.7731 0 0 -0.00121623 -0.00134023
10 8.76214 0 0 -0.00123702 -0.00201894
10 8.77051 0 0 -0.00109513 -0.00417325
10 8.77089 0 0 -0.00121636 0
10 8.75908 0 0 -0.00124694 0
10 8.74841 0 0 -0.0012459 0
10 8.72494 0 0 -0.00125368 -0.00251268
10 8.73226 0 0 -0.00116153 -0.00235959
10 8.7288 0 0 -0.00125251 -0.00176738
10 8.72631 0 0 -0.00127543 0
10 8.73842 0 0 -0.00125034 0
10 8.7526 0 0 -0.0012707 0
10 8.72911 0 0 -0.00125126 -0.00234558
10 8.70072 0 0 -0.00128831 -0.000513163
10 8.70883 0 0 -0.00114534 -0.00448375
10 8.73605 0 0 -0.00128594 0
10 8.77614 0 0 -0.00120175 0
10 8.81351 0 0 -0.00118694 0
10 8.83317 0 0 -0.000856581 -0.00289379
10 8.82315 0 0 -0.0011863 -0.00128307
10 8.7855 0 0 -0.0011928 -0.000918725
10 8.71778 0 0 -0.00128114 -0.00256025
10 8.65829 0 0 -0.00134827 0
10 8.61303 0 0 -0.00139725 0
10 8.57575 0 0 -0.00140193 0
10 8.55194 0 0 -0.00142528 -0.00365863
10 8.5537 0 0 -0.00140152 -0.00284954
10 8.56588 0 0 -0.00124972 -0.00230121
10 8.59632 0 0 -0.00139529 0
10 8.65405 0 0 -0.0013458 0
10 8.74408 0 0 -0.001272 0
10 8.80558 0 0 -0.000250702 -0.00205813
10 8.83126 0 0 -0.000770542 -0.00441377
10 8.8592 0 0 -0.00114583 0
10 8.83942 0 0 -0.00114088 0
10 8.74072 0 0 -0.00125411 0
10 8.61269 0 0 -0.00138294 -0.00312102
10 8.52303 0 0 -0.0014705 -0.00255259
10 8.42939 0 0 -0.0015311 -0.00238894
10 8.33701 0 0 -0.00166586 0
10 8.29776 0 0 -0.00170929 0
10 8.2917 0 0 -0.00170831 0
10 8.30114 0 0 -0.00155427 -0.00202148
10 8.32343 0 0 -0.00131178 -0.0034408
10 8.37175 0 0 -0.000894092 -0.0028584
10 8.40536 0 0 -0.00161461 0
10 8.43866 0 0 -0.00153125 0
10 8.45447 0 0 -0.00155024 0
10 8.43816 0 0 -0.00155857 -0.00554868
10 8.4214 0 0 -0.00153794 -0.00331856
10 8.41749 0 0 -0.00157288 -0.00165061
10 8.42918 0 0 -0.00157216 0
10 8.4603 0 0 -0.00154172 0
10 8.52532 0 0 -0.00146998 0
10 8.58665 0 0 -0.000483096 -0.00263178
10 8.6514 0 0 -0.000359336 -0.00501789
10 8.68957 0 0 -0.000732514 -0.00100978
10 8.72395 0 0 -0.00127471 0
10 8.70077 0 0 -0.00131414 0
10 8.66899 0 0 -0.0013135 0
10 8.59836 0 0 -0.00138604 -0.00257363
10 8.53217 0 0 -0.00145812 -0.00316041
10 8.47849 0 0 -0.00149401 -0.00385182
10 8.43166 0 0 -0.00157174 0
10 8.42539 0 0 -0.00157538 0
10 8.42705 0 0 -0.00152693 0
10 8.45869 0 0 -0.00106228 0
10 8.49905 0 0 -0.000904779 -0.00246664
10 8.55368 0 0 -0.000585228 -0.00208118
10 8.60506 0 0 -0.000621143 -0.000970147
10 8.62977 0 0 -0.00137058 0
10 8.61664 0 0 -0.00139257 0
10 8.56439 0 0 -0.0014334 0
10 8.4851 0 0 -0.00150628 -0.00170886
10 8.3936 0 0 -0.00158956 -0.00328839
10 8.33311 0 0 -0.00165331 -0.00394995
10 8.31352 0 0 -0.00167438 0
10 8.31463 0 0 -0.00168318 0
10 8.33705 0 0 -0.00130989 -0.00268144
10 8.3691 0 0 -0.00116273 -0.00292506
10 8.3986 0 0 -0.00112137 -0.00311442
10 8.46166 0 0 -0.00153561 0
10 8.5229 0 0 -0.00147753 0
10 8.54779 0 0 -0.00145804 0
10 8.56849 0 0 -0.00110685 -0.00240685
10 8.59708 0 0 -0.000954501 -0.00287307
10 8.61108 0 0 -0.00115678 -0.00409505
10 8.60649 0 0 -0.0013942 0
10 8.62503 0 0 -0.0013816 0
10 8.64736 0 0 -0.0013674 0
10 8.64732 0 0 -0.00132739 -0.00119985
10 8.60612 0 0 -0.00138213 -0.00389698
10 8.54886 0 0 -0.00143246 -0.00518622
10 8.53545 0 0 -0.00145459 0
10 8.54017 0 0 -0.00145464 0
10 8.54214 0 0 -0.00146431 0
10 8.56813 0 0 -0.00102722 -0.0025299
10 8.59904 0 0 -0.000913399 -0.00402046
10 8.6122 0 0 -0.00118462 -0.0019629
10 8.62209 0 0 -0.00137225 0
10 8.62504 0 0 -0.00137484 0
10 8.59948 0 0 -0.00141973 0
10 8.5594 0 0 -0.00141226 0
10 8.52205 0 0 -0.00149333 -0.002638
10 8.47619 0 0 -0.00148193 -0.00235718
10 8.41422 0 0 -0.00159628 0
10 8.37121 0 0 -0.00161996 0
10 8.36315 0 0 -0.00163294 0
10 8.36693 0 0 -0.00158888 -0.00169126
10 8.3629 0 0 -0.00160559 -0.00358191
10 8.39254 0 0 -0.00113443 -0.00376239
10 8.46407 0 0 -0.00156547 0
10 8.53215 0 0 -0.0014554 0
10 8.59711 0 0 -0.0013978 0
10 8.65333 0 0 -0.00048179 -0.00344513
10 8.68094 0 0 -0.000915989 -0.00397347
10 8.68016 0 0 -0.00128665 -0.00163352
10 8.67347 0 0 -0.00131749 0
10 8.6532 0 0 -0.00137344 0
10 8.60043 0 0 -0.00139998 0
10 8.59405 0 0 -0.00136469 -0.00400571
10 8.60331 0 0 -0.00123333 -0.00377055
10 8.60709 0 0 -0.00140653 5.50135e-05
10 8.61287 0 0 -0.00139456 0
10 8.61952 0 0 -0.0013671 0
10 8.61056 0 0 -0.00141126 0
10 8.57807 0 0 -0.00138129 -0.0017338
10 8.55464 0 0 -0.00144798 -0.00293209
10 8.52855 0 0 -0.00144132 -0.00320344
10 8.5435 0 0 -0.00149197 0
10 8.56597 0 0 -0.00139402 0
10 8.59847 0 0 -0.00141404 0
10 8.62151 0 0 -0.00100685 -0.0037379
10 8.61724 0 0 -0.00137855 -0.000752381
10 8.59535 0 0 -0.00139605 -0.00385643
10 8.58289 0 0 -0.00141053 0
10 8.60149 0 0 -0.00139451 0
10 8.58502 0 0 -0.00142275 0
10 8.59431 0 0 -0.00125935 -0.00210814
10 8.61516 0 0 -0.00105038 -0.00322372
10 8.62312 0 0 -0.00124616 -0.00179586
10 8.63975 0 0 -0.00135402 0
10 8.64924 0 0 -0.00135187 0
10 8.63511 0 0 -0.00137213 0
10 8.58618 0 0 -0.00139563 0
10 8.54815 0 0 -0.00145489 -0.00297058
10 8.52043 0 0 -0.00146001 -0.00224689
10 8.51745 0 0 -0.00147153 0
10 8.52293 0 0 -0.00150145 0
10 8.55176 0 0 -0.00141718 0
10 8.59131 0 0 -0.000803254 -0.00279551
10 8.65332 0 0 -0.000397301 -0.00407579
10 8.67647 0 0 -0.000979117 -0.00266743
10 8.69403 0 0 -0.00130122 0
10 8.68187 0 0 -0.00131445 0
10 8.65296 0 0 -0.00135379 0
10 8.58686 0 0 -0.00140568 -0.00314307
10 8.50157 0 0 -0.00146546 -0.00530425
10 8.42808 0 0 -0.00154024 -0.00208515
10 8.33277 0 0 -0.00166189 0
10 8.27536 0 0 -0.00175819 0
10 8.25079 0 0 -0.00173248 0
10 8.24852 0 0 -0.00172209 -0.00356532
10 8.2477 0 0 -0.00177554 -0.00305731
10 8.25831 0 0 -0.00154584 -0.0049716
10 8.28775 0 0 -0.00170259 0
10 8.3106 0 0 -0.00167575 0
10 8.33673 0 0 -0.00168627 0
10 8.36663 0 0 -0.00115865 -0.00312256
10 8.3773 0 0 -0.00144643 -0.00256297
10 8.3728 0 0 -0.00161508 -0.00319066
10 8.37409 0 0 -0.00164791 0
10 8.36244 0 0 -0.00194363 0
10 8.33897 0 0 -0.00131313 0
10 8.31904 0 0 -0.00168092 0
10 8.3132 0 0 -0.00168208 -0.0043116
10 8.32451 0 0 -0.00147089 -0.00229639
10 8.33024 0 0 -0.00167531 0
10 8.35063 0 0 -0.00164158 0
10 8.39719 0 0 -0.00162223 0
10 8.40582 0 0 -0.00158924 0.000427711
10 8.43145 0 0 -0.00119997 -0.00212508
10 8.46861 0 0 -0.00152415 0.000692094
10 8.47318 0 0 -0.00151886 0
10 8.48399 0 0 -0.00150451 0
10 8.55227 0 0 -0.00147286 0
10 8.64747 0 0 0 -0.00230676
10 8.76868 0 0 0.000622086 -0.00392211
10 8.97367 0 0 -0.00024899 -0.000388255
10 9.20725 0 0 -0.000792206 0.000210375
10 9.39322 0 0 -0.000605233 0
10 9.57663 0 0 -0.000427222 0
10 9.73188 0 0 0.00207245 0
10 9.84319 0 0 0.000724032 -0.000441391
10 9.93821 0 0 0 0.00143907
10 10.0234 0 0 0 -0.00122413
10 10.087 0 0 0 0
10 10.1586 0 0 0.000160218 0
10 10.1989 0 0 0.000809782 -0.00207803
10 10.2048 0 0 0.000200392 0.000875348
10 10.2274 0 0 0.000219357 0.0031449
10 10.2627 0 0 0.000256532 0
10 10.256 0 0 0.000251988 0
10 10.2735 0 0 0.000274581 0
10 10.3559 0 0 0.000352763 0.00089267
10 10.4495 0 0 0.000451537 0.000575913
10 10.5239 0 0 0.0011397 -0.000315022
10 10.6935 0 0 0.000696296 0
10 10.9362 0 0 0.000926962 0
10 11.1594 0 0 0.00117875 0
10 11.3401 0 0 0.00131623 0.00170521
10 11.5372 0 0 0.00153205 0.000541174
10 11.7181 0 0 0.00170518 0.00263019
10 11.842 0 0 0.00186097 0
10 11.9506 0 0 0.00193247 0
10 12.0495 0 0 0.00208666 0
10 12.1149 0 0 0.00207138 0.00380981
10 12.1378 0 0 0.00211487 0.00341406
10 12.1405 0 0 0.00210714 0.00378807
10 12.1163 0 0 0.00216404 0
10 12.0655 0 0 0.00202406 0
10 12.0266 0 0 0.00203644 0
10 11.994 0 0 0.00146809 0
10 11.9404 0 0 0.00112839 0.00414806
10 11.8552 0 0 0.000571771 0.00243491
10 11.7558 0 0 0.000239682 0.00320956
10 11.6771 0 0 0.00167759 0
10 11.604 0 0 0.00161406 0
10 11.5393 0 0 0.000545815 0.00401827
10 11.5177 0 0 0.00116546 0.00360748
10 11.498 0 0 0.00120349 0.00135579
10 11.4882 0 0 0.00149994 0
10 11.4906 0 0 0.00147249 0
10 11.5053 0 0 0.00153841 0
10 11.4962 0 0 0.00134873 0.0028153
10 11.5145 0 0 0.00148108 0.00282904
10 11.5572 0 0 0.00153274 0.003156
10 11.5732 0 0 0.0015568 0
10 11.5783 0 0 0.00158206 0
10 11.5886 0 0 0.0016045 0
10 11.5642 0 0 0.00139278 0
10 11.5206 0 0 0.00170558 0
10 11.4476 0 0 0.000455996 0.00726188
10 11.4476 0 0 0.000682651 0.00726188
10 11.3726 0 0 0.00100846 -0.000424798
10 11.3025 0 0 0.00128182 0
10 11.2587 0 0 0.0012546 0
10 11.2586 0 0 0.00125677 0
10 11.2901 0 0 0.00127506 0.00427392
10 11.3406 0 0 0.00133221 0.000303509
10 11.4174 0 0 0.00141531 0.00410223
10 11.4735 0 0 0.00145552 0
10 11.518 0 0 0.00151735 0
10 11.5538 0 0 0.00155638 0
10 11.5956 0 0 0.00157733 0.00401057
10 11.5904 0 0 0.0014988 0.00216932
10 11.5861 0 0 0.00149845 0.00380451
10 11.5948 0 0 0.00160018 0
10 11.6121 0 0 0.00162773 0
10 11.5993 0 0 0.00159023 0
10 11.5784 0 0 0.00125996 0
10 11.5627 0 0 0.0013268 0.00159311
10 11.5657 0 0 0.00153019 0.00247985
10 11.5436 0 0 0.0015385 0
10 11.4959 0 0 0.00148988 0
10 11.4667 0 0 0.00148966 0
10 11.4522 0 0 0.00121068 0.00236109
10 11.4357 0 0 0.00117087 0.000756993
10 11.4453 0 0 0.00143182 0.00397486
10 11.4527 0 0 0.00146129 0
10 11.4489 0 0 0.00144004 0
10 11.4251 0 0 0.00105437 0
10 11.3992 0 0 0.00102778 0.00144183
10 11.365 0 0 0.00083156 0.00121987
10 11.326 0 0 0.000715264 0.00303241
10 11.3192 0 0 0.00132356 0
10 11.321 0 0 0.00133025 0
10 11.3519 0 0 0.00134604 0
10 11.3854 0 0 0.00136257 0.0032134
10 11.3963 0 0 0.0013799 0.0027692
10 11.3889 0 0 0.0012765 0.00348072
10 11.3903 0 0 0.00138337 0
10 11.3874 0 0 0.00138003 0
10 11.3878 0 0 0.00141861 0
10 11.3963 0 0 0.00134788 0.00369561
10 11.4357 0 0 0.00142776 0.00376597
10 11.4658 0 0 0.00145109 0.000598207
10 11.5084 0 0 0.00152874 0
10 11.5334 0 0 0.00152146 0
10 11.5389 0 0 0.00152356 0.00322493
10 11.5306 0 0 0.00139071 0.0013796
10 11.5225 0 0 0.00137626 0.0038231
10 11.4907 0 0 0.000999591 0.00368533
10 11.4176 0 0 0.000311449 0.00252875
10 11.3465 0 0 0.00134746 0
10 11.2845 0 0 0.00130132 0
10 11.2355 0 0 0.000470638 0.00208244
10 11.228 0 0 0.00110264 0.0026574
10 11.2641 0 0 0.00125882 0.000933026
10 11.3316 0 0 0.00132574 0
10 11.3985 0 0 0.00141338 0
10 11.4415 0 0 0.00143698 0
10 11.4684 0 0 0.00176412 -0.000149329
10 11.4596 0 0 0.0013159 0.00588994
10 11.4435 0 0 0.00117227 0.00231408
10 11.3933 0 0 0.00140371 0
10 11.3674 0 0 0.00135603 0
10 11.3812 0 0 0.00138399 0
10 11.4089 0 0 0.00138637 0.00229473
10 11.4236 0 0 0.00140285 0.00380781
10 11.4321 0 0 0.00142762 0.00239235
10 11.4247 0 0 0.00143717 0
10 11.3882 0 0 0.00136805 0
10 11.3186 0 0 0.00131807 0
10 11.2455 0 0 0.000139648 0.0024787
10 11.1805 0 0 0.000201972 0.00281648
10 11.1868 0 0 0.00117434 0.000619647
10 11.2228 0 0 0.00123908 0
10 11.2718 0 0 0.00124757 0
10 11.3423 0 0 0.00135405 0
10 11.4463 0 0 0.00144523 0.000587666
10 11.5262 0 0 0.00149354 0.0033865
10 11.5679 0 0 0.0015705 0.00371907
10 11.5878 0 0 0.00157162 0
10 11.5887 0 0 0.00158405 0
10 11.5792 0 0 0.00160885 0
10 11.5991 0 0 0.00155917 0.0023221
10 11.6333 0 0 0.00162421 0.00263395
10 11.6503 0 0 0.0016286 0.00315619
10 11.6482 0 0 0.0016686 0
10 11.6472 0 0 0.00164813 0
10 11.6085 0 0 0.00160088 0
10 11.5449 0 0 0.000567403 0.0026184
10 11.4828 0 0 0.000552769 0.00344705
10 11.4393 0 0 0.000760365 0.00127036
10 11.3964 0 0 0.00139469 0
10 11.3807 0 0 0.00137995 0
10 11.3873 0 0 0.00139275 0
10 11.386 0 0 0.00134748 0.00242587
10 11.4102 0 0 0.00139078 0.00332126
10 11.434 0 0 0.0014207 0.00253448
10 11.4362 0 0 0.001461 0
10 11.4405 0 0 0.00141495 0
10 11.4525 0 0 0.00145031 0
10 11.4546 0 0 0.00142881 0.0032091
10 11.4294 0 0 0.00106368 0.0030552
10 11.4181 0 0 0.00121731 0.00262043
10 11.4117 0 0 0.00140436 0
10 11.3983 0 0 0.00139298 0
10 11.3817 0 0 0.00140188 0
10 11.3726 0 0 0.00120243 0.00404219
10 11.3764 0 0 0.00137194 0.00147009
10 11.3623 0 0 0.00115499 0.00229853
10 11.3316 0 0 0.00132215 0
10 11.3292 0 0 0.00131962 0
10 11.3295 0 0 0.00132646 0
10 11.3184 0 0 0.00115545 0.00370822
10 11.3054 0 0 0.00108948 0.00227851
10 11.285 0 0 0.000960647 0.00304466
10 11.2697 0 0 0.00126108 0
10 11.2504 0 0 0.00126947 0
10 11.2488 0 0 0.00120976 0
10 11.2736 0 0 0.00128581 0.0018913
10 11.3423 0 0 0.00129143 0.00299568
10 11.4113 0 0 0.00142349 0.00149619
10 11.4494 0 0 0.00143696 0
10 11.4875 0 0 0.00150653 0
10 11.5067 0 0 0.00150396 0
10 11.5125 0 0 0.00147126 0.00260003
10 11.505 0 0 0.00138451 0.00375397
10 11.4816 0 0 0.00111571 0.00141186
10 11.4404 0 0 0.00146131 0
10 11.3961 0 0 0.00138576 0
10 11.3709 0 0 0.00123701 0.00224082
10 11.3194 0 0 0.000277265 0.004143
10 11.2879 0 0 0.00130392 0
10 11.2706 0 0 0.00125926 0
10 11.2412 0 0 0.00123937 0
10 11.2069 0 0 0.000689826 0.00360286
10 11.1524 0 0 0.000305606 0.00254853
10 11.0961 0 0 0.000241477 0.00236381
10 11.0629 0 0 0.00105715 0
10 11.0861 0 0 0.0010879 0
10 11.1549 0 0 0.00116542 0
10 11.1971 0 0 0.00116003 0.00630436
10 11.2389 0 0 0.00171086 -0.000231721
10 11.3064 0 0 0.00130951 0.00182625
10 11.3369 0 0 0.00132126 0
10 11.3037 0 0 0.00129773 0
10 11.2232 0 0 0 0
10 11.2023 0 0 0.000880926 0.0023028
10 11.1882 0 0 0.00097605 0.000452404
10 11.1885 0 0 0.00118529 0.0020808
10 11.23 0 0 0.00121914 0
10 11.315 0 0 0.00131599 0
10 11.4003 0 0 0.00140949 0
10 11.4756 0 0 0.00144258 0.00263939
10 11.5189 0 0 0.00151837 0.00383583
10 11.5182 0 0 0.0014735 0.00156577
10 11.4779 0 0 0.00149791 0
10 11.4446 0 0 0.00143213 0
10 11.3931 0 0 0.00138821 0
10 11.3148 0 0 0.000123643 0.00306296
10 11.2472 0 0 0.000221244 0.00401743
10 11.1971 0 0 0.00122016 -0.00223591
10 11.1717 0 0 0.00115968 0
10 11.1681 0 0 0.00116559 0
10 11.2129 0 0 0.00121679 0
10 11.2628 0 0 0.00130554 0
10 11.3048 0 0 0.00121803 0.00374702
10 11.3388 0 0 0.00133288 0.00119578
10 11.3701 0 0 0.00137514 0.00169194
10 11.378 0 0 0.00137119 0
10 11.403 0 0 0.00139524 0
10 11.4206 0 0 0.00139919 0.00380839
10 11.4275 0 0 0.00143116 0.00151444
10 11.4181 0 0 0.00138024 0.00267044
10 11.3859 0 0 0.00126852 0
10 11.3327 0 0 0.0013348 0
10 11.264 0 0 0.00125807 0
10 11.2162 0 0 0.000491128 0.00283563
10 11.1308 0 0 -0.000166997 0.00211434
10 11.0706 0 0 0.00026985 0.00256566
10 11.0314 0 0 0.000912621 0
10 11.0256 0 0 0.00103364 0
10 11.0478 0 0 0.00104262 0
10 11.1379 0 0 0.00118021 8.44982e-05
10 11.2743 0 0 0.0012418 0.00216831
10 11.3989 0 0 0.00137763 0.00222947
10 11.5353 0 0 0.00152564 0
10 11.6461 0 0 0.00164889 0
10 11.7056 0 0 0.00167233 0
10 11.7275 0 0 0.0017401 0
10 11.7156 0 0 0.00150623 0.00267826
10 11.6997 0 0 0.00144516 0.00215849
10 11.6485 0 0 0.00164813 0
10 11.5847 0 0 0.00159976 0
10 11.512 0 0 0.000390454 0
10 11.4473 0 0 0.000468431 0.00243269
10 11.3814 0 0 0.000359796 0.0042925
10 11.2717 0 0 0.00127706 -0.000252203
10 11.209 0 0 0.00121143 0
10 11.2205 0 0 0.00123085 0
10 11.2686 0 0 0.00126764 0
10 11.3092 0 0 0.00130271 0.00214345
10 11.3704 0 0 0.00133663 0.00294063
10 11.4476 0 0 0.00146985 0
10 11.4965 0 0 0.00146797 0
10 11.4781 0 0 0.00118318 0.00241133
10 11.443 0 0 0.000903735 0.000892156
10 11.4081 0 0 0.000864242 0.00412692
10 11.3712 0 0 0.00138496 0
10 11.3095 0 0 0.00130329 0
10 11.2771 0 0 0.000785282 0.00105838
10 11.2814 0 0 0.00126151 0.00224078
10 11.3056 0 0 0.001312 0.00109586
10 11.3332 0 0 0.00141292 0.000953485
10 11.3756 0 0 0.00129582 0
10 11.3807 0 0 0.0013784 0
10 11.364 0 0 0.00109218 0
10 11.3314 0 0 0.000852376 0.00238338
10 11.3014 0 0 0.000805473 0.00320823
10 11.2493 0 0 0.000468563 0.000816101
10 11.2189 0 0 0.00123058 0
10 11.2381 0 0 0.00124692 0
10 11.2619 0 0 0.001232 0.000773953
10 11.2729 0 0 0.00127314 0.00384208
10 11.2838 0 0 0.00125065 0.00282433
10 11.2956 0 0 0.00128246 0.00249837
10 11.2738 0 0 0.00129231 0
10 11.2322 0 0 0.00122373 0
10 11.2145 0 0 0.000958931 0
10 11.2127 0 0 0.00116901 0.00152779
10 11.2404 0 0 0.00122472 0.00157843
10 11.2618 0 0 0.00124156 0.0017806
10 11.3005 0 0 0.00132725 0
10 11.3124 0 0 0.00130153 0
10 11.2844 0 0 0.00127503 0
10 11.2384 0 0 0.000523233 0.0038779
10 11.2131 0 0 0.000833267 0.000482732
10 11.1901 0 0 0.000826539 0.00242934
10 11.1554 0 0 0.00116431 0
10 11.1573 0 0 0.00114847 0
10 11.1882 0 0 0.00118003 0.0013821
10 11.2122 0 0 0.00120136 0.00238464
10 11.2234 0 0 0.00122563 0.00280775
10 11.2114 0 0 0.00100194 0.00273097
10 11.1719 0 0 0.00119652 0
10 11.1337 0 0 0.00110767 0
10 11.1121 0 0 0.00112639 0
10 11.0653 0 0 0.00033423 0.00318325
10 11.0517 0 0 0.000851 0.00307499
10 11.0681 0 0 0.00129866 -0.000567167
10 11.1029 0 0 0.00110272 0
10 11.1005 0 0 0.00110112 0
10 11.1249 0 0 0.00114086 0
10 11.1191 0 0 0.00101219 0.0019094
10 11.104 0 0 0.000926171 0.00207271
10 11.0945 0 0 0.000878293 0.00209862
10 11.1141 0 0 0.00112579 0
10 11.1407 0 0 0.00113421 0
10 11.1531 0 0 0.00114912 0
10 11.2016 0 0 0.00118225 0
10 11.2214 0 0 0.0012236 0
10 11.2312 0 0 0.00140122 0.00218835
10 11.2131 0 0 0.0010592 0
10 11.1855 0 0 0.0011737 0
10 11.1399 0 0 0.00113311 0
10 11.0855 0 0 0.00120307 0
10 11.0543 0 0 0.000541052 0.00316491
10 11.036 0 0 0.000763709 0.0037507
10 11.0314 0 0 0.00103005 -0.000293374
10 11.059 0 0 0.000946467 0
10 11.1303 0 0 0.00113765 0
10 11.2147 0 0 0.00121275 0.00144302
10 11.2559 0 0 0.00124428 0.00214668
10 11.2658 0 0 0.00125138 0.00172131
10 11.2899 0 0 0.00130648 0
10 11.2747 0 0 0.00126538 0
10 11.2112 0 0 0.000234561 0
10 11.1396 0 0 0 0.00158385
10 11.096 0 0 0.000448932 0.0010909
10 11.0888 0 0 0.000968132 0.0018712
10 11.1062 0 0 0.00110485 0
10 11.1573 0 0 0.00115442 0
10 11.2273 0 0 0.00123105 0
10 11.315 0 0 0.00128918 0
10 11.4017 0 0 0.00138726 0.00365104
10 11.4509 0 0 0.00144467 0.00111542
10 11.4876 0 0 0.00149231 0
10 11.5105 0 0 0.00150967 0
10 11.5293 0 0 0.00151642 0
10 11.497 0 0 0.000998782 0.00290896
10 11.4163 0 0 0.000203474 0.00187011
10 11.3219 0 0 -0.000120506 0.00274078
10 11.2476 0 0 0.00124999 0
10 11.2015 0 0 0.00121863 0
10 11.1724 0 0 0.00115935 0
10 11.202 0 0 0.0011798 0.00420788
10 11.2526 0 0 0.0012742 0.000503155
10 11.28 0 0 0.00123257 0.00281632
10 11.2613 0 0 0.00126562 0
10 11.2291 0 0 0.00124125 0
10 11.1983 0 0 0.0011987 0
10 11.1574 0 0 0.000514578 0.00356575
10 11.1192 0 0 0.000547217 0.000925287
10 11.1182 0 0 0.00108158 0.00329466
10 11.1448 0 0 0.00115928 0
10 11.1739 0 0 0.00116051 0
10 11.1932 0 0 0.00120351 0
10 11.2085 0 0 0.00118284 0.00321057
10 11.2028 0 0 0.0011134 0.00104738
10 11.1782 0 0 0.000779998 0.00511411
10 11.1184 0 0 0.00111486 0
10 11.0328 0 0 0.00103864 0
10 10.9635 0 0 0 0.00244512
10 10.9169 0 0 0.00020474 0.00170343
10 10.8709 0 0 0.000164453 0.00214996
10 10.8681 0 0 0.000884291 -0.00069896
10 10.9282 0 0 0.000921218 0
10 11.015 0 0 0.00101201 0
10 11.1396 0 0 0.00114417 0
10 11.2925 0 0 0.00176253 -0.000245368
10 11.4324 0 0 0.00141249 0.0022
10 11.5133 0 0 0.00148707 0.00397964
10 11.5509 0 0 0.00155075 0
10 11.5244 0 0 0.00153776 0
10 11.4408 0 0 0.00147586 0
10 11.3569 0 0 0 0.00214017
10 11.2675 0 0 0 0.00325399
10 11.1877 0 0 0.00032284 0.000431849
10 11.1489 0 0 0.00114775 0
10 11.1366 0 0 0.00114387 0
10 11.1977 0 0 0.00120916 0
10 11.2519 0 0 0.00122164 0.00343537
10 11.2853 0 0 0.00125922 0.00224194
10 11.2801 0 0 0.00117612 0.00366904
10 11.2701 0 0 0.00128746 0
10 11.2106 0 0 0.00120186 0
10 11.0699 0 0 0.00106396 0
10 10.9905 0 0 -0.000207131 0.00257409
10 10.9444 0 0 0.000245747 0.00229133
10 10.9116 0 0 0.000603247 0.000151718
10 10.8946 0 0 0.000890452 0
10 10.9109 0 0 0.000912973 0
10 10.9534 0 0 0.00095234 0
10 10.966 0 0 0.000949483 0
10 11.0023 0 0 0.000990613 0.0031845
10 11.0475 0 0 0.00104565 0.0024751
10 11.0843 0 0 0.00106741 0
10 11.104 0 0 0.00110398 0
10 11.1211 0 0 0.00111718 0
10 11.1579 0 0 0.00115014 0
10 11.195 0 0 0.0011889 0.00285079
10 11.2328 0 0 0.00120485 0.000353928
10 11.2626 0 0 0.00126766 0
10 11.259 0 0 0.00127201 0
10 11.2516 0 0 0.00125562 0
10 11.2104 0 0 0.000568495 0.0011139
10 11.1512 0 0 0.000266528 0.00295184
10 11.0653 0 0 0.0010513 -0.000349934
10 10.9983 0 0 0.00101112 0
10 10.957 0 0 0.000941228 0
10 10.9303 0 0 0.000934823 0
10 10.8965 0 0 0.000379831 0.00267361
10 10.8948 0 0 0.000867181 0.000695976
10 10.9031 0 0 0.000904008 0.0020007
10 10.9159 0 0 0.000909112 0
10 10.9226 0 0 0.000913458 0
10 10.9275 0 0 0.000923022 0
10 10.9205 0 0 0.000827652 0.000596275
10 10.8975 0 0 0.000535876 0.0016682
