forceTarget forceNow zdd para_Bcommand_velactual_vel
10 0 0 0 -nan 0
10 0 0 0 -0.0098087 0
10 0 0 0 -0.0100658 -0.0232561
10 0 0 0 -0.00990442 -0.0181166
10 0 0 0 -0.00982909 -0.0195848
10 0 0 0 -nan -0.0194723
10 0 0 0 -nan 0
10 0 0 0 -0.00978515 -0.0198091
10 0 0 0 -nan 0
10 0 0 0 -0.00979578 -0.0201703
10 0 0 0 -0.00974417 -0.0219893
10 0 0 0 -nan 0
10 0 0 0 -nan 0
10 0 0 0 -nan 0
10 0 0 0 -0.00983465 -0.0189496
10 0 0 0 -0.00980957 -0.0197391
10 0 0 0 -0.0101982 -0.0186231
10 0 0 0 -nan 0
10 0 0 0 -0.00982785 0
10 0 0 0 -0.00983884 -0.0201744
10 0 0 0 -0.00992849 -0.0198397
10 0 0 0 -0.0100601 -0.0219804
10 0 0 0 -0.00981578 -0.0201567
10 0 0 0 -nan 0
10 0 0 0 -nan 0
10 0 0 0 -0.00997023 -0.0183376
10 0 0 0 -0.00994115 -0.0212433
10 0 0 0 -0.0100899 -0.0172136
10 0 0 0 -0.00974561 -0.0194386
10 0 0 0 -nan 0
10 0 0 0 -nan 0
10 0 0 0 -nan 0
10 0 0 0 -0.00985227 -0.0186867
10 0 0 0 -0.00989252 -0.0182335
10 0 0 0 -0.009786 -0.0206898
10 0 0 0 -nan 0
10 0 0 0 -nan 0
10 0 0 0 -0.0098343 -0.0111053
10 1.57781 0 0 0.00628882 -0.00732018
10 2.427 0 0 0.00518642 -0.011302
10 3.66741 0 0 -0.00304452 -0.00164196
10 5.15237 0 0 -0.00479813 0
10 6.45483 0 0 -0.00355942 0
10 7.61842 0 0 -0.00239306 0
10 8.65861 0 0 0.00562233 -0.00346899
10 9.5802 0 0 0.00691511 -0.00368095
10 10.3139 0 0 0.000293409 0.00477906
10 10.9178 0 0 0.000901357 0
10 11.4623 0 0 0.00146146 0
10 11.8744 0 0 0.00811175 0
10 12.0613 0 0 0.00203559 0.0010736
10 12.0057 0 0 0.0011863 0.00496286
10 11.8311 0 0 0.001826 -0.00128253
10 11.6268 0 0 0.00161209 0
10 11.4935 0 0 -0.000294136 0.00258842
10 11.3085 0 0 0.00132068 0.00256474
10 11.3085 0 0 0.00110828 0.00256474
10 10.9386 0 0 0.000935891 -0.00229731
10 10.7948 0 0 0.000790155 0.00314715
10 10.6331 0 0 0.000643869 0
10 10.4755 0 0 0.000471208 0
10 10.0152 0 0 -0.00476941 0.00239022
10 9.81962 0 0 -0.000848254 0.000338746
10 9.56413 0 0 -0.000432284 -0.00316846
10 9.33323 0 0 -0.00119565 0.000270634
10 9.33365 0 0 -0.000657023 0
10 9.44372 0 0 -0.000559316 0
10 9.48776 0 0 0.000165242 -0.00314607
10 9.53635 0 0 0.000262651 -0.000764253
10 9.72179 0 0 -0.000281237 0.00130324
10 9.79129 0 0 -0.000208128 0.0015282
10 9.70905 0 0 -0.000296284 0
10 9.64291 0 0 -0.000355046 0
10 9.65135 0 0 -0.00034413 0.000190849
10 9.62311 0 0 -0.00080671 0.00142732
10 9.49712 0 0 -0.00241018 0.00181162
10 9.49776 0 0 -0.000493681 -0.000712575
10 9.51969 0 0 -0.000481558 0
10 9.45675 0 0 -0.000552748 0
10 9.43771 0 0 -0.000588393 1.47048e-05
10 9.50261 0 0 -0.000479282 0.000180571
10 9.50261 0 0 -0.000488409 -0.00130477
10 9.56489 0 0 0.000152177 -0.000291435
10 9.64833 0 0 -0.000348741 0
10 9.82269 0 0 0 -0.000118485
10 9.89659 0 0 -0.000105335 0.000358089
10 10.0677 0 0 0.00117235 -0.000544403
10 10.2224 0 0 0.00254775 -0.00136681
10 10.2707 0 0 0.000269315 2.83154e-05
10 10.2813 0 0 0.000286568 0
10 10.341 0 0 0.000337576 0
10 10.3698 0 0 0.000809958 -0.00212767
10 10.3211 0 0 0.00032378 -0.000763929
10 10.2538 0 0 -0.00076071 0.00200052
10 10.2614 0 0 0.000258688 -0.00230034
10 10.265 0 0 0.000264215 0
10 10.1993 0 0 0.000203393 0
10 10.2315 0 0 0.000249058 0
10 10.2692 0 0 0.000438834 -8.49929e-05
10 10.2707 0 0 0.000261948 0.00109612
10 10.1612 0 0 0.000170748 -0.00126096
10 10.1705 0 0 0.000166936 0
10 10.2441 0 0 0.000246207 0
10 10.2204 0 0 0.000221718 -0.000638442
10 10.1119 0 0 0.000115027 -8.52948e-05
10 10.1242 0 0 0.000111891 0.00223648
10 10.0975 0 0 0.000101139 -0.000831113
10 10.0087 0 0 0 0
10 9.83605 0 0 -0.000162944 0
10 9.83551 0 0 -0.000176147 0
10 9.78128 0 0 -0.000207711 -0.00198247
10 9.7659 0 0 -0.000472265 0.000814233
10 9.78325 0 0 0 -0.000908915
10 9.86785 0 0 -0.000131236 0
10 9.87994 0 0 -0.000119523 0
10 9.89138 0 0 0 -0.000819936
10 9.88988 0 0 -0.000139914 0.0011911
10 9.89702 0 0 0 -0.000169087
10 9.92274 0 0 0 -0.000363195
10 9.93784 0 0 0 0
10 9.93854 0 0 0 0
10 9.93555 0 0 -0.000110879 0.000196975
10 9.92931 0 0 -0.000164491 0.00018713
10 9.93388 0 0 0 0.000445894
10 9.93929 0 0 0 -0.000914671
10 9.95126 0 0 0 0
10 9.9724 0 0 0 0
10 9.99745 0 0 0.000379311 0
10 9.97437 0 0 -0.000377441 0.00108468
10 9.95342 0 0 -0.000362012 0.000248013
10 9.92172 0 0 0 0
10 9.88783 0 0 -0.000114394 0
10 9.83942 0 0 -0.000159055 0
10 9.81046 0 0 -0.000179918 -0.00178399
10 9.80574 0 0 -0.00019423 -0.000381025
10 9.78847 0 0 -0.000207305 -0.000626722
10 9.78274 0 0 -0.000215014 0.000723783
10 9.79265 0 0 -0.000207654 0
10 9.78882 0 0 -0.000214147 0
10 9.78369 0 0 -0.000298372 0.00143163
10 9.79321 0 0 -0.000207085 0.000355729
10 9.81308 0 0 0.000121987 -0.00271819
10 9.82241 0 0 -0.000176911 0
10 9.84161 0 0 -0.000158855 0
10 9.86934 0 0 0.000285532 -0.000371726
10 9.8825 0 0 -0.000116579 0
10 9.90569 0 0 0.000263553 -0.00187562
10 9.96733 0 0 0 0.00099538
10 10.0576 0 0 0.00141667 -0.00106138
10 10.1394 0 0 0.000142747 0
10 10.2354 0 0 0.00023283 0
10 10.2991 0 0 0.000294146 0.000415725
10 10.3115 0 0 0.00049982 -0.000313505
10 10.2754 0 0 -0.000265574 0.000740681
10 10.2427 0 0 -0.000252852 0.000749388
10 10.1898 0 0 0.000186339 0
10 10.1257 0 0 0.000128294 0
10 10.1096 0 0 -0.000137449 0.00110846
10 10.0976 0 0 0.000102738 -0.00129507
10 10.0618 0 0 -0.000478816 0.00121038
10 10.0399 0 0 0 0.000248657
10 10.0394 0 0 0 0
10 10.0522 0 0 0 0
10 10.0658 0 0 0 0
10 10.0929 0 0 0.000289854 -0.000101021
10 10.1179 0 0 0.000291206 -8.38068e-05
10 10.1359 0 0 0.000133343 0.000169115
10 10.1231 0 0 0.000122435 0.000296296
10 10.0905 0 0 0 0
10 10.0525 0 0 -0.000518727 0
10 10.0567 0 0 0.000128637 -0.00193016
10 10.0502 0 0 0 0.00102582
10 10.0618 0 0 0.000234757 -8.46959e-05
10 10.0878 0 0 0 0
10 10.1005 0 0 0.000100022 0
10 10.1061 0 0 0.000106384 0
10 10.1039 0 0 0.000109033 -0.000904644
10 10.1197 0 0 0.000362526 -0.00136105
10 10.1041 0 0 -0.000129773 0.000254503
10 10.0979 0 0 0 0
10 10.0962 0 0 0 0
10 10.1272 0 0 0.000128618 0
10 10.1113 0 0 -0.00012833 0.000770821
10 10.1083 0 0 0 0.00110817
10 10.1233 0 0 0.00036048 -0.00209119
10 10.1427 0 0 0.000137485 0
10 10.1589 0 0 0.00016282 0
10 10.1703 0 0 0.000164815 0.000758492
10 10.1695 0 0 0.000154148 0.000300878
10 10.1524 0 0 -0.000104435 0.000893449
10 10.1386 0 0 0.000134769 0
10 10.1195 0 0 0.000120955 0
10 10.1338 0 0 0.000110537 0
10 10.1338 0 0 0.000500424 -0.00215808
10 10.1441 0 0 0.000139237 0.000892549
10 10.1474 0 0 0.000142937 0.000127286
10 10.1424 0 0 0.000142556 0
10 10.1286 0 0 0.000129919 0
10 10.0561 0 0 0 0
10 10.01 0 0 -0.000688764 0.0015474
10 9.90766 0 0 0 -0.00170701
10 9.82869 0 0 -0.00135863 0.00071797
10 9.75057 0 0 -0.000253396 -0.000533167
10 9.71255 0 0 -0.000283609 0
10 9.70503 0 0 -0.000293173 0
10 9.71026 0 0 -0.000299127 0
10 9.73066 0 0 -0.000269544 0.000622486
10 9.74469 0 0 0 -0.0025945
10 9.76399 0 0 -0.000232868 0
10 9.77593 0 0 -0.000224889 0
10 9.84819 0 0 -0.0001519 0
10 9.90987 0 0 0 0
10 9.93915 0 0 0.000386515 0
10 10.0155 0 0 0 0.000807871
10 10.0896 0 0 0 0.000271916
10 10.1276 0 0 0.000128412 0
10 10.1439 0 0 0.000141582 0
10 10.1538 0 0 0.000152167 0
10 10.1539 0 0 0.000150877 0.000347645
10 10.1541 0 0 0.000160859 -0.000985537
10 10.1496 0 0 0 0.000271313
10 10.1435 0 0 0.000145532 0
10 10.1345 0 0 0.000131593 0
10 10.1455 0 0 0.000146634 0
10 10.1386 0 0 0 0.000922133
10 10.1144 0 0 -0.000251781 0.000703881
10 10.122 0 0 0.000122246 0
10 10.123 0 0 0.000122502 0
10 10.1103 0 0 0.000111444 0
10 10.0851 0 0 0 0
10 10.1107 0 0 0.000497762 -0.000799194
10 10.1052 0 0 0 0.000909181
10 10.086 0 0 0 -0.000182053
10 10.093 0 0 0 0
10 10.0948 0 0 0 0
10 10.086 0 0 0 -0.000580548
10 10.0641 0 0 0 -0.000637568
10 10.0622 0 0 0 0.00193494
10 10.0664 0 0 0 0
10 10.0637 0 0 0 0
10 10.0839 0 0 0 0
10 10.1259 0 0 0.000712945 0
10 10.171 0 0 0.000167913 0
10 10.178 0 0 0.000287006 -0.000256582
10 10.1789 0 0 0.00017819 0.000113098
10 10.172 0 0 0.000170018 0
10 10.1476 0 0 0.000146984 0
10 10.0899 0 0 0 0
10 10.0391 0 0 -0.000727165 0.000822316
10 10.0037 0 0 0 -0.0004482
10 10.0041 0 0 0 0.000619777
10 10.0085 0 0 0 0
10 10.0136 0 0 0 0
10 10.0169 0 0 0 -0.0019884
10 10.0049 0 0 -0.000182285 0.00128364
10 9.99449 0 0 -0.00016734 0.00115295
10 9.93042 0 0 -0.000646558 0.000284274
10 9.88146 0 0 -0.000117976 0
10 9.86119 0 0 -0.000137724 0
10 9.86571 0 0 -0.00014179 0.00108314
10 9.89238 0 0 -0.000112689 0.00144728
10 9.91517 0 0 0.000261189 -0.000905243
10 9.97214 0 0 0.000829974 -0.000629217
10 9.97214 0 0 -nan 0
10 9.98545 0 0 0 0
10 9.96821 0 0 0 -0.00162411
10 9.94563 0 0 0 -0.000207832
10 9.92241 0 0 -0.000428744 0.000271914
10 9.87303 0 0 -0.000300652 8.77785e-05
10 9.83638 0 0 -0.000162715 0
10 9.81331 0 0 -0.000191383 0
10 9.78895 0 0 -0.000204613 -0.000915015
10 9.76738 0 0 -0.000226165 -0.00080301
10 9.76498 0 0 -0.000269442 0.000258953
10 9.74876 0 0 -0.000257981 -0.000187517
10 9.71559 0 0 -0.000276293 0
10 9.70711 0 0 -0.00029223 0
10 9.71693 0 0 -0.00013091 -0.00101025
10 9.73092 0 0 0 -0.0021259
10 9.74159 0 0 -0.000266548 0.00228503
10 9.74861 0 0 -0.000253389 0
10 9.76083 0 0 -0.00023905 0
10 9.8055 0 0 -0.000217246 0
10 9.8055 0 0 0.000167575 0
10 9.82616 0 0 0.000141759 -0.00129448
10 9.87838 0 0 -0.000128389 0.00166226
10 9.91049 0 0 0 0
10 9.96773 0 0 0 0
10 9.95852 0 0 0 0
10 9.94246 0 0 0 0
10 9.94987 0 0 0 0.00124768
10 9.96621 0 0 0 0.00202002
10 9.97234 0 0 0 0
10 9.96954 0 0 0 0
10 9.98141 0 0 0 0
10 10.0148 0 0 0 0
10 10.0053 0 0 0 -0.000453032
10 10.0034 0 0 0 -0.000365694
10 10.0396 0 0 0 0.00209452
10 10.0781 0 0 0 0
10 10.107 0 0 0.000107137 0
10 10.1368 0 0 0.000593117 -0.00166339
10 10.1662 0 0 0.000156519 0.00182703
10 10.1781 0 0 0.000167666 0.00164961
10 10.1813 0 0 0.000182372 0.000548923
10 10.1794 0 0 0.000175041 0
10 10.167 0 0 0.000168695 0
10 10.1485 0 0 0.000153156 -0.00117538
10 10.1804 0 0 0.000670046 -0.00118199
10 10.2138 0 0 0.000208822 8.44009e-05
10 10.2204 0 0 0.000207539 0.00256411
10 10.2135 0 0 0.000212205 0
10 10.2154 0 0 0.000216796 0
10 10.2063 0 0 0 0.00244715
10 10.1757 0 0 0.000186522 -0.00246468
10 10.1633 0 0 0 0.000854673
10 10.1443 0 0 0.000145382 -0.000101629
10 10.132 0 0 0.000132047 0
10 10.1099 0 0 0.000109017 0
10 10.0999 0 0 0.000106705 0
10 10.0598 0 0 -0.000552248 0.00200018
10 10.0459 0 0 0 -0.00140621
10 10.0236 0 0 -0.000312719 0.000242298
10 10.0075 0 0 0 0
10 9.98416 0 0 0 0
10 9.97789 0 0 0 0
10 9.9678 0 0 -0.00018552 0.000440706
10 9.96706 0 0 0 2.56153e-05
10 9.97481 0 0 0 0.000271021
10 9.97481 0 0 0 0
10 9.95266 0 0 0 0
10 9.93504 0 0 -0.000334688 0.00118083
10 9.90932 0 0 0 -0.000254085
10 9.89759 0 0 -0.000101897 -0.000113688
10 9.90979 0 0 0 0
10 9.91935 0 0 0 0
10 9.92988 0 0 0 0
10 9.91698 0 0 0 0
10 9.91643 0 0 0 -0.000736133
10 9.91231 0 0 0 -9.61659e-05
10 9.90857 0 0 -0.000151117 0.00082773
10 9.88291 0 0 -0.000118862 0
10 9.88441 0 0 -0.000112374 0
10 9.89557 0 0 -0.000105572 0
10 9.87403 0 0 -0.000455116 0.00143342
10 9.82566 0 0 -0.000172332 -0.000354833
10 9.81033 0 0 -0.00042326 0.000181461
10 9.79519 0 0 -0.000203846 0
10 9.78076 0 0 -0.00021737 0
10 9.79791 0 0 -0.000202344 0
10 9.83709 0 0 0.000430296 -0.0014817
10 9.88126 0 0 -0.000124107 0.00119314
10 9.93543 0 0 0 0.000909829
10 9.97785 0 0 0 0
10 10.0098 0 0 0 0
10 10.0413 0 0 0 0.000363204
10 10.0503 0 0 0.000191688 -0.0014605
10 10.0777 0 0 0 0.000295706
10 10.0843 0 0 0 0.00136198
10 10.0752 0 0 0 0
10 10.0955 0 0 0 0
10 10.139 0 0 0.000136095 0.000367776
10 10.1237 0 0 0.000133233 -0.0020315
10 10.1203 0 0 0 0.00157386
10 10.1464 0 0 0.000147444 0.00035821
10 10.1215 0 0 0.000119449 0
10 10.0725 0 0 0 0
10 10.0373 0 0 0 -0.000722593
10 10.0554 0 0 0 0.000186321
10 10.0598 0 0 0.000126929 -0.000168219
10 10.0716 0 0 0.000250329 -0.000313507
10 10.0829 0 0 0 0
10 10.0965 0 0 0 0
10 10.0905 0 0 0 0
10 10.0603 0 0 -0.000398021 0.00109272
10 10.0459 0 0 0 -0.00100803
10 10.0312 0 0 0 0
10 10.0276 0 0 0 0
10 9.9963 0 0 0 0
10 10.0035 0 0 0 -1.75239e-05
10 10.0423 0 0 0 0.00135573
10 10.0528 0 0 0.000212676 -0.000541461
10 10.0513 0 0 0 0.000548335
10 10.0821 0 0 0 0
10 10.0987 0 0 0 0
10 10.0669 0 0 0 -0.00138638
10 10.034 0 0 -0.000464162 0.000842917
10 10.0301 0 0 0 -0.0010838
10 10.0267 0 0 0 -0.00018632
10 10.0449 0 0 0 0
10 10.0845 0 0 0 0
10 10.1471 0 0 0.000148301 0
10 10.1825 0 0 0.00071899 -0.000898037
10 10.1878 0 0 0.000178085 0.00155033
10 10.1819 0 0 0.000194969 -0.000809059
10 10.1819 0 0 0.000180421 0
10 10.1566 0 0 0.000155128 0
10 10.1063 0 0 0.000117094 -0.00164958
10 10.0856 0 0 -0.000235465 0.00201705
10 10.0935 0 0 0 0.000897771
10 10.0892 0 0 0 -0.00027073
10 10.0813 0 0 0 0
10 10.0835 0 0 0 0
10 10.1046 0 0 0 0
10 10.1215 0 0 0.000375292 -0.000199565
10 10.1234 0 0 0.000161774 -0.00146476
10 10.1109 0 0 0 0.000145607
10 10.1105 0 0 0.000109883 0
10 10.1092 0 0 0.000109166 0
10 10.0872 0 0 -0.000248155 0.00149462
10 10.079 0 0 0 0.000252605
10 10.0916 0 0 0.000257005 -8.35107e-05
10 10.1124 0 0 0.000111579 0.000101925
10 10.1101 0 0 0.000110233 0
10 10.14 0 0 0.000140309 0
10 10.1749 0 0 0.000174745 0
10 10.1732 0 0 0.000143664 0.00100318
10 10.1454 0 0 0.000153836 -0.0015237
10 10.0983 0 0 0.000101484 -0.000806972
10 10.0983 0 0 -nan 0
10 10.02 0 0 0 0
10 9.96812 0 0 0 0
10 9.93514 0 0 0 -0.000246436
10 9.91281 0 0 -0.000432902 0.00208062
10 9.90713 0 0 0 -0.0010864
10 9.91691 0 0 0 0
10 9.89825 0 0 -0.000102031 0
10 9.86142 0 0 -0.00068784 0.000270418
10 9.84846 0 0 -0.000144454 -0.000714193
10 9.83759 0 0 -0.00032735 0.000254058
10 9.78975 0 0 -0.000933557 0.00124829
10 9.74141 0 0 -0.000266557 0
10 9.74915 0 0 -0.000245884 0
10 9.78491 0 0 -0.000221152 0.00118544
10 9.82145 0 0 0.000313642 -0.000246318
10 9.8948 0 0 0.000999223 -0.000736738
10 9.97203 0 0 0.00108535 -0.000547104
10 10.0317 0 0 0 0
10 10.0568 0 0 0 0
10 10.0397 0 0 -0.000226121 0.00209206
10 9.98478 0 0 0 -0.00197899
10 9.92745 0 0 -0.000940717 0.00180119
10 9.8675 0 0 -0.000129709 -0.000626129
10 9.79728 0 0 -0.000205126 0
10 9.78012 0 0 -0.000215836 0
10 9.79489 0 0 -0.000218767 0.00228353
10 9.8275 0 0 0.000325917 -0.00156065
10 9.83904 0 0 0 -0.000180263
10 9.94736 0 0 0 0.000790066
10 9.99647 0 0 0 0
10 10.0389 0 0 0 0
10 10.0576 0 0 0 0
10 10.0448 0 0 -0.000151787 0.000982752
10 10.0219 0 0 0 -0.000169691
10 9.97245 0 0 -0.000773455 0.000796154
10 9.95731 0 0 0 0
10 9.95013 0 0 0 0
10 9.93571 0 0 0 -0.000680419
10 9.94914 0 0 0 -1.23523e-05
10 9.9869 0 0 0.000559028 -0.00116697
10 9.99955 0 0 0 0.0007386
10 10.0118 0 0 0 0
10 10.0508 0 0 0 0
10 10.0649 0 0 0 0.0011036
10 10.0637 0 0 0 0.000709665
10 10.0688 0 0 0.000150477 -0.000988747
10 10.0716 0 0 0.000118226 -0.000807594
10 10.0772 0 0 0 0
10 10.0662 0 0 0 0
10 10.0505 0 0 0 0
10 10.0567 0 0 0 0.000655411
10 10.0615 0 0 0 0.00190871
10 10.056 0 0 0 -0.00173814
10 10.0594 0 0 0 0
10 10.0776 0 0 0 0
10 10.0864 0 0 0 0
10 10.0718 0 0 0 -0.00110537
10 10.0563 0 0 -0.000181686 0.00121358
10 10.0632 0 0 0 0.000625848
10 10.0609 0 0 0 -0.000903455
10 10.0609 0 0 -nan 0
10 10.0569 0 0 0 0.00036718
10 10.0611 0 0 0 0.00134448
10 10.054 0 0 0 -0.000621277
10 10.0549 0 0 0 -0.000723802
10 10.0303 0 0 0 0
10 10.0222 0 0 0 0
10 10.0145 0 0 0 0
10 10.0007 0 0 0 -0.000480513
10 9.98433 0 0 -0.000262433 0.000280658
10 9.98176 0 0 0 0.00154196
10 9.97184 0 0 0 0
10 9.97976 0 0 0 0
10 9.98463 0 0 0 0.000595991
10 9.99113 0 0 0 0.00064567
10 9.98463 0 0 0 -0.00143375
10 9.9944 0 0 0 -0.00100196
10 10.0028 0 0 0 0
10 10.011 0 0 0 0
10 10.0205 0 0 0.000164324 -0.000353042
10 10.0275 0 0 0.000133827 -9.88393e-05
10 10.0316 0 0 0 -0.000186014
10 9.99496 0 0 0 0.00100805
10 9.98314 0 0 0 0
10 10.0247 0 0 0 0
10 10.0247 0 0 0 0.000814477
10 10.0613 0 0 0.000621924 -0.00229042
10 10.1084 0 0 0.0001017 0.00120432
10 10.1594 0 0 0.00092834 -0.000623763
10 10.1755 0 0 0.000174516 0
10 10.1529 0 0 0.000157322 0
10 10.0957 0 0 0 -0.000809909
10 10.0635 0 0 -0.000433146 0.00262375
10 10.0658 0 0 0.000102005 -0.000541739
10 10.071 0 0 0 0.00171741
10 10.0634 0 0 0 0
10 10.0593 0 0 0 0
10 10.0473 0 0 0 0
10 10.0022 0 0 -0.000680981 0.00153567
10 9.94413 0 0 0 -0.00235532
10 9.92354 0 0 -0.000386087 0.000186321
10 9.9248 0 0 0 0
10 9.94546 0 0 0 0
10 9.98109 0 0 0 0
10 10.0205 0 0 0 0.00017913
10 10.044 0 0 0.000210092 -8.50047e-05
10 10.0377 0 0 0 -0.000637896
10 10.0389 0 0 0 0
10 10.005 0 0 0 0
10 10.005 0 0 0 0
10 9.98955 0 0 0 -0.0018974
10 9.95381 0 0 -0.000584437 0.000458161
10 9.93972 0 0 0 -0.000104515
10 9.90803 0 0 0 0
10 9.92506 0 0 0 0
10 9.96112 0 0 0 0
10 9.98941 0 0 0 0.00174387
10 10.0123 0 0 0.00036479 -0.00180358
10 10.0554 0 0 0 0
10 10.0621 0 0 0 0
10 10.0436 0 0 0 0
10 10.051 0 0 0 0
10 10.051 0 0 0 0.00035941
10 10.0527 0 0 0 -0.00134097
10 10.0433 0 0 0 -0.000537761
10 10.0432 0 0 0 0
10 10.0589 0 0 0 0
10 10.0705 0 0 0.000247121 0
10 10.085 0 0 0 0.000174855
10 10.103 0 0 0 0.000903457
10 10.128 0 0 0.000508981 -0.000880225
10 10.1207 0 0 0.00011985 0
10 10.0971 0 0 0 0
10 10.0683 0 0 0 0
10 10.0305 0 0 -0.000545835 0.00172884
10 10.0175 0 0 0 -0.00128358
10 10.0131 0 0 0 0
10 10.0546 0 0 0 0
10 10.0727 0 0 0 0
10 10.105 0 0 0 0.000627037
10 10.1169 0 0 0.000300044 -0.000542045
10 10.1197 0 0 0.000165894 -0.00100228
10 10.1086 0 0 0 0.00101892
10 10.1127 0 0 0.000115411 0
10 10.1113 0 0 0.000110688 0
10 10.0904 0 0 0 -0.000537767
10 10.0769 0 0 0 -0.00156088
10 10.0824 0 0 0 0.0017481
10 10.0693 0 0 -0.000130227 0.000350547
10 10.0596 0 0 0 0
10 10.0668 0 0 0 0
10 10.0881 0 0 0 0
10 10.0986 0 0 0.000265865 -0.00215985
10 10.1103 0 0 0.000285862 -0.000180033
10 10.1398 0 0 0.000156102 -6.29014e-06
10 10.1423 0 0 0.000139589 0
10 10.0606 0 0 0 0
10 10.0442 0 0 0 -0.00080549
10 10.0324 0 0 0 -0.00018722
10 10.0014 0 0 -0.000466524 0.000630715
10 9.98418 0 0 0 -0.000524501
10 10.0089 0 0 0 0
10 10.0293 0 0 0 0
10 10.0305 0 0 0 0.000995022
10 10.0426 0 0 0.0002335 -0.00197893
10 10.0596 0 0 0 0.00133814
10 10.0643 0 0 0.000138866 -0.00106713
10 10.0736 0 0 0 0
10 10.0847 0 0 0 0
10 10.0776 0 0 0 0
10 10.0517 0 0 0 -0.000639311
10 10.0423 0 0 0 -0.000812747
10 10.0275 0 0 -0.000202105 0.00151322
10 10.0101 0 0 0 0
10 10.0066 0 0 0 0
10 10.0019 0 0 0 0
10 9.9759 0 0 -0.000420714 0.00137166
10 9.96813 0 0 0 -0.00171911
10 9.96411 0 0 0 0.000633324
10 9.97103 0 0 0 0
10 10.0025 0 0 0 0
10 10.0425 0 0 0 0
10 10.0683 0 0 0.000461452 -0.00107033
10 10.0794 0 0 0.000252118 -0.00127752
10 10.0721 0 0 0 0.00137945
10 10.0494 0 0 0 0
10 10.0402 0 0 0 0
10 10.0298 0 0 -0.000131721 0
10 10.0352 0 0 0 0.000536256
10 10.0364 0 0 0 -0.00207038
10 10.0541 0 0 0 0.00173401
10 10.0465 0 0 0 0
10 10.0306 0 0 0 0
10 10.0227 0 0 0 0
10 10.0227 0 0 0 0.000453957
10 10.0235 0 0 0 0.00100598
10 10.0244 0 0 0 -0.00207998
10 10.0244 0 0 0 0
10 10.0114 0 0 0 0
10 9.99404 0 0 -0.000267175 0.000259235
10 9.97081 0 0 -0.000380611 0.00072289
10 9.97219 0 0 0 -0.000351169
10 9.9526 0 0 0 -0.000186291
10 9.95816 0 0 0 0
10 9.98254 0 0 0 0
10 9.99494 0 0 0.000191275 0
10 9.98971 0 0 0 0.00162931
10 9.97707 0 0 0 -0.00115751
10 9.99342 0 0 0 0
10 9.98345 0 0 0 0
10 9.97463 0 0 0 0
10 9.9791 0 0 0 0.000801819
10 9.98719 0 0 0.000109087 -0.00013065
10 9.98001 0 0 0 -0.00018882
10 9.96285 0 0 0 -0.00146753
10 9.96141 0 0 0 0
10 9.95916 0 0 0 0
10 9.95673 0 0 0 0
10 9.96773 0 0 0 0.00145754
10 9.99089 0 0 0.000341617 -0.000637892
10 9.98597 0 0 0 0.00026263
10 9.96778 0 0 0 0
10 9.9818 0 0 0 0
10 9.98534 0 0 0 0
10 9.97067 0 0 -0.000254333 0.000989617
10 9.96492 0 0 0 -0.000362598
10 9.9702 0 0 0 0.00100567
10 9.94735 0 0 0 0
10 9.92684 0 0 0 0
10 9.92261 0 0 -0.000141935 0.000537461
10 9.913 0 0 -0.000232594 0.000367774
10 9.91694 0 0 0 -0.000269229
10 9.93721 0 0 0.000247332 -0.000994803
10 9.96512 0 0 0 0
10 9.96352 0 0 0 0
10 9.957 0 0 -0.0001435 0.0006376
10 9.93096 0 0 0 -0.00116667
10 9.89206 0 0 -0.000306864 0.000101039
10 9.85499 0 0 -0.000140886 -0.000553204
10 9.85409 0 0 -0.000145494 0
10 9.8909 0 0 -0.000109591 0
10 9.91698 0 0 0 0.00183107
10 9.96547 0 0 0.000698646 -0.0011073
10 9.99295 0 0 0 0.00127211
10 9.98074 0 0 0 -0.000532297
10 9.91751 0 0 0 -0.00199236
10 9.91751 0 0 -nan 0
10 9.87586 0 0 -0.000126376 0
10 9.79754 0 0 -0.000405329 0.00010134
10 9.73521 0 0 -0.00120022 0.000904033
10 9.66624 0 0 -0.000649061 0.00015485
10 9.61933 0 0 -0.000376476 -0.00184435
10 9.65582 0 0 -0.000348127 0
10 9.70712 0 0 -0.000289973 0
10 9.75272 0 0 0.000439147 -0.00047577
10 9.78936 0 0 -0.000217385 0.000554107
10 9.82133 0 0 0.00031163 -0.00188475
10 9.85204 0 0 -0.000150099 0
10 9.85737 0 0 -0.000142349 0
10 9.88954 0 0 -0.000109427 0
10 9.95025 0 0 0.000866602 -0.00109123
10 10.0146 0 0 0 0.00118859
10 10.0559 0 0 0.000575702 -0.000266753
10 10.0715 0 0 0 0
10 10.1133 0 0 0.000113996 0
10 10.1077 0 0 0 0.00174458
10 10.1022 0 0 0.00011465 -0.00245144
10 10.1032 0 0 0.000100064 0.000339096
10 10.1041 0 0 0.000103204 0.0005698
10 10.1035 0 0 0.00010575 0
10 10.1058 0 0 0.000105599 0
10 10.1324 0 0 0.000131478 0
10 10.155 0 0 0.00015224 0.000170313
10 10.1925 0 0 0.000194662 0.000203513
10 10.2062 0 0 0.000419473 -0.00154916
10 10.2097 0 0 0.000208412 0
10 10.1777 0 0 0.000176164 0
10 10.1424 0 0 0.000144756 0
10 10.1227 0 0 0.000131235 -0.00191482
10 10.1253 0 0 0.000111933 0.00264409
10 10.1166 0 0 0.000125559 -0.00144729
10 10.1334 0 0 0.000133334 0
10 10.1427 0 0 0.000144632 0
10 10.1623 0 0 0.000155652 0.000283374
10 10.179 0 0 0.000436013 -0.000523616
10 10.1845 0 0 0.00018046 0.000548631
10 10.1721 0 0 0.000206857 -0.0011484
10 10.1721 0 0 0.000171824 0
10 10.1476 0 0 0.000149574 0
10 10.1001 0 0 0 0
10 10.0688 0 0 -0.000405836 0.000807245
10 10.0575 0 0 0 -0.000281557
10 10.0339 0 0 0 0
10 10.005 0 0 0 0
10 9.98696 0 0 0 0
10 9.97523 0 0 0 0
10 9.96092 0 0 -0.000255344 0.000438606
10 9.96074 0 0 0 -0.000540245
10 9.9401 0 0 0 0.00129273
10 9.9401 0 0 0 0
10 9.9363 0 0 0 0
10 9.90895 0 0 0 0
10 9.87587 0 0 -0.00063004 0.00200793
10 9.85919 0 0 -0.000139706 -0.000738909
10 9.86281 0 0 0 -0.000180852
10 9.85252 0 0 -0.000148101 0
10 9.8539 0 0 -0.000149141 0
10 9.86915 0 0 -0.000129237 0
10 9.8731 0 0 -0.000128017 0.00052599
10 9.8781 0 0 0 -0.000621848
10 9.8732 0 0 -0.000127147 0
10 9.89064 0 0 -0.000109486 0
10 9.89283 0 0 -0.000109179 0
10 9.873 0 0 -0.00011893 -0.00107978
10 9.84547 0 0 -0.000570788 0.000724665
10 9.84652 0 0 -0.000135772 -0.000395881
10 9.8602 0 0 -0.000140753 0
10 9.87965 0 0 -0.000121314 0
10 9.88483 0 0 -0.000116505 0
10 9.88975 0 0 -0.000107651 0
10 9.90326 0 0 0.000110258 -0.000916402
10 9.89465 0 0 -0.000104589 -0.000180048
10 9.87012 0 0 -0.000503886 0.000892588
10 9.86112 0 0 -0.000137584 0
10 9.85898 0 0 -0.0001398 0
10 9.85266 0 0 -0.000248216 0.00126028
10 9.83877 0 0 -0.00015875 -0.000530796
10 9.85822 0 0 0.00014856 -0.000457644
10 9.85957 0 0 -0.000117958 -0.000277604
10 9.87312 0 0 -0.000124796 0
10 9.90056 0 0 0 0
10 9.93295 0 0 0 0
10 9.95076 0 0 0 0.000383492
10 9.9622 0 0 0.000135291 -0.000197168
10 9.96649 0 0 0 -0.000888331
10 9.9847 0 0 0 0
10 9.98553 0 0 0 0
10 9.95696 0 0 -0.000407032 0
10 9.94549 0 0 -0.00022948 0.000455825
10 9.95496 0 0 0 0.000322204
10 9.95877 0 0 0 -0.00129023
10 9.95866 0 0 0 0
10 9.98768 0 0 0 0
10 10.0357 0 0 0.000766329 -0.00217199
10 10.0721 0 0 0.000624594 -0.00138124
10 10.1244 0 0 0.000914917 -0.00126492
10 10.216 0 0 0.000219126 0.000198396
10 10.3339 0 0 0.000329513 0
10 10.4385 0 0 0.000434958 0
10 10.5126 0 0 0.00161557 -0.00054895
10 10.6145 0 0 0.000624084 0.000548355
10 10.65 0 0 0.000627967 0.00164804
10 10.5741 0 0 -0.000564604 0.000905379
10 10.4504 0 0 0.000456154 0
10 10.3109 0 0 0.000310801 0
10 10.1526 0 0 0.000150553 0
10 9.99378 0 0 -0.0023992 0.00209694
10 9.86697 0 0 -0.00104633 0.000457963
10 9.72364 0 0 -0.000217447 -0.00226413
10 9.72364 0 0 -0.000275256 0
10 9.73704 0 0 -0.000260121 0
10 9.74439 0 0 -0.000269348 0.0019149
10 9.75208 0 0 -0.000126934 -0.00115783
10 9.77188 0 0 0 -0.00254643
10 9.8433 0 0 -0.000174139 0.0028166
10 9.82823 0 0 -0.000172602 0
10 9.83073 0 0 -0.000165774 0
10 9.84102 0 0 0 -0.00175243
10 9.86085 0 0 -0.000146727 0.000994811
10 9.87877 0 0 0.000156664 -0.00164383
10 9.88475 0 0 -0.00012046 0.00110268
10 9.94547 0 0 0 0
10 9.96033 0 0 0 0
10 10.0396 0 0 0 0
10 10.1068 0 0 0 0.00191893
10 10.1325 0 0 0.000134098 7.54183e-05
10 10.1405 0 0 0.000138291 0.000212518
10 10.148 0 0 0.000147475 0
10 10.1465 0 0 0.000145247 0
10 10.0984 0 0 0 1.51265e-05
10 10.0659 0 0 -0.000273733 0.000169705
10 10.0721 0 0 0.000169684 -0.000621869
10 10.0643 0 0 0 0.000994204
10 10.0643 0 0 0 0
10 10.076 0 0 0 0
10 10.0959 0 0 0.000399427 -0.00100444
10 10.0898 0 0 0 -0.000439834
10 10.0798 0 0 0 0.00152809
10 10.0779 0 0 0 -0.00235434
10 10.0857 0 0 0 0
10 10.0868 0 0 0 0
10 10.1001 0 0 0.000101708 0
10 10.1287 0 0 0.000561549 -0.00100079
10 10.1393 0 0 0.000302467 -0.00109459
10 10.1257 0 0 0.000127771 0
10 10.1114 0 0 0.000109816 0
10 10.1022 0 0 0.000102791 0
10 10.1058 0 0 0.000103018 0.000446175
10 10.1068 0 0 0.0001237 -0.000110198
10 10.1066 0 0 0 0.000713919
10 10.0853 0 0 0 -4.99177e-05
10 10.0672 0 0 0 0
10 10.0637 0 0 0 0
10 10.0589 0 0 0 0.000835939
10 10.0501 0 0 0 7.11397e-05
10 10.0277 0 0 -0.000315076 0.00126641
10 9.98992 0 0 0 -0.00089288
10 9.94771 0 0 0 0
10 9.92555 0 0 0 0
10 9.87915 0 0 -0.000818312 0.000462819
10 9.87368 0 0 -0.000212407 0.000531373
10 9.87888 0 0 -0.000124071 0.000522316
10 9.91647 0 0 0 0
10 9.93454 0 0 0 0
10 9.96663 0 0 0 0
10 9.98333 0 0 0 0.000458229
10 10.0462 0 0 0.000738402 -0.000346842
10 10.0707 0 0 0.000446527 -0.00137715
10 10.1039 0 0 0 0.00101996
10 10.0994 0 0 0 0
10 10.0723 0 0 0 0
10 10.0356 0 0 0 0
10 9.93656 0 0 -0.00155584 0.00125974
10 9.90447 0 0 0 -0.000355414
10 9.86239 0 0 -0.000770691 0.000407128
10 9.89495 0 0 -0.000106475 0
10 9.94553 0 0 0 0
10 9.97866 0 0 0.000486853 0
10 10.055 0 0 0 7.32211e-05
10 10.1246 0 0 0.000117359 0.00153796
10 10.1751 0 0 0.000339081 -8.32022e-05
10 10.1923 0 0 0.000194372 0
10 10.1878 0 0 0.000188217 0
10 10.1645 0 0 0.000167931 0
10 10.1661 0 0 0.000160282 0.00108976
10 10.1597 0 0 0 0.000985258
10 10.1598 0 0 0.000172388 -0.00216517
10 10.1461 0 0 0.000146935 0
10 10.1392 0 0 0.000139312 0
10 10.1221 0 0 0.000127918 0
10 10.11 0 0 0 0.000360285
10 10.1026 0 0 0.0001069 -0.000360591
10 10.0749 0 0 0 -0.000168776
10 10.0768 0 0 0 0
10 10.0674 0 0 0 0
10 10.0643 0 0 0 0
10 10.0645 0 0 0 -0.00126461
10 10.0847 0 0 0 0.0015162
10 10.0788 0 0 0 -0.00108609
10 10.0548 0 0 0 0
10 10.0492 0 0 0 0
10 10.0471 0 0 0 0.00137684
10 10.0334 0 0 0 -0.00208486
10 10.0355 0 0 0 0.000457937
10 10.0662 0 0 0 0.000793533
10 10.0821 0 0 0 0
10 10.0838 0 0 0 0
10 10.0734 0 0 0 -0.00339281
10 10.0605 0 0 -0.000146745 0.0026493
10 10.0328 0 0 0 -9.6463e-05
10 10.0282 0 0 0 0
10 10.0318 0 0 0 0
10 10.052 0 0 0 0
10 10.0761 0 0 0 0
10 10.0947 0 0 0.000249326 -7.49584e-05
10 10.09 0 0 0 0.00126635
10 10.0787 0 0 0 0.000191799
10 10.0532 0 0 0 0
10 10.0525 0 0 0 0
10 10.0709 0 0 0 0.000360581
10 10.0686 0 0 0 -0.000727464
10 10.0923 0 0 0 0.000923767
10 10.1085 0 0 0.000110236 0
10 10.1205 0 0 0.000120421 0
10 10.1087 0 0 0.000108092 0
10 10.1197 0 0 0.000119174 0
10 10.1283 0 0 0.000126885 0.000189712
10 10.1149 0 0 0.000121833 -0.00161573
10 10.1009 0 0 -0.000119826 0.00189881
10 10.0975 0 0 0 0
10 10.0765 0 0 0 0
10 10.0595 0 0 0 0
10 10.0615 0 0 0 -8.4096e-05
10 10.0785 0 0 0 9.30765e-05
10 10.0866 0 0 0 0.000812455
10 10.0921 0 0 0 0
10 10.1018 0 0 0.000101956 0
10 10.1185 0 0 0.000382604 0
10 10.1062 0 0 0 0.00105824
10 10.09 0 0 -0.000154912 0.000332154
10 10.0857 0 0 0 0
10 10.0805 0 0 0 0
10 10.055 0 0 0 0
10 10.0136 0 0 -0.000625393 0.00354817
10 9.98288 0 0 0 -0.00235074
10 9.93366 0 0 -0.00080798 0.000802091
10 9.88465 0 0 -0.000308926 9.67681e-05
10 9.85082 0 0 -0.000148287 0
10 9.81295 0 0 -0.000190207 0
10 9.81524 0 0 -0.000144298 -0.00083228
10 9.82853 0 0 -0.000176787 0.00128445
10 9.84635 0 0 0.000114809 -0.000839998
10 9.85304 0 0 0 -0.00027911
10 9.90486 0 0 0 0
10 9.9287 0 0 0 0
10 9.9457 0 0 0.000203514 0
10 9.97089 0 0 0.000352534 -0.00074322
10 9.97469 0 0 0 0.00100846
10 9.9593 0 0 -0.000275467 0.000639102
10 9.95471 0 0 0 0
10 9.96242 0 0 0 0
10 9.96746 0 0 0 0
10 9.98689 0 0 0 0.000151281
10 10.0415 0 0 0 0.00127666
10 10.0861 0 0 0.00075944 -0.000904631
10 10.1349 0 0 0.000133685 0
10 10.1627 0 0 0.000162446 0
10 10.1771 0 0 0.00016939 0
10 10.1746 0 0 0.000135569 0.00054583
10 10.1678 0 0 0.000170569 -0.000833782
10 10.1655 0 0 0.000167385 -0.000350245
10 10.0918 0 0 0 0
10 10.0652 0 0 0 0
10 10.0428 0 0 -0.000301977 0
10 10.017 0 0 0 -0.00100287
10 9.99295 0 0 0 -0.00151441
10 10.0047 0 0 0 0.00124577
10 10.0144 0 0 0 0
10 10.0189 0 0 0 0
10 10.0365 0 0 0 0
10 10.0599 0 0 0.000414188 -0.000722588
10 10.075 0 0 0 0.0006351
10 10.0714 0 0 0 -0.00187877
10 10.0704 0 0 0 0
10 10.0489 0 0 0 0
10 10.017 0 0 0 0
10 10.0076 0 0 -0.000133873 0.000207258
10 10 0 0 0 -0.000202376
10 10.0001 0 0 0 -9.73469e-05
10 10.0059 0 0 0 0
10 10.0033 0 0 0 0
10 10.0124 0 0 0 0
10 10.0136 0 0 0 -0.000723479
10 10.0105 0 0 0 0.000829095
10 10.0112 0 0 0 -0.000271909
10 10.0153 0 0 0 0
10 10.0383 0 0 0 0
10 10.0455 0 0 0 0
10 10.0646 0 0 0.000358752 -0.0015222
10 10.1016 0 0 0.00010136 0.00016539
10 10.1191 0 0 0.000382774 -0.000186016
10 10.065 0 0 0 0
