forceTarget forceNow zdd para_Bcommand_velactual_vel
10 0 0 0 0 0
10 0 0 0 0.000121713 -0.0244815
10 0 0 0 0 -0.00711931
10 0 0 0 -0.00990947 0.00351048
10 0 0 0 -0.0102029 0
10 0 0 0 -0.00994434 0
10 0 0 0 0 -0.0162659
10 0 0 0 0.000129559 -0.0259068
10 0 0 0 0 -0.00897232
10 0 0 0 -0.00993825 0.00142227
10 0 0 0 -0.0102096 0
10 0 0 0 -0.00989176 0
10 0 0 0 0 0
10 0 0 0 0.000122193 -0.0246732
10 0 0 0 0 -0.00650214
10 0 0 0 -0.00986694 0.00295444
10 0 0 0 -0.00997673 0
10 0 0 0 -0.00989209 0
10 0 0 0 0.000100032 0
10 0 0 0 -0.0101227 0
10 0 0 0 0 -0.0141364
10 0 0 0 -0.00983244 0
10 0 0 0 -0.0102492 0
10 0 0 0 -0.00987684 0
10 0 0 0 0.000107632 -0.021616
10 0 0 0 0.00011258 -0.0227384
10 0 0 0 0 -0.00765021
10 0 0 0 -0.0100644 0.00135132
10 0 0 0 -0.00989868 0
10 0 0 0 -0.0101786 0
10 0 0 0 0 -0.0179382
10 0 0 0 0.000130561 -0.0264711
10 0 0 0 0 -0.00934927
10 0 0 0 -0.0101816 0.00261047
10 0 0 0 -0.00997767 0
10 0 0 0 -0.00989898 0
10 0 0 0 0 -0.0195065
10 0 0 0 0.00010511 -0.0208376
10 0 0 0 0 -0.0101115
10 0 0 0 -0.00998608 0.00179238
10 0 0 0 -0.00989254 0
10 0 0 0 -0.0100407 0
10 0 0 0 0 0
10 0 0 0 0.00011888 -0.0239344
10 0 0 0 0 -0.00753575
10 0 0 0 -0.0100078 0.0021016
10 0 0 0 -0.00990308 0
10 0 0 0 -0.00992937 0
10 0 0 0 -0.0101947 0
10 0 0 0 0.000119582 -0.0241794
10 0 0 0 0 -0.0164704
10 0 0 0 -0.00994309 -0.00794815
10 0 0 0 -0.00995424 0
10 0 0 0 -0.0100781 0
10 0 0 0 0 0
10 0 0 0 0.000124664 -0.0248665
10 0 0 0 0 -0.0153797
10 0 0 0 -0.0101024 0
10 0 0 0 -0.00999144 0
10 0 0 0 -0.0100127 0
10 0 0 0 0.0001096 -0.0216171
10 0 0 0 0.000101237 -0.0204474
10 0 0 0 0 -0.00671806
10 0 0 0 -0.00998878 0.0031426
10 0 0 0 -0.00997276 0
10 0 0 0 -0.0100956 0
10 0 0 0 0 -0.0167929
10 0 0 0 0.000120337 -0.0238122
10 0 0 0 0 -0.0113155
10 0 0 0 -0.00987629 0.00142322
10 0 0 0 -0.00997986 0
10 0 0 0 -0.0101561 0
10 0 0 0 -0.00994219 0
10 0 0 0 0.000128196 -0.0258402
10 0 0 0 0 -0.0178792
10 0 0 0 0 -0.00563774
10 0 0 0 -0.00992297 0
10 0 0 0 -0.00992764 0
10 0 0 0 -0.00455472 0
10 0 0 0 0.00010753 -0.0219229
10 0 0 0 0 -0.0186409
10 0 0 0 -0.00740764 -0.0013228
10 0 0 0 -0.00988816 0
10 0 0 0 -0.00984217 0
10 0 0 0 0 0
10 0 0 0 0.000128638 -0.0258148
10 0 0 0 0 -0.00744715
10 0 0 0 -0.0100164 0
10 0 0 0 -0.00993663 0
10 0 0 0 -0.0101932 0
10 0 0 0 -0.00992985 0
10 0 0 0 0.000103764 -0.0208716
10 0 0 0 0 -0.0187946
10 0 0 0 0 -0.010501
10 0 0 0 -0.0100172 0
10 0 0 0 -0.0100108 0
10 0 0 0 -0.00758213 0
10 0 0 0 0 -0.0195755
10 0 0 0 0.000101868 -0.0204001
10 0 0 0 -0.0100205 0
10 0 0 0 -0.00998671 0
10 0 0 0 -0.0101409 0
10 0 0 0 0 0
10 0 0 0 0.000131566 -0.0264992
10 0 0 0 0 -0.0114667
10 0 0 0 -0.00998826 0.00391903
10 0 0 0 -0.010052 0
10 0 0 0 -0.00996785 0
10 0 0 0 0 0
10 0 0 0 0.000106591 -0.0212404
10 0 0 0 0 -0.00864652
10 0 0 0 -0.0100995 0.00220271
10 0 0 0 -0.00993145 0
10 0 0 0 -0.00998675 0
10 0 0 0 0 0
10 0 0 0 0.000122072 -0.0245395
10 0 0 0 0 -0.00922659
10 0 0 0 -0.00999815 0.00201869
10 0 0 0 -0.00984313 0
10 0 0 0 -0.00997553 0
10 0 0 0 -0.0102247 0
10 0 0 0 0.000106928 -0.0218321
10 0 0 0 0 -0.0161854
10 0 0 0 -0.00984568 -0.0106968
10 0 0 0 -0.0101291 0
10 0 0 0 -0.00994999 0
10 0 0 0 0 0
10 0 0 0 0.000119343 -0.0241094
10 0 0 0 0 -0.0152293
10 0 0 0 -0.00990346 0.00329674
10 0 0 0 -0.00990722 0
10 0 0 0 -0.010026 0
10 0 0 0 0.000101824 -0.0201889
10 0 0 0 0.00011412 -0.0230087
10 0 0 0 0 -0.00772656
10 0 0 0 -0.00983096 0
10 0 0 0 -0.00998684 0
10 0 0 0 -0.0100519 0
10 0 0 0 0 0
10 0 0 0 0.000106734 -0.021882
10 0 0 0 0 -0.00977079
10 0 0 0 -0.0100478 0
10 0 0 0 -0.0101025 0
10 0 0 0 -0.00987236 0
10 0 0 0 0 0
10 0 0 0 0.000125385 -0.0244184
10 0 0 0 0 -0.00686715
10 0 0 0 -0.00993621 0.00302553
10 0 0 0 -0.0101321 0
10 0 0 0 -0.00971462 0
10 0 0 0 0.000102331 0
10 0 0 0 0.000117136 -0.0235958
10 0 0 0 0 -0.00870648
10 0 0 0 -0.00968816 0.00484164
10 0 0 0 -0.0100948 0
10 0 0 0 -0.009981 0
10 0 0 0 0 -0.0193359
10 0 0 0 0.000114229 -0.0226529
10 0 0 0 0 -0.00730249
10 0 0 0 -0.00989627 0.000847092
10 0 0 0 -0.0102751 0
10 0 0 0 -0.00987611 0
10 0 0 0 0.000102186 0
10 0 0 0 0.000107247 -0.0210702
10 0 0 0 0 -0.0110298
10 0 0 0 -0.00988108 0.00642082
10 0 0 0 -0.0100475 0
10 0 0 0 -0.00985466 0
10 0 0 0 0.000102279 -0.0201419
10 0 0 0 0.000126146 -0.0254348
10 0 0 0 0 -0.0151371
10 0 0 0 -0.00996129 0.00339551
10 0 0 0 -0.0101637 0
10 0 0 0 -0.0098069 0
10 0 0 0 0 -0.0167836
10 0 0 0 0.000116751 -0.0235053
10 0 0 0 0 -0.00803382
10 0 0 0 -0.0099046 0.00269791
10 0 0 0 -0.0102778 0
10 0 0 0 -0.00986046 0
10 0 0 0 0 -0.0197197
10 0 0 0 0.000115872 -0.0233895
10 0 0 0 0 -0.00816768
10 0 0 0 -0.00972239 0.00411329
10 0 0 0 -0.010059 0
10 0 0 0 -0.00992701 0
10 0 0 0 0 -0.0188098
10 0 0 0 0.000115719 -0.0234606
10 0 0 0 0 -0.00515953
10 0 0 0 -0.00986512 0.00183145
10 0 0 0 -0.00999936 0
10 0 0 0 -0.0101276 0
10 0 0 0 0.00010355 -0.0208537
10 0 0 0 0.00011572 -0.0232356
10 0 0 0 0 -0.00802859
10 0 0 0 -0.0100436 0.00293762
10 0 0 0 -0.010045 0
10 0 0 0 -0.00991703 0
10 0 0 0 0 0
10 0 0 0 0.000112436 -0.0228582
10 0 0 0 0 -0.0068659
10 0 0 0 -0.00992719 0
10 0 0 0 -0.0101936 0
10 0 0 0 -0.00983825 0
10 0 0 0 -0.0102626 0
10 0 0 0 0.000112015 -0.0229205
10 0 0 0 0 -0.0191323
10 0 0 0 0 -0.0105421
10 0 0 0 -0.0102493 0
10 0 0 0 -0.00976121 0
10 0 0 0 -0.0074877 -0.00128631
10 0 0 0 0.000117308 -0.023701
10 0 0 0 0.000105063 -0.0205843
10 0 0 0 -0.00979718 -0.00536021
10 0 0 0 -0.0100855 0
10 0 0 0 -0.00990977 0
10 0 0 0 0 -0.0164
10 0 0 0 0.00012439 -0.0243336
10 0 0 0 -0.00983592 0
10 0 0 0 -0.0100196 0
10 0 0 0 -0.00993104 5.45005e-05
10 0 0 0 0 -0.0178646
10 0 0 0 0.000150991 -0.0298748
10 0 0 0 -0.0099571 -0.00973089
10 0 0 0 -0.0102409 0
10 0 0 0 -0.00968339 0
10 0 0 0 0 -0.0129466
10 0 0 0 0.000134436 -0.0267843
10 0 0 0 0 -0.0114719
10 0 0 0 -0.00976681 0.00388877
10 0 0 0 -0.0100752 0
10 0 0 0 -0.00992406 0
10 0 0 0 0 -0.0177764
10 0 0 0 0.000119387 -0.0239103
10 0 0 0 0 -0.00633212
10 0 0 0 -0.00996609 0.000908259
10 0 0 0 -0.0100574 0
10 0 0 0 -0.0100764 0
10 0 0 0 0 -0.0167657
10 0 0 0 0.000125699 -0.0253684
10 0 0 0 0 -0.0116074
10 0 0 0 -0.0100748 0
10 0 0 0 -0.00994943 0
10 0 0 0 -0.00994733 0
10 0 0 0 -0.0101556 0
10 0 0 0 0.000121031 -0.0241342
10 0 0 0 0 -0.0167991
10 0 0 0 -0.00999446 0
10 0 0 0 -0.0101555 0
10 0 0 0 -0.00991274 0
10 0 0 0 0 0
10 0 0 0 0.000121235 -0.0239055
10 0 0 0 0 -0.0131266
10 0 0 0 -0.00983064 0.00265967
10 0 0 0 -0.00997212 0
10 0 0 0 -0.0100198 0
10 0 0 0 0 0
10 0 0 0 0 -0.0188611
10 0 0 0 0 -0.00632688
10 0 0 0 -0.009697 0.00128795
10 0 0 0 -0.0101262 0
10 0 0 0 -0.00990657 0
10 0 0 0 0 0
10 0 0 0 0.000105858 -0.0216355
10 0 0 0 0 -0.0113146
10 0 0 0 -0.010201 0.00405236
10 0 0 0 -0.00993824 0
10 0 0 0 -0.00978952 0
10 0 0 0 0 -0.0172583
10 0 0 0 0.000126131 -0.0252459
10 0 0 0 0 -0.00816068
10 0 0 0 -0.00997177 0.00164522
10 0 0 0 -0.0101169 0
10 0 0 0 -0.00991257 0
10 0 0 0 -0.0101006 0
10 0 0 0 0.000120654 -0.0244398
10 0 0 0 0 -0.0155285
10 0 0 0 0 -0.00775046
10 0 0 0 -0.009958 0
10 0 0 0 -0.0098931 0
10 0 0 0 -0.010005 0.00227168
10 0 0 0 0 -0.0176771
10 0 0 0 0.000127149 -0.0256905
10 0 0 0 0 -0.00944944
10 0 0 0 -0.0102211 0
10 0 0 0 -0.0100063 0
10 0 0 0 -0.00983517 0.00251627
10 0 0 0 0 -0.0196786
10 0 0 0 0.000121061 -0.0236558
10 0 0 0 -0.00985815 0
10 0 0 0 -0.00996095 0
10 0 0 0 -0.00990463 0
10 0 0 0 0 -0.0140063
10 0 0 0 0.000117987 -0.023833
10 0 0 0 0 -0.0134139
10 0 0 0 -0.0099581 0.00427121
10 0 0 0 -0.0100076 0
10 0 0 0 -0.0101222 0
10 0 0 0 0 -0.0192784
10 0 0 0 0.000123261 -0.024646
10 0 0 0 0 -0.00750429
10 0 0 0 -0.00995048 0.00360255
10 0 0 0 -0.00997157 0
10 0 0 0 -0.00992751 0
10 0 0 0 -0.0100298 0
10 0 0 0 0.000123051 -0.0244871
10 0 0 0 0 -0.0178956
10 0 0 0 -0.0099848 -0.00717713
10 0 0 0 -0.0101518 0
10 0 0 0 -0.00991066 0
10 0 0 0 0 -0.0158131
10 0 0 0 0.000130538 -0.0263306
10 0 0 0 0 -0.0132172
10 0 0 0 -0.00988002 0.00429304
10 0 0 0 -0.0102442 0
10 0 0 0 -0.00996548 0
10 0 0 0 0 -0.0194748
10 0 0 0 0.000112413 -0.0227034
10 0 0 0 -0.000419451 -0.00477743
10 0 0 0 -0.010191 0.00404468
10 0 0 0 -0.0100137 0
10 0 0 0 -0.00984339 0
10 0 0 0 0.000103655 -0.0203999
10 0 0 0 0.000114028 -0.0228494
10 0 0 0 0 -0.00859445
10 0 0 0 -0.00988985 0.00574528
10 0 0 0 -0.0102132 0
10 0 0 0 -0.0098913 0
10 0 0 0 0.000100705 -0.0202086
10 0 0 0 0.000122251 -0.024742
10 0 0 0 0 -0.00628949
10 0 0 0 -0.0098817 0.00612289
10 0 0 0 -0.0100118 0
10 0 0 0 -0.00989802 0
10 0 0 0 -0.010205 0
10 0 0 0 0.000108587 -0.0219391
10 0 0 0 0 -0.0187947
10 0 0 0 0 -0.00822303
10 0 0 0 -0.00998585 0
10 0 0 0 -0.00986006 0
10 0 0 0 -0.00903148 0
10 0 0 0 0.000117816 -0.0233017
10 0 0 0 0.000115131 -0.0234245
10 0 0 0 0 -0.00690034
10 0 0 0 -0.00997687 0
10 0 0 0 -0.0101394 0
10 0 0 0 -0.00845603 -0.000745425
10 0 0 0 0.000108894 -0.0218987
10 0 0 0 0 -0.0189823
10 0 0 0 0 -0.00713845
10 0 0 0 -0.00996703 0
10 0 0 0 -0.00992823 0
10 0 0 0 -0.000786778 -0.00459358
10 0 0 0 0.000100589 -0.0198905
10 0 0 0 0 -0.00846018
10 0 0 0 -0.0100259 0.00367221
10 0 0 0 -0.0100775 0
10 0 0 0 -0.00998441 0
10 1.80951 0 0 0.00913809 -0.0182903
10 2.18478 0 0 0.00195251 -0.0150536
10 2.60481 0 0 0.00102379 -0.00419734
10 3.10092 0 0 -0.00680231 0.00600602
10 3.51539 0 0 -0.00651396 0
10 3.81855 0 0 -0.00612805 0
10 4.11766 0 0 0.00156205 0
10 4.38464 0 0 0.00138136 -0.00931876
10 4.56869 0 0 -0.00461546 -0.000389987
10 4.78415 0 0 -0.00520043 0
10 5.14135 0 0 -0.00492666 0
10 5.51565 0 0 -0.00445586 0
10 5.88438 0 0 0.00188827 -0.00896468
10 6.26082 0 0 0.00191766 -0.00710878
10 6.66201 0 0 -0.00338839 0.000676004
10 7.08584 0 0 -0.00288227 0.00273097
10 7.4504 0 0 -0.00259586 0
10 7.71735 0 0 0.0013704 -0.0071913
10 7.91868 0 0 0.00103646 -0.00598297
10 8.10513 0 0 -0.000757137 -0.000564414
10 8.25598 0 0 -0.000400998 -0.000668807
10 8.38167 0 0 0.000544347 -0.00107425
10 8.58515 0 0 -0.00140575 0
10 8.74886 0 0 -0.00124025 0
10 8.80409 0 0 -0.00122035 0
10 8.8195 0 0 0 -0.0027793
10 8.93794 0 0 0.000602852 -0.00212421
10 9.08949 0 0 0.000772018 -0.00284597
10 9.22488 0 0 -0.000789657 0
10 9.35046 0 0 -0.000632089 0
10 9.45895 0 0 0.000546292 -0.000753108
10 9.53141 0 0 0.000370685 -0.00169333
10 9.60198 0 0 0.000357487 -0.000909359
10 9.62391 0 0 -0.000371719 0.000452934
10 9.59419 0 0 -0.000403952 0
10 9.57784 0 0 -0.000419956 0
10 9.57248 0 0 -0.000434313 0
10 9.56033 0 0 -0.000437044 0.000108422
10 9.52365 0 0 -0.000176773 -0.00132218
10 9.55311 0 0 -0.000443508 -0.000765039
10 9.60194 0 0 -0.000405168 0
10 9.66959 0 0 -0.000325618 0
10 9.71976 0 0 -0.000291545 0
10 9.73819 0 0 0.000104198 -0.00247868
10 9.76005 0 0 0.000112618 -0.000653229
10 9.79095 0 0 -0.000206254 0.00126863
10 9.80428 0 0 -0.000199924 0
10 9.78946 0 0 -0.00020573 0
10 9.82036 0 0 0.000159096 0
10 9.9026 0 0 0.000425472 -0.00288003
10 9.94091 0 0 0 0.000775695
10 9.93829 0 0 0 0.00116392
10 9.95995 0 0 0 0
10 9.96859 0 0 0 0
10 9.94293 0 0 -0.000129755 0
10 9.90288 0 0 -0.00020987 0.00197918
10 9.90293 0 0 0 -0.00197982
10 9.92031 0 0 0 -0.000111961
10 9.93653 0 0 0 0
10 9.95258 0 0 0 0
10 9.97473 0 0 0.000116912 0
10 9.97869 0 0 0 -0.000418872
10 9.96541 0 0 0 -0.000881162
10 9.98107 0 0 0 0.000146104
10 10.014 0 0 0 0
10 10.0228 0 0 0 0
10 10.0327 0 0 0 0
10 10.0351 0 0 0 -0.000203656
10 10.0373 0 0 0 0.000707678
10 10.0056 0 0 0 0
10 9.97514 0 0 0 0
10 9.94588 0 0 0 0
10 9.91077 0 0 0 -0.00104708
10 9.89319 0 0 -0.00010806 0.00041809
10 9.88715 0 0 -0.000116387 0.000377151
10 9.87792 0 0 -0.000121271 0.000132244
10 9.87267 0 0 -0.000126898 0
10 9.90774 0 0 0 0
10 9.93542 0 0 0 0.00175511
10 9.9384 0 0 0 -0.000676413
10 9.92996 0 0 0 -0.00149254
10 9.9433 0 0 0 0
10 9.93629 0 0 0 0
10 9.92938 0 0 0 0
10 9.94656 0 0 0 -0.00080956
10 9.93605 0 0 0 0.000806463
10 9.93471 0 0 0 0.000425662
10 9.93341 0 0 0 0
10 9.93678 0 0 0 0
10 9.9158 0 0 0 0
10 9.90883 0 0 0 0
10 9.93419 0 0 0.000132448 -0.00113485
10 9.91516 0 0 0 0.000680948
10 9.88769 0 0 -0.000104241 -0.00160543
10 9.87134 0 0 -0.000127299 0
10 9.84778 0 0 -0.000151029 0
10 9.82561 0 0 -0.00018069 0
10 9.82948 0 0 -0.000170097 0.000732667
10 9.84085 0 0 0 -0.0005277
10 9.83337 0 0 -0.000164595 0
10 9.83492 0 0 -0.000167693 0
10 9.84421 0 0 -0.000155359 0
10 9.82826 0 0 -0.00017075 0
10 9.82751 0 0 0 -0.000281514
10 9.82318 0 0 0 -0.000115474
10 9.82968 0 0 0 -0.000340371
10 9.84894 0 0 -0.000149714 0
10 9.87636 0 0 -0.000124026 0
10 9.88924 0 0 -0.000116842 0.00115853
10 9.91607 0 0 0.000142825 -0.00175675
10 9.9646 0 0 0 0.000656418
10 9.98775 0 0 0 0.000679155
10 9.9795 0 0 0 0
10 9.96172 0 0 0 0
10 9.94139 0 0 -0.000107355 0
10 9.92952 0 0 0 0.00044947
10 9.8879 0 0 -0.000102828 -0.00200401
10 9.87587 0 0 -0.000122899 0.000538451
10 9.89194 0 0 -0.000108118 0
10 9.90973 0 0 0 0.000105064
10 9.9224 0 0 0 0
10 9.9415 0 0 0.000101528 -0.00121556
10 9.94313 0 0 0 0.000230314
10 9.93255 0 0 0 -0.000315458
10 9.91794 0 0 0 0
10 9.91709 0 0 0 0
10 9.9032 0 0 0 0
10 9.9185 0 0 0 0.00157021
10 9.95042 0 0 0.000167053 -0.00148209
10 9.96636 0 0 0 0.000869138
10 9.9759 0 0 0 0
10 9.98744 0 0 0 0
10 9.98535 0 0 0 0
10 9.96183 0 0 0 -0.000877734
10 9.94714 0 0 0 0.00168858
10 9.94886 0 0 0 -0.00131448
10 9.94297 0 0 0 0
10 9.92763 0 0 0 0
10 9.92993 0 0 0 -0.000904238
10 9.95011 0 0 0 0.000231269
10 9.95574 0 0 0 0.000480422
10 9.97517 0 0 0 0.00016838
10 9.98876 0 0 0 0
10 10.0136 0 0 0 0
10 10.0174 0 0 0 -0.000222373
10 10.0006 0 0 0 -0.00100725
10 9.96986 0 0 0 -0.000961571
10 9.90722 0 0 0 0.00129852
10 9.85369 0 0 -0.00014543 0
10 9.82529 0 0 -0.000178103 0
10 9.82641 0 0 -0.00017916 0.0012306
10 9.85166 0 0 0.000135549 -0.00188003
10 9.90209 0 0 0.000254193 -0.000396982
10 9.96089 0 0 0 0.00130121
10 9.99258 0 0 0 0
10 9.99757 0 0 0 0
10 9.99148 0 0 0 0.000230635
10 9.9737 0 0 0 0.000167619
10 9.95548 0 0 0 -0.000227972
10 9.94818 0 0 0 0
10 9.94881 0 0 0 0
10 9.9648 0 0 0 0
10 9.99032 0 0 0.000130156 -0.000501276
10 10.0134 0 0 0.000116089 -0.000171996
10 10.033 0 0 0.000101291 -0.000601761
10 10.0277 0 0 0 0.000372523
10 9.99115 0 0 0 0
10 9.94422 0 0 0 0
10 9.89363 0 0 -0.000256773 0
10 9.85493 0 0 -0.000196148 0.000528091
10 9.83358 0 0 -0.000103957 -0.000544394
10 9.83605 0 0 0 -0.00109438
10 9.87263 0 0 -0.00012776 0
10 9.90799 0 0 0 0
10 9.92628 0 0 0 -0.00109237
10 9.92589 0 0 0 -0.000819365
10 9.91406 0 0 0 -8.28003e-05
10 9.91782 0 0 0 0
10 9.91777 0 0 0 0
10 9.91924 0 0 0 0
10 9.92367 0 0 0 -0.0013247
10 9.91606 0 0 0 0.00159013
10 9.89923 0 0 0 -0.0011455
10 9.87338 0 0 -0.000127382 0
10 9.84397 0 0 -0.000154997 0
10 9.79176 0 0 -0.000213591 0
10 9.76086 0 0 -0.000150392 -0.000839274
10 9.78636 0 0 -0.000225687 0.00242976
10 9.81783 0 0 0.000162454 -0.00102557
10 9.85471 0 0 0.000191719 -0.00146519
10 9.90874 0 0 0 0
10 9.98927 0 0 0 0
10 10.0429 0 0 0 0.00154828
10 10.0443 0 0 0 -0.000585447
10 10.0253 0 0 0 -0.000207131
10 9.99444 0 0 0 0.00144467
10 9.97655 0 0 0 0
10 9.9206 0 0 0 0
10 9.88993 0 0 -0.000155712 0.000482754
10 9.88636 0 0 -0.000120538 0.00127736
10 9.90383 0 0 0 -0.000710734
10 9.90385 0 0 0 0.000165274
10 9.92048 0 0 0 0
10 9.93354 0 0 0 0
10 9.94006 0 0 0 0
10 9.94248 0 0 0 -0.000672938
10 9.94375 0 0 0 0.000106303
10 9.95621 0 0 0 -0.000105985
10 9.97117 0 0 0 0
10 9.9685 0 0 0 0
10 9.95623 0 0 0 0
10 9.94282 0 0 0 -0.000649735
10 9.9331 0 0 0 -0.000798523
10 9.89825 0 0 0 0.000965502
10 9.87911 0 0 -0.00012184 0
10 9.87304 0 0 -0.000126025 0
10 9.8664 0 0 -0.000136102 0
10 9.86774 0 0 -0.000134781 0.000818753
10 9.87393 0 0 0 -0.000924416
10 9.89056 0 0 -0.000111276 0
10 9.88806 0 0 -0.000111722 0
10 9.89275 0 0 -0.000105825 0
10 9.88257 0 0 -0.000120735 0
10 9.87086 0 0 0 -0.00115396
10 9.85722 0 0 -0.000151944 0.00199591
10 9.8452 0 0 -0.000153607 0
10 9.86017 0 0 -0.000139297 0
10 9.88045 0 0 -0.000120703 0
10 9.88175 0 0 0 -0.000312478
10 9.87517 0 0 -0.000133994 0.00203282
10 9.87267 0 0 0 -0.00169031
10 9.86797 0 0 -0.000137298 0.00123232
10 9.84806 0 0 0 -0.0013151
10 9.8295 0 0 -0.000170148 0
10 9.83319 0 0 0 -0.000420823
10 9.84056 0 0 0 -0.0003738
10 9.87023 0 0 -0.00013504 0.00126915
10 9.89014 0 0 0.000101897 -0.000467806
10 9.91359 0 0 0 0
10 9.93687 0 0 0 0
10 9.94578 0 0 0 0
10 9.94044 0 0 0 0.000787965
10 9.92304 0 0 0 -0.000559677
10 9.91321 0 0 0 -0.000312799
10 9.90144 0 0 0 0
10 9.89182 0 0 -0.000110171 0
10 9.89624 0 0 0 -0.000289929
10 9.89919 0 0 0 -0.000649122
10 9.90972 0 0 0 0.000750294
10 9.92861 0 0 0 0.000662333
10 9.95449 0 0 0 0
10 9.94769 0 0 0 0
10 9.93806 0 0 0 0
10 9.94614 0 0 0 0.000962862
10 9.95364 0 0 0 -0.00170321
10 9.95032 0 0 0 0.00082518
10 9.95516 0 0 0 0
10 9.98244 0 0 0 0
10 9.982 0 0 0 0.000965883
10 9.9609 0 0 0 -0.000817361
10 9.94031 0 0 -0.000107547 0.000922696
10 9.93398 0 0 0 0.000631318
10 9.90967 0 0 0 0
10 9.90841 0 0 0 0
10 9.94032 0 0 0.000165599 0
10 9.9677 0 0 0 2.36548e-06
10 9.96412 0 0 0 -2.11331e-05
10 9.9585 0 0 0 0.00109472
10 9.9528 0 0 0 0
10 9.93362 0 0 0 0
10 9.89639 0 0 0 -0.00121434
10 9.89826 0 0 -0.000105668 0.000543459
10 9.92284 0 0 0 0.000188422
10 9.93903 0 0 0 0
10 9.94626 0 0 0 0
10 9.96954 0 0 0 0
10 9.98913 0 0 0.000101404 -0.000693756
10 9.986 0 0 0 -0.000291989
10 10.0027 0 0 0 -0.00165071
10 10.0163 0 0 0 0.00165103
10 10.0163 0 0 0 0
10 9.99003 0 0 0 0
10 9.96606 0 0 -0.000123142 0.000651157
10 9.93244 0 0 -0.000169688 0.000313438
10 9.90293 0 0 0 -0.000396993
10 9.89018 0 0 -0.000109497 0
10 9.8917 0 0 -0.000110621 0
10 9.91051 0 0 0 0
10 9.92348 0 0 0 0
10 9.94272 0 0 0 -0.000543148
10 9.95452 0 0 0 0.000481183
10 9.96694 0 0 0 -0.00089536
10 9.97134 0 0 0 0
10 9.98419 0 0 0 0
10 10.0005 0 0 0 0
10 10.0095 0 0 0 0.000654231
10 10.0147 0 0 0 -0.00148684
10 10.0158 0 0 0 0.00108408
10 10.0215 0 0 0 0
10 10.0232 0 0 0 0
10 10.012 0 0 0 0
10 10.0149 0 0 0 0.00188724
10 10.0185 0 0 0 -0.00100985
10 10.0253 0 0 0 0.00108772
10 10.0265 0 0 0 0
10 10.0303 0 0 0 0
10 10.01 0 0 0 -0.00137512
10 9.98168 0 0 -0.000145077 0.000670851
10 9.97161 0 0 0 -0.000756625
10 9.94291 0 0 -0.000149159 0.00114872
10 9.90725 0 0 0 0
10 9.91861 0 0 0 0
10 9.94203 0 0 0 0
10 9.93417 0 0 0 5.70557e-05
10 9.92407 0 0 0 0.00115117
10 9.93051 0 0 0 -0.000307273
10 9.93445 0 0 0 0
10 9.92297 0 0 0 0
10 9.93912 0 0 0 -0.00154824
10 9.9609 0 0 0 0.000714141
10 9.9916 0 0 0 0.00018737
10 10.0152 0 0 0 0.000880094
10 10.0429 0 0 0 0
10 10.0435 0 0 0 0
10 10.0297 0 0 0 -0.00121203
10 10.0271 0 0 0 2.04081e-05
10 10.039 0 0 0 -0.000332892
10 10.0542 0 0 0 0
10 10.0484 0 0 0 0
10 10.0457 0 0 0 0
10 10.0556 0 0 0 0
10 10.0512 0 0 0 -0.00107845
10 10.029 0 0 -0.000123472 0.00252185
10 10.0064 0 0 0 -0.000879454
10 10.0486 0 0 0 0
10 10.0869 0 0 0 0
10 10.0895 0 0 0 0
10 10.1002 0 0 0 0.000649728
10 10.1165 0 0 0.000116356 -5.79575e-08
10 10.1123 0 0 0 0.000478169
10 10.0758 0 0 0 0
10 10.0589 0 0 0 0
10 10.0578 0 0 0 0
10 10.0586 0 0 0 -0.000313124
10 10.0569 0 0 0 0.000900883
10 10.0449 0 0 0 -0.000502871
10 10.0422 0 0 0 0
10 10.0394 0 0 0 0
10 10.0277 0 0 0 -0.0021259
10 10.0133 0 0 0 0.000116311
10 10.0137 0 0 0 -0.000533695
10 10.0467 0 0 0 0.00147582
10 10.0835 0 0 0 0
10 10.1099 0 0 0.000112361 0
10 10.1122 0 0 0.000115153 -0.000649417
10 10.1294 0 0 0.000131068 -0.000514582
10 10.1576 0 0 0.000157148 -0.0002565
10 10.138 0 0 -0.000101498 0.000710379
10 10.1099 0 0 0.000108179 0
10 10.0992 0 0 0 0
10 10.1091 0 0 0.00011486 0
10 10.0857 0 0 0 8.2494e-05
10 10.084 0 0 0 7.90545e-05
10 10.1091 0 0 0.000108395 0
10 10.1359 0 0 0.000138611 0
10 10.1566 0 0 0.000155579 0
10 10.1645 0 0 0.00016303 -0.00025178
10 10.1728 0 0 0.000179813 -0.0013095
10 10.1575 0 0 0 0.00144528
10 10.14 0 0 0.000138844 0
10 10.1192 0 0 0.000118762 0
10 10.0954 0 0 0 0
10 10.093 0 0 0.000101171 0
10 10.086 0 0 0 -0.000302352
10 10.0639 0 0 -0.000117713 0.00149008
10 10.04 0 0 -0.000124147 0.000931375
10 10.0161 0 0 0 0
10 9.98068 0 0 0 0
10 9.94129 0 0 0 0
10 9.9045 0 0 -0.000185849 0.00038234
10 9.87721 0 0 -0.000121023 -0.000676291
10 9.86106 0 0 -0.000139108 0.000417472
10 9.86803 0 0 -0.000132402 0
10 9.88403 0 0 -0.000116264 0
10 9.89341 0 0 -0.000114839 0.00150232
10 9.92307 0 0 0.000152649 -0.000883407
10 9.93843 0 0 0 0.000117671
10 9.93563 0 0 0 0.000750514
10 9.91943 0 0 0 0
10 9.89211 0 0 -0.000108161 0
10 9.87821 0 0 0 0
10 9.85491 0 0 -0.000150994 0.000892264
10 9.85826 0 0 0 -0.000551671
10 9.86076 0 0 0 -0.000592689
10 9.87969 0 0 -0.000119882 0
10 9.88754 0 0 -0.000115747 0.000323258
10 9.90303 0 0 0 0
10 9.91723 0 0 0 0
10 9.89945 0 0 -0.000102911 0
10 9.87783 0 0 -0.000120208 0.00013391
10 9.85447 0 0 -0.000115391 -0.000276401
10 9.8562 0 0 -0.000149266 0.00129392
10 9.84897 0 0 -0.000153528 -0.000810837
10 9.84454 0 0 -0.000155783 0
10 9.83889 0 0 0 -0.00206749
10 9.83261 0 0 -0.000186371 0.00321771
10 9.81667 0 0 -0.000123648 -2.99248e-05
10 9.79187 0 0 -0.000206405 -0.00163186
10 9.78388 0 0 -0.000213688 0
10 9.80636 0 0 -0.000197755 0
10 9.84642 0 0 -0.000154698 0.000503239
10 9.87097 0 0 -0.00013451 0.00098596
10 9.87488 0 0 0 -0.000588338
10 9.84613 0 0 -0.000157668 0
10 9.83309 0 0 -0.000164916 0
10 9.82901 0 0 -0.000170071 0
10 9.8256 0 0 -0.000174156 0.000304237
10 9.82165 0 0 0 -0.0023413
10 9.84986 0 0 -0.000153473 0.0010739
10 9.8914 0 0 -0.000108012 0
10 9.88837 0 0 -0.000113655 0
10 9.864 0 0 -0.000135043 0
10 9.87328 0 0 0 -0.00121494
10 9.8911 0 0 -0.000111387 0.000398584
10 9.88538 0 0 -0.000119125 0.000420815
10 9.89282 0 0 -0.000106305 -0.00107086
10 9.91668 0 0 0 0
10 9.92688 0 0 0 0
10 9.93218 0 0 0 0
10 9.97945 0 0 0.000246437 -0.00203914
10 10.0338 0 0 0 0.000700055
10 10.0792 0 0 0 0.00200555
10 10.1002 0 0 0 0
10 10.1268 0 0 0.000128323 0
10 10.1442 0 0 0.000143033 0
10 10.145 0 0 0 0.000167253
10 10.1359 0 0 0.000140208 -0.000676909
10 10.1367 0 0 0.000137615 -0.000370756
10 10.155 0 0 0 7.87073e-05
10 10.1587 0 0 0.000161645 0
10 10.1478 0 0 0.000145556 0
10 10.1634 0 0 0.000211814 -0.000340313
10 10.1634 0 0 0.000158832 -0.000795254
10 10.1541 0 0 0.000120709 0
10 10.1526 0 0 0.00015096 0
10 10.1901 0 0 0.000190608 0
10 10.2253 0 0 0.00016912 0.00137908
10 10.2448 0 0 0.000245215 0
10 10.2851 0 0 0.000290254 -0.000594067
10 10.3166 0 0 0.000313884 0
10 10.3201 0 0 0.000327095 0
10 10.2953 0 0 0.000294869 -0.000384132
10 10.2732 0 0 0.000270673 -7.07888e-05
10 10.2487 0 0 0.000247709 2.71598e-05
10 10.2145 0 0 0.000218569 0
10 10.181 0 0 0.000180073 0
10 10.1575 0 0 0.00016267 0
10 10.1376 0 0 -0.000101353 0.000339
10 10.1003 0 0 -0.000202052 0.00307419
10 10.0276 0 0 0 -0.000224587
10 9.97302 0 0 0 0
10 9.93251 0 0 0 0
10 9.87886 0 0 -0.00012168 0
10 9.81359 0 0 -0.000183403 -0.000734512
10 9.80634 0 0 -0.000201023 0.00169875
10 9.82089 0 0 -0.000182131 0
10 9.81946 0 0 -0.000180459 0
10 9.82239 0 0 -0.000175039 0
10 9.84299 0 0 -0.000163827 0
10 9.86339 0 0 0.000107497 -0.00110597
10 9.8697 0 0 -0.000136304 0.0014654
10 9.88155 0 0 -0.000117485 0
10 9.87598 0 0 -0.000126537 0
10 9.84721 0 0 -0.000150947 0
10 9.82486 0 0 -0.0001744 0
10 9.80417 0 0 -0.000102996 -9.06642e-05
10 9.78793 0 0 0 -0.00101224
10 9.78181 0 0 -0.000218526 0
10 9.80196 0 0 -0.000195391 0
10 9.80513 0 0 -0.000193136 0
10 9.77735 0 0 -0.000138451 -8.55225e-05
10 9.76437 0 0 -0.000235042 0.000504508
10 9.76834 0 0 0 -0.000246325
10 9.71928 0 0 -0.000280606 -0.000251775
10 9.65838 0 0 -0.000347321 0
10 9.6374 0 0 -0.000357027 0
10 9.65012 0 0 -0.000349182 0
10 9.63481 0 0 0 -0.00104255
10 9.60987 0 0 -0.000121062 -0.000713139
10 9.63025 0 0 -0.000375166 0.00144465
10 9.66875 0 0 -0.000327902 0
10 9.68473 0 0 -0.000321679 0
10 9.68974 0 0 -0.000308714 0
10 9.73205 0 0 0.00021912 -0.0015179
10 9.77465 0 0 -0.000234416 0.00103365
10 9.83276 0 0 -0.000162467 -0.00191769
10 9.8846 0 0 -0.000116878 0
10 9.92635 0 0 0 0
10 9.96443 0 0 0 0
10 10.0054 0 0 0 0.00106874
10 10.0587 0 0 0.000274338 -0.00154574
10 10.0787 0 0 0.000105188 -0.00104639
10 10.0898 0 0 0 0
10 10.1257 0 0 0.000125032 0
10 10.1677 0 0 0.000211512 -0.000315858
10 10.1852 0 0 0.000185789 -0.000354585
10 10.1777 0 0 0 0.00129491
10 10.1999 0 0 0.000204168 -0.000875912
10 10.227 0 0 0.000228417 0
10 10.1999 0 0 0.00019906 0
10 10.1907 0 0 0 0.00124087
10 10.2035 0 0 0 0.000669484
10 10.2222 0 0 0.000229252 -0.00109919
10 10.2118 0 0 0.000211118 0
10 10.2115 0 0 0.000214883 0
10 10.2279 0 0 0.000227315 0
10 10.2308 0 0 0.000237519 -0.00155149
10 10.2119 0 0 0.00020881 3.17646e-07
10 10.1973 0 0 0.000200367 -3.17646e-07
10 10.2019 0 0 0.000201255 0
10 10.2102 0 0 0.000208058 0
10 10.1876 0 0 0.000189788 0
10 10.177 0 0 0 0.0012064
10 10.1878 0 0 0.000192598 -0.00125122
10 10.2232 0 0 0.000227996 -0.000715214
10 10.2103 0 0 0.000211534 0.000275893
10 10.1926 0 0 0.000191754 0
10 10.1783 0 0 0.000175909 0
10 10.1453 0 0 0.000145681 0
10 10.0955 0 0 -0.000251942 0.000621892
10 10.0559 0 0 -0.000203048 0.000968579
10 10.035 0 0 0 -0.000464435
10 10.0259 0 0 0 0
10 10.0537 0 0 0 0
10 10.087 0 0 0 0
10 10.0868 0 0 0 0.000167577
10 10.0603 0 0 0 -0.000313119
10 10.0181 0 0 -0.000214091 0.000614011
10 9.93293 0 0 0 0
10 9.79079 0 0 -0.00020781 0
10 9.64444 0 0 -0.00035413 0
10 9.54023 0 0 -0.000522027 0.000196863
10 9.46574 0 0 -0.000370327 -0.000420483
10 9.41991 0 0 -0.000578557 0
10 9.42915 0 0 -0.000584095 0
10 9.46586 0 0 -0.000521962 0
10 9.50703 0 0 0.00020811 0
10 9.53794 0 0 0.000162061 -0.00150297
10 9.56959 0 0 0.000166937 -0.00171232
10 9.57954 0 0 -0.000417553 0.000196826
10 9.61303 0 0 -0.000384135 0
10 9.67643 0 0 -0.000329688 0
10 9.71819 0 0 -0.000282645 0
10 9.78296 0 0 0.000335581 -0.00236841
10 9.86493 0 0 -0.000143085 0.000999086
10 9.92402 0 0 0 -0.0012203
10 9.9424 0 0 0 0
10 9.97626 0 0 0 0
10 10.0266 0 0 0.00025738 0
10 10.0115 0 0 0 0.000396669
10 9.98548 0 0 0 -0.00095525
10 9.99618 0 0 0 0.000809063
10 10.013 0 0 0 0
10 10.0083 0 0 0 0
10 10.009 0 0 0 0
10 10.0306 0 0 0.000111628 -0.000706718
10 10.0319 0 0 0 -0.000580462
10 10.0181 0 0 0 0.000297575
10 9.99721 0 0 0 0
10 9.97391 0 0 0 0
10 9.96188 0 0 0 0
10 9.95964 0 0 0 0
10 9.95006 0 0 0 8.48329e-05
10 9.96241 0 0 0 -0.000260877
10 9.98921 0 0 0 0
10 10.0034 0 0 0 0
10 9.98739 0 0 0 0
10 9.97822 0 0 0 -0.000486402
10 9.9547 0 0 -0.000120711 0.000621879
10 9.91669 0 0 0 3.75798e-05
10 9.88746 0 0 -0.000112637 0
10 9.88697 0 0 -0.000115071 0
10 9.90013 0 0 0 0
10 9.9253 0 0 0 0.00115905
10 9.92292 0 0 0 -0.000646348
10 9.92051 0 0 0 -0.00180785
10 9.9219 0 0 0 0
10 9.91985 0 0 0 0
10 9.91475 0 0 0 -0.000734541
10 9.92821 0 0 0 0.000504158
10 9.95651 0 0 0 0.000315217
10 9.95813 0 0 0 0
10 9.95783 0 0 0 0
10 9.97888 0 0 0 0
10 9.98967 0 0 0 0
10 9.99439 0 0 0 -0.00129756
10 9.98869 0 0 0 -0.000195903
10 10.0006 0 0 0 0.000111711
10 10.0053 0 0 0 0
10 10.0074 0 0 0 0
10 10.0195 0 0 0 0
10 10.0363 0 0 0 -0.000642461
10 10.0685 0 0 0 0.000166927
10 10.0789 0 0 0 0
10 10.09 0 0 0 0
10 10.106 0 0 0.000105164 0
10 10.1337 0 0 0.000133427 0
10 10.1596 0 0 0.000164293 -0.000311854
10 10.1893 0 0 0.000178924 4.02871e-06
10 10.2243 0 0 0.000227768 -0.000973218
10 10.232 0 0 0.000230029 0
