1712413895 812532469 base_link 0.2174 -0.3031 17.2166 -0.04377 -0.06103 0.006
1712413895 822708333 base_link 0.1637 -0.3307 17.2713 -0.03228 -0.05785 0.00395
1712413895 832599875 base_link 0.1064 -0.4373 16.9066 -0.03232 -0.06274 0.00338
1712413895 842615171 base_link 0.068 -0.4961 17.012 -0.03162 -0.05956 0.00547
1712413895 852566523 base_link 0.0876 -0.368 16.9059 -0.03281 -0.06126 0.00396
1712413895 862719425 base_link 0.2087 -0.3643 16.9884 -0.03579 -0.06269 0.00529
1712413895 872642142 base_link 0.0133 -0.2971 17.2663 -0.04366 -0.05868 0.00279
1712413895 882820532 base_link 0.1846 -0.2976 16.9964 -0.04397 -0.06692 0.00498
1712413895 892614500 base_link 0.2511 -0.2252 17.1827 -0.04433 -0.06278 0.00424
1712413895 902728217 base_link 0.2849 -0.3036 17.2379 -0.03746 -0.05125 0.00472
1712413895 912843032 base_link 0.2767 -0.4054 16.999 -0.04113 -0.06361 0.00464
1712413895 922843974 base_link 0.249 -0.385 17.2224 -0.02666 -0.05672 0.00424
1712413895 933047728 base_link 0.1719 -0.2933 17.2893 -0.02928 -0.05304 0.00376
1712413895 942760217 base_link 0.256 -0.288 17.107 -0.03533 -0.07024 0.00377
1712413895 952702218 base_link 0.18 -0.2423 17.2753 -0.03611 -0.0675 0.00188
1712413895 962725326 base_link 0.1501 -0.2222 17.2066 -0.04015 -0.05896 0.00087
1712413895 972740842 base_link 0.0846 -0.2401 17.074 -0.04007 -0.05516 0.00064
1712413895 982769756 base_link 0.1231 -0.2452 17.3509 -0.0333 -0.05057 -0.0007
1712413895 993373914 base_link 0.327 -0.2247 17.2251 -0.02778 -0.05474 0
1712413896 2763582 base_link 0.2129 -0.2804 17.3162 -0.03377 -0.04427 0.00318
1712413896 12902376 base_link 0.2829 -0.1707 17.3573 -0.03202 -0.05708 0.00137
1712413896 22789903 base_link 0.2219 -0.1154 17.2654 -0.0449 -0.0528 -0.00029
1712413896 32837899 base_link 0.3166 -0.2097 17.1192 -0.04205 -0.05496 0.00138
1712413896 42776759 base_link 0.2458 -0.2492 17.0732 -0.04175 -0.05205 0.00193
1712413896 52943129 base_link 0.2624 -0.2622 17.1598 -0.03316 -0.05211 0.00324
1712413896 63074300 base_link 0.2796 -0.299 16.9975 -0.03451 -0.05766 0.00413
1712413896 72808155 base_link 0.0523 -0.4258 17.1423 -0.04083 -0.06224 0.00578
1712413896 82879965 base_link 0.0847 -0.4049 16.8873 -0.0409 -0.06936 0.00457
1712413896 92755959 base_link 0.1973 -0.2869 17.1593 -0.03843 -0.0642 0.004
1712413896 102913204 base_link 0.1455 -0.2696 17.4464 -0.03392 -0.0591 0.00268
1712413896 112873510 base_link 0.1018 -0.2693 17.1157 -0.03944 -0.06537 0.00258
1712413896 122809985 base_link 0.1308 -0.4237 17.0244 -0.04049 -0.06725 0.00846
1712413896 132797172 base_link 0.1101 -0.2805 17.1621 -0.04038 -0.05188 0.00403
1712413896 142800777 base_link 0.203 -0.2747 16.9963 -0.0384 -0.06673 0.00411
1712413896 152933955 base_link 0.1754 -0.2541 17.1762 -0.03129 -0.05799 0.00322
1712413896 162817861 base_link 0.2795 -0.4282 16.7671 -0.03698 -0.05924 0.00658
1712413896 172898337 base_link 0.1525 -0.3365 17.1017 -0.03606 -0.05502 0.00402
1712413896 182942693 base_link 0.2165 -0.1936 17.4294 -0.02915 -0.05002 0.0016
1712413896 192951514 base_link 0.2848 -0.2461 17.0639 -0.03793 -0.06804 0.00366
1712413896 202463852 base_link 0.1899 -0.2059 17.3896 -0.03739 -0.05754 0.00331
1712413896 212989082 base_link 0.0768 -0.2371 17.3726 -0.03994 -0.05248 0.00291
1712413896 222878236 base_link 0.1368 -0.3236 17.1154 -0.0386 -0.05682 0.00272
1712413896 233329103 base_link 0.1893 -0.3077 17.1587 -0.03657 -0.05803 0.00456
1712413896 242977463 base_link 0.1605 -0.3513 17.246 -0.03519 -0.05756 0.00476
1712413896 252841862 base_link 0.138 -0.3341 17.2014 -0.0399 -0.05311 0.00322
1712413896 262987432 base_link 0.1393 -0.1648 17.2217 -0.03837 -0.058 -0.00021
1712413896 272991562 base_link 0.1117 -0.2653 16.9796 -0.04346 -0.05229 0.00323
1712413896 282999875 base_link 0.2095 -0.1963 17.2465 -0.04131 -0.04566 0.0015
1712413896 293163531 base_link 0.2103 -0.216 16.962 -0.03771 -0.05759 0.00022
1712413896 302508624 base_link 0.0553 -0.3271 16.996 -0.03656 -0.0564 0.0026
1712413896 312947675 base_link -0.0024 -0.3462 17.1264 -0.03561 -0.05114 0.00425
1712413896 323481167 base_link 0.0756 -0.396 16.8913 -0.03725 -0.06518 0.00334
1712413896 333136545 base_link 0.1378 -0.2826 17.2564 -0.03261 -0.06229 0.00237
1712413896 343117882 base_link 0.2847 -0.1458 17.3957 -0.0335 -0.05274 0.00305
1712413896 353089309 base_link 0.1203 -0.2147 17.3476 -0.04005 -0.06242 0.00224
1712413896 362996170 base_link 0.0467 -0.3277 16.944 -0.04188 -0.07286 0.00246
1712413896 373248009 base_link 0.248 -0.2585 17.042 -0.03614 -0.05773 0.00349
1712413896 383185159 base_link 0.2324 -0.3064 17.3426 -0.03806 -0.04159 0.00487
1712413896 392010543 base_link 0.2273 -0.2566 16.9905 -0.0394 -0.05616 0.00088
1712413896 402837089 base_link 0.1329 -0.2052 17.2888 -0.03234 -0.05411 -0.00015
1712413896 413158798 base_link 0.2612 -0.2495 17.2583 -0.03255 -0.05586 0.00346
1712413896 427951649 base_link 0.3812 -0.2291 17.3169 -0.03513 -0.06316 0.00239
1712413896 433176822 base_link 0.3161 -0.2966 17.3531 -0.03813 -0.06184 0.00497
1712413896 443091140 base_link 0.2723 -0.3171 17.2191 -0.03751 -0.05565 0.00239
1712413896 453327581 base_link 0.1804 -0.3623 17.0762 -0.03546 -0.06257 0.00385
1712413896 463136400 base_link 0.0746 -0.3449 17.2552 -0.02832 -0.05412 0.00251
1712413896 473219934 base_link 0.1444 -0.4918 16.9064 -0.03548 -0.06252 0.00443
1712413896 483083318 base_link 0.0571 -0.4819 16.8484 -0.04343 -0.0631 0.00825
1712413896 493325701 base_link 0.1275 -0.2693 16.9617 -0.04275 -0.05293 0.00483
1712413896 503212365 base_link 0.2634 -0.2272 16.986 -0.04639 -0.06396 0.00394
1712413896 513330277 base_link 0.303 -0.1813 17.3336 -0.0403 -0.04749 0.0033
1712413896 523262073 base_link 0.2783 -0.262 17.236 -0.03318 -0.05289 0.00151
1712413896 533172037 base_link 0.1697 -0.4367 16.9671 -0.03405 -0.06284 0.00581
1712413896 543164576 base_link -0.0489 -0.4779 17.0579 -0.03007 -0.05898 0.0052
1712413896 553378980 base_link 0.2159 -0.3669 17.041 -0.03433 -0.06699 0.00483
1712413896 563260874 base_link 0.1313 -0.3375 17.0852 -0.0467 -0.05896 0.00704
1712413896 573201517 base_link 0.1661 -0.1405 17.3712 -0.04462 -0.05782 0.002
1712413896 583273148 base_link 0.3317 -0.1804 17.0251 -0.05288 -0.05465 0.00326
1712413896 593271724 base_link 0.2625 -0.1509 17.5456 -0.03414 -0.04708 0.0004
1712413896 603243933 base_link 0.1696 -0.2679 17.2537 -0.03084 -0.05874 0.00159
1712413896 611976119 base_link 0.1884 -0.2654 17.3134 -0.02526 -0.06429 0.0034
1712413896 623572464 base_link 0.0503 -0.2864 17.3614 -0.02678 -0.05827 0.00219
1712413896 633311282 base_link 0.0604 -0.2395 17.1314 -0.0362 -0.06644 4e-05
1712413896 643184275 base_link 0.0364 -0.3548 17.1118 -0.04155 -0.0671 0.00514
1712413896 653461753 base_link 0.2362 -0.1879 17.3394 -0.03984 -0.06073 0.00417
1712413896 663299490 base_link 0.3388 -0.2152 17.1157 -0.03811 -0.05075 0.00215
1712413896 673329183 base_link 0.2295 -0.3412 17.184 -0.03716 -0.04205 0.00321
1712413896 683608369 base_link 0.2225 -0.3758 17.0773 -0.03048 -0.05463 0.00404
1712413896 693340940 base_link 0.2093 -0.3825 17.1156 -0.03034 -0.05704 0.00424
1712413896 703357077 base_link 0.2159 -0.3506 17.2707 -0.03259 -0.05581 0.00404
1712413896 713397702 base_link 0.2151 -0.3648 16.952 -0.04071 -0.06036 0.00364
1712413896 723267841 base_link 0.034 -0.5039 16.8605 -0.05035 -0.06779 0.00856
1712413896 733386836 base_link 0.0528 -0.3524 16.8623 -0.04476 -0.07061 0.00508
1712413896 743568364 base_link 0.2101 -0.2606 17.1923 -0.03759 -0.05658 0.0024
1712413896 753408727 base_link 0.2034 -0.2659 17.3167 -0.02913 -0.05824 0.00309
1712413896 761666410 base_link 0.3027 -0.2585 17.397 -0.02382 -0.05827 0.00253
1712413896 773382619 base_link 0.1683 -0.335 17.1573 -0.02812 -0.06135 0.00418
1712413896 781760669 base_link 0.3023 -0.3783 17.0057 -0.03475 -0.05519 0.00641
1712413901 52825245 base_link -0.0027 -0.1506 17.4103 -0.0332 -0.06145 8e-05
1712413901 62734698 base_link 0.3033 -0.3577 17.401 -0.03313 -0.07883 0.00414
1712413901 72989013 base_link 0.4172 -0.2933 17.3278 -0.0429 -0.08347 0.00295
1712413901 82813293 base_link 0.4633 -0.3327 16.9921 -0.04398 -0.08018 0.00369
1712413901 92726118 base_link 0.347 -0.5041 16.9949 -0.04193 -0.05488 0.00754
1712413901 102793359 base_link 0.1813 -0.4823 16.9202 -0.04567 -0.04341 0.00712
1712413901 113000166 base_link -0.0634 -0.3109 17.1541 -0.03549 -0.03848 0.00323
1712413901 122767205 base_link -0.008 -0.1655 17.4916 -0.02757 -0.04018 0.0055
1712413901 132858511 base_link 0.094 -0.2329 17.5774 -0.02897 -0.05868 0.00201
1712413901 142797977 base_link 0.2526 -0.3067 17.3318 -0.03242 -0.07831 0.00064
1712413901 152721873 base_link 0.2812 -0.3881 17.1773 -0.04034 -0.0684 0.00415
1712413901 162872611 base_link 0.2503 -0.4734 16.9442 -0.0467 -0.06373 0.00909
1712413901 172880077 base_link 0.1365 -0.5295 16.8465 -0.04292 -0.05726 0.00759
1712413901 182953751 base_link 0.1116 -0.3258 17.3335 -0.03596 -0.04495 0.00385
1712413901 192842418 base_link 0.0048 -0.2015 17.3433 -0.03176 -0.0468 0.00215
1712413901 202855478 base_link 0.1817 -0.2436 17.3121 -0.03094 -0.05685 0.00353
1712413901 212861835 base_link 0.3393 -0.3475 17.1373 -0.03729 -0.05217 0.00455
1712413901 222974263 base_link 0.5156 -0.4834 17.1482 -0.04077 -0.05636 0.005
1712413901 233003849 base_link 0.388 -0.3924 17.103 -0.04143 -0.06723 0.00609
1712413901 242952509 base_link 0.1197 -0.3625 17.4489 -0.03356 -0.06501 0.00714
1712413901 252833274 base_link -0.1416 -0.2625 17.6059 -0.03429 -0.06344 0.00198
1712413901 262918281 base_link -0.0845 -0.3629 17.262 -0.03591 -0.0755 0.00187
1712413901 272896145 base_link 0.1679 -0.3655 17.2382 -0.03945 -0.07231 0.00538
1712413901 283135718 base_link 0.2067 -0.4381 17.2251 -0.04094 -0.05361 0.00642
1712413901 293085685 base_link 0.0711 -0.3418 17.2646 -0.03865 -0.04616 0.00221
1712413901 303122054 base_link 0.0375 -0.2332 17.2958 -0.03414 -0.044 0.00101
1712413901 313017832 base_link 0.2997 -0.241 17.3599 -0.0324 -0.04433 0.00359
1712413901 323155733 base_link 0.519 -0.2881 17.1018 -0.03287 -0.04589 0.00262
1712413901 333057345 base_link 0.5673 -0.3854 16.8709 -0.04064 -0.05838 0.00357
1712413901 343805578 base_link 0.3627 -0.502 16.8715 -0.04251 -0.06613 0.00878
1712413901 352924056 base_link 0.0575 -0.4312 17.2518 -0.03979 -0.07304 0.00901
1712413901 361850279 base_link -0.1166 -0.2461 17.477 -0.03625 -0.07229 0.00317
1712413901 373188741 base_link -0.0034 -0.3095 17.5525 -0.02861 -0.06011 0.00177
1712413901 382934672 base_link 0.3223 -0.225 17.5973 -0.02962 -0.05591 0.00157
1712413901 393066736 base_link 0.3071 -0.4005 17.0533 -0.03634 -0.07266 0.00664
1712413901 403119742 base_link 0.1166 -0.3754 16.9143 -0.03902 -0.06932 0.00321
1712413901 413107543 base_link 0.1018 -0.2889 17.0998 -0.03669 -0.05664 0.0036
1712413901 423023959 base_link -0.0077 -0.1811 17.2369 -0.03678 -0.05144 0.00424
1712413901 433129425 base_link 0.0617 -0.0927 17.2701 -0.02955 -0.04407 0.00084
1712413901 446232442 base_link 0.154 -0.0827 17.5381 -0.02689 -0.03645 0.00173
1712413901 453476290 base_link 0.4102 -0.2078 17.1917 -0.04015 -0.06527 0.00152
1712413901 463054297 base_link 0.3683 -0.3141 17.0067 -0.04418 -0.07503 0.00233
1712413901 473157267 base_link 0.2844 -0.4154 16.8709 -0.04386 -0.07481 0.00676
1712413901 483119417 base_link 0.0143 -0.4201 17.1222 -0.03961 -0.05191 0.00491
1712413901 493005292 base_link -0.0627 -0.4 17.3608 -0.03403 -0.0487 0.00681
1712413901 503176118 base_link -0.1017 -0.2935 17.4159 -0.0302 -0.05103 0.00356
1712413901 513099217 base_link 0.0844 -0.2636 17.4051 -0.03218 -0.05377 -2e-05
1712413901 523179681 base_link 0.3762 -0.2556 17.4651 -0.03541 -0.06098 0.00202
1712413901 533128726 base_link 0.4452 -0.3703 17.2931 -0.03554 -0.07113 0.00528
1712413901 543359353 base_link 0.5281 -0.3812 17.1966 -0.03721 -0.0785 0.00495
1712413901 553185324 base_link 0.443 -0.4488 17.0287 -0.04434 -0.07406 0.00443
1712413901 563130238 base_link 0.1264 -0.5611 16.8076 -0.0446 -0.06894 0.00723
1712413901 573359235 base_link 0.0869 -0.3462 17.1291 -0.03645 -0.05673 0.00718
1712413901 583132301 base_link -0.1156 -0.3007 17.2347 -0.03536 -0.04762 0.00439
1712413901 593492558 base_link 0.1011 -0.1886 17.542 -0.02186 -0.0373 0.00219
1712413901 603176442 base_link 0.0445 -0.2074 17.3691 -0.0302 -0.05084 0.00267
1712413901 613239050 base_link 0.29 -0.2514 17.2307 -0.03509 -0.05624 0.00407
1712413901 623107212 base_link 0.2845 -0.3627 17.0072 -0.04562 -0.05938 0.00326
1712413901 633152883 base_link 0.2828 -0.345 17.3922 -0.03787 -0.06763 0.00368
1712413901 643422294 base_link 0.0652 -0.2457 17.4269 -0.03403 -0.05526 0.00362
1712413901 652139988 base_link 0.2897 -0.2466 17.3633 -0.03684 -0.06212 0.0021
1712413901 663454246 base_link 0.2962 -0.3128 17.3859 -0.03772 -0.05603 0.00054
1712413901 673546530 base_link 0.2317 -0.3112 16.936 -0.04671 -0.0663 0.0044
1712413901 684052049 base_link 0.2318 -0.358 16.9493 -0.04326 -0.06196 0.00545
1712413901 693464015 base_link 0.0243 -0.4028 16.8576 -0.04173 -0.05661 0.00772
1712413901 703465083 base_link 0.0787 -0.3635 17.0869 -0.03852 -0.03446 0.00667
1712413901 713272707 base_link 0.1311 -0.1741 17.3797 -0.02577 -0.04407 0.00269
1712413901 723337284 base_link 0.2093 -0.2932 17.4021 -0.02439 -0.05781 0.00517
1712413901 733268816 base_link 0.2105 -0.3051 17.3566 -0.03064 -0.06934 0.0027
1712413901 743257817 base_link 0.4794 -0.3345 17.3816 -0.03101 -0.07327 0.00365
1712413901 753371210 base_link 0.5389 -0.4027 17.1857 -0.03866 -0.07898 0.00537
1712413901 763278807 base_link 0.2872 -0.4609 17.1009 -0.04783 -0.07542 0.00678
1712413901 773384918 base_link -0.0447 -0.468 16.8805 -0.05275 -0.07518 0.00633
1712413901 783473215 base_link -0.2033 -0.2769 17.1289 -0.03805 -0.06054 0.00297
1712413901 793376364 base_link -0.0773 -0.2496 17.2496 -0.03253 -0.03988 0.00398
1712413901 803348139 base_link -0.0236 -0.1878 17.2345 -0.03156 -0.04228 0.00143
1712413901 813466958 base_link 0.1343 -0.3277 16.7696 -0.03122 -0.06436 0.00335
1712413901 823340990 base_link 0.153 -0.246 17.1398 -0.03654 -0.06046 0.00322
1712413901 833310670 base_link 0.1915 -0.1997 17.4827 -0.03016 -0.05132 0.00337
1712413901 843291370 base_link 0.1669 -0.186 17.328 -0.03541 -0.06967 -8e-05
1712413901 853324182 base_link 0.0812 -0.31 16.8433 -0.04231 -0.06784 0.0025
1712413901 865462356 base_link 0.3375 -0.3739 16.9685 -0.04084 -0.06137 0.00567
1712413901 873451448 base_link 0.2095 -0.3213 17.322 -0.03492 -0.04195 0.00596
1712413901 883441980 base_link 0.2835 -0.2628 17.4333 -0.02792 -0.04825 0.00186
1712413901 893459176 base_link 0.2871 -0.2994 17.107 -0.03578 -0.06059 0.00176
1712413901 903522653 base_link 0.304 -0.3178 17.2829 -0.03686 -0.06637 0.00453
1712413901 913436171 base_link -0.019 -0.2667 17.3364 -0.03782 -0.07331 0.004
1712413901 923489193 base_link -0.1054 -0.2337 17.4469 -0.03186 -0.06865 0.00303
1712413901 933714440 base_link 0.0006 -0.2682 17.575 -0.03071 -0.06022 0.00358
1712413901 943603425 base_link 0.2529 -0.1495 17.4876 -0.02763 -0.0661 0.00044
1712413901 953420481 base_link 0.1629 -0.2573 17.0489 -0.03839 -0.06606 0.00139
1712413901 963819807 base_link 0.2041 -0.2685 17.0916 -0.04227 -0.0506 0.00289
1712413901 973627120 base_link 0.0664 -0.3259 17.1428 -0.04026 -0.03841 0.00408
1712413901 981645461 base_link 0.2101 -0.2908 17.1584 -0.03785 -0.03721 0.00368
1712413901 993498979 base_link 0.1461 -0.2788 17.022 -0.04357 -0.05832 0.00278
1712413902 3497369 base_link 0.0725 -0.2336 17.1488 -0.03806 -0.06961 0.00263
1712413902 13723719 base_link -0.0275 -0.233 17.2578 -0.03803 -0.06254 0.00203
1712413902 22150279 base_link 0.2374 -0.2775 17.0162 -0.04034 -0.0765 0.00403
1712413902 31710906 base_link 0.0197 -0.3322 17.2243 -0.0409 -0.0673 0.00385
1712413902 41611742 base_link 0.1624 -0.3825 17.098 -0.03966 -0.06252 0.00385
