1712413895 813206052 base_link 0.192559 -0.164239 0.736114 -0.00875191 0.0264218 -0.00499177
1712413895 823336037 base_link 0.181852 -0.172978 0.741118 -0.00972856 0.0267846 -0.00517458
1712413895 834977244 base_link 0.179241 -0.181735 0.754332 -0.0110522 0.0262358 -0.00512143
1712413895 843305322 base_link 0.200689 -0.200024 0.746974 -0.0114573 0.0268134 -0.00534402
1712413895 853423395 base_link 0.224552 -0.203008 0.771593 -0.0111349 0.0254218 -0.00526786
1712413895 863477826 base_link 0.228048 -0.194818 0.771212 -0.0108658 0.0248756 -0.00540047
1712413895 873766847 base_link 0.236019 -0.180706 0.74184 -0.00982929 0.0246597 -0.00530244
1712413895 883643650 base_link 0.232478 -0.170402 0.76288 -0.00924381 0.023536 -0.00528056
1712413895 893349263 base_link 0.211342 -0.148644 0.740572 -0.0098439 0.0237869 -0.00505056
1712413895 903662724 base_link 0.193431 -0.14725 0.747099 -0.0112889 0.0240739 -0.00510994
1712413895 913479302 base_link 0.185263 -0.15735 0.751214 -0.0119297 0.0245989 -0.00518084
1712413895 923970328 base_link 0.182403 -0.164798 0.750651 -0.0134858 0.0249873 -0.00501895
1712413895 934364935 base_link 0.181651 -0.161391 0.749031 -0.0137593 0.025424 -0.00499961
1712413895 943481183 base_link 0.16643 -0.147968 0.730831 -0.0135051 0.0249058 -0.00503684
1712413895 953463045 base_link 0.156208 -0.124799 0.707004 -0.0130957 0.0241831 -0.00471393
1712413895 963540502 base_link 0.150254 -0.111624 0.679721 -0.0124515 0.0244168 -0.0044323
1712413895 973520236 base_link 0.161516 -0.100278 0.671991 -0.0120635 0.0251 -0.00400641
1712413895 983471104 base_link 0.151525 -0.0955406 0.664323 -0.0130065 0.0258342 -0.00368557
1712413895 994952710 base_link 0.13767 -0.0886029 0.643548 -0.0144555 0.0270279 -0.00322586
1712413896 3591521 base_link 0.141149 -0.0935581 0.631387 -0.0154183 0.0287086 -0.00312142
1712413896 14116095 base_link 0.140405 -0.0814215 0.620567 -0.0159107 0.0282681 -0.0028181
1712413896 23762136 base_link 0.145337 -0.0549359 0.596472 -0.0155695 0.0292493 -0.00236538
1712413896 34236432 base_link 0.139395 -0.0395274 0.605925 -0.0142186 0.0293873 -0.00210627
1712413896 43871876 base_link 0.132675 -0.0356214 0.62559 -0.0130851 0.0294784 -0.00193972
1712413896 54801871 base_link 0.132088 -0.0332545 0.620801 -0.0132851 0.031126 -0.00188378
1712413896 64092896 base_link 0.12354 -0.0381055 0.646056 -0.0133872 0.0319714 -0.00208361
1712413896 73510524 base_link 0.132462 -0.0566272 0.651812 -0.013325 0.0316754 -0.00253138
1712413896 83737363 base_link 0.133871 -0.0717242 0.668748 -0.0132514 0.0302449 -0.00289641
1712413896 93803827 base_link 0.127134 -0.0756081 0.686149 -0.012783 0.0290086 -0.00332956
1712413896 104092076 base_link 0.143639 -0.0795679 0.66601 -0.0122242 0.0286144 -0.00357512
1712413896 113820762 base_link 0.154891 -0.0788801 0.684265 -0.0117321 0.0265795 -0.00353143
1712413896 124367493 base_link 0.168758 -0.101998 0.71442 -0.0109606 0.0256593 -0.00418035
1712413896 133431269 base_link 0.178257 -0.11749 0.723712 -0.0114184 0.0258144 -0.0045729
1712413896 143643017 base_link 0.188595 -0.123434 0.734856 -0.0117484 0.024745 -0.00482604
1712413896 154922189 base_link 0.194995 -0.123825 0.72549 -0.0126985 0.0242039 -0.00494575
1712413896 163923229 base_link 0.191669 -0.138128 0.761087 -0.0122525 0.0237418 -0.00524856
1712413896 173585498 base_link 0.203228 -0.141473 0.751596 -0.012112 0.023982 -0.00523746
1712413896 183709397 base_link 0.188049 -0.12051 0.725588 -0.0131994 0.0251109 -0.00485227
1712413896 193659382 base_link 0.169831 -0.106028 0.709605 -0.0134696 0.02523 -0.00476893
1712413896 203202362 base_link 0.17093 -0.0992794 0.6887 -0.0136377 0.0257899 -0.00470533
1712413896 213861398 base_link 0.177172 -0.0963458 0.695422 -0.0130914 0.0263927 -0.00472353
1712413896 223637030 base_link 0.173998 -0.101288 0.695427 -0.0131691 0.0271699 -0.00473261
1712413896 234333891 base_link 0.168009 -0.0899809 0.683266 -0.013455 0.0280721 -0.0043718
1712413896 244175852 base_link 0.163436 -0.0963889 0.675609 -0.013926 0.0275553 -0.0044405
1712413896 253564431 base_link 0.168646 -0.102613 0.656899 -0.013885 0.0288648 -0.00435502
1712413896 263822253 base_link 0.171913 -0.0944704 0.6528 -0.0132413 0.0288635 -0.00404336
1712413896 273690018 base_link 0.187138 -0.0795463 0.633547 -0.0126531 0.0294948 -0.00373602
1712413896 284310309 base_link 0.182422 -0.0653506 0.620489 -0.0120379 0.0302956 -0.00350044
1712413896 293781563 base_link 0.182999 -0.0675868 0.66297 -0.0112585 0.0296082 -0.00337841
1712413896 305050760 base_link 0.204332 -0.0758806 0.669096 -0.01148 0.0306192 -0.00327968
1712413896 313761500 base_link 0.22184 -0.0887171 0.69296 -0.0116428 0.0312012 -0.00336238
1712413896 324531207 base_link 0.223592 -0.103659 0.736688 -0.0119143 0.0298822 -0.0034092
1712413896 334039380 base_link 0.223494 -0.0998718 0.723888 -0.012458 0.0293838 -0.00337965
1712413896 344796747 base_link 0.214794 -0.0850681 0.702412 -0.0127379 0.0298636 -0.0032401
1712413896 354215181 base_link 0.217747 -0.0718729 0.693229 -0.0122233 0.0294904 -0.00301077
1712413896 364107239 base_link 0.226049 -0.0713867 0.716631 -0.0120402 0.027695 -0.00295015
1712413896 374228208 base_link 0.215974 -0.0804846 0.732911 -0.0122902 0.0277425 -0.00328714
1712413896 384189011 base_link 0.205002 -0.0840852 0.699896 -0.0127828 0.0287151 -0.00343161
1712413896 392953202 base_link 0.203397 -0.0896785 0.723143 -0.0129548 0.02776 -0.00337968
1712413896 403928109 base_link 0.210196 -0.0883089 0.693436 -0.0134201 0.0280988 -0.00334372
1712413896 414323757 base_link 0.191462 -0.0811745 0.669627 -0.0137848 0.0281476 -0.00342162
1712413896 428857676 base_link 0.156837 -0.0710186 0.65236 -0.0138758 0.0270272 -0.00325899
1712413896 434121482 base_link 0.134952 -0.0618225 0.610424 -0.0137963 0.0273316 -0.00340576
1712413896 444059357 base_link 0.123184 -0.0645095 0.613824 -0.0133057 0.0278895 -0.00340436
1712413896 460285799 base_link 0.132703 -0.0843109 0.642776 -0.013126 0.0269965 -0.0034813
1712413896 464083996 base_link 0.136879 -0.0961794 0.65112 -0.0141936 0.0277493 -0.00350218
1712413896 474011825 base_link 0.128984 -0.111182 0.654492 -0.0147803 0.0285918 -0.00367802
1712413896 484251199 base_link 0.146374 -0.131544 0.671995 -0.0141168 0.0281068 -0.00411308
1712413896 494212543 base_link 0.152223 -0.127995 0.706548 -0.0136572 0.0274519 -0.00410935
1712413896 503917604 base_link 0.148937 -0.12533 0.70697 -0.0130206 0.0267451 -0.00439103
1712413896 514126873 base_link 0.135536 -0.123675 0.702953 -0.0123501 0.027139 -0.00470539
1712413896 524083939 base_link 0.133983 -0.124823 0.704976 -0.0122933 0.0274083 -0.00452687
1712413896 534191569 base_link 0.153248 -0.143812 0.736684 -0.0123916 0.0274387 -0.00483762
1712413896 543704387 base_link 0.185582 -0.159915 0.763421 -0.0130771 0.0277875 -0.00485517
1712413896 554331174 base_link 0.19072 -0.16451 0.77959 -0.0133645 0.0267572 -0.00508177
1712413896 564233229 base_link 0.196325 -0.162017 0.778818 -0.0123227 0.0269716 -0.00537127
1712413896 573910642 base_link 0.187973 -0.1434 0.768361 -0.0108403 0.0266375 -0.0053267
1712413896 584884488 base_link 0.170896 -0.115069 0.757706 -0.00925965 0.0273552 -0.0052172
1712413896 594093568 base_link 0.15195 -0.085214 0.694453 -0.0101539 0.0288284 -0.00449742
1712413896 604155813 base_link 0.148119 -0.0849686 0.667909 -0.0112357 0.0282971 -0.00420518
1712413896 612773383 base_link 0.157302 -0.0886235 0.638183 -0.0131867 0.0280241 -0.00415925
1712413896 624560845 base_link 0.18029 -0.0981303 0.63561 -0.0144142 0.0270417 -0.00406288
1712413896 634379590 base_link 0.19823 -0.0960437 0.645076 -0.0141338 0.025999 -0.00393272
1712413896 643846612 base_link 0.210335 -0.0885177 0.631955 -0.0134513 0.0256125 -0.00387371
1712413896 654509936 base_link 0.184371 -0.0620759 0.606491 -0.0125629 0.0254544 -0.00378094
1712413896 664301380 base_link 0.172515 -0.0480431 0.599754 -0.0121976 0.0269973 -0.00352923
1712413896 674136115 base_link 0.163587 -0.0483513 0.590772 -0.0130672 0.0285316 -0.00317371
1712413896 684680811 base_link 0.158968 -0.0696572 0.617408 -0.0143316 0.0287726 -0.00335767
1712413896 694049467 base_link 0.170123 -0.0879735 0.609093 -0.0163803 0.0285526 -0.00344749
1712413896 704101852 base_link 0.173918 -0.107163 0.633966 -0.0166139 0.0278082 -0.0037835
1712413896 714044146 base_link 0.1698 -0.116106 0.661352 -0.0157165 0.0276632 -0.0039707
1712413896 724233105 base_link 0.183878 -0.137956 0.702422 -0.0134351 0.0273508 -0.00444165
1712413896 734387158 base_link 0.184605 -0.14326 0.747809 -0.0117072 0.0261374 -0.00470896
1712413896 744410982 base_link 0.170998 -0.145174 0.742265 -0.0115823 0.0270349 -0.00491931
1712413896 754108955 base_link 0.155803 -0.137733 0.723665 -0.0127845 0.0278373 -0.00473059
1712413896 762285296 base_link 0.149767 -0.144136 0.718399 -0.0142412 0.028058 -0.00458028
1712413896 774116862 base_link 0.165284 -0.154985 0.714565 -0.0151478 0.0270937 -0.00476921
1712413896 782876359 base_link 0.157326 -0.157497 0.73074 -0.0152684 0.0260378 -0.00506197
1712413901 53803498 base_link 0.248313 -0.0682589 0.597527 -0.0167274 0.0281062 -0.00435174
1712413901 63814098 base_link 0.238575 -0.088644 0.598552 -0.0161488 0.0240623 -0.00449438
1712413901 74215634 base_link 0.226831 -0.101939 0.612096 -0.0146404 0.020936 -0.00465314
1712413901 84092602 base_link 0.209866 -0.115483 0.634698 -0.0138246 0.0201737 -0.00484136
1712413901 93385800 base_link 0.205292 -0.126327 0.646997 -0.0135923 0.0226714 -0.00511964
1712413901 104143872 base_link 0.19913 -0.121331 0.649458 -0.0138517 0.0261815 -0.00503498
1712413901 114100330 base_link 0.206946 -0.106219 0.627911 -0.0146618 0.0294275 -0.00472643
1712413901 123880566 base_link 0.211303 -0.095382 0.594434 -0.0151326 0.0310999 -0.00480485
1712413901 133629601 base_link 0.19757 -0.0964127 0.561532 -0.0150911 0.0290266 -0.00448639
1712413901 143582320 base_link 0.17838 -0.107328 0.566693 -0.0142143 0.0253379 -0.00422258
1712413901 153572287 base_link 0.145335 -0.12927 0.588042 -0.0131749 0.0232904 -0.00442425
1712413901 163555840 base_link 0.12194 -0.158355 0.630279 -0.0118993 0.0231344 -0.00524316
1712413901 173865653 base_link 0.137139 -0.174188 0.68061 -0.0110124 0.0250982 -0.00554771
1712413901 184165102 base_link 0.164926 -0.177097 0.680072 -0.0116488 0.0285994 -0.00561281
1712413901 194321114 base_link 0.206579 -0.165431 0.648184 -0.0128128 0.0316317 -0.00545934
1712413901 203983742 base_link 0.221563 -0.14159 0.619456 -0.0138115 0.0314493 -0.00509542
1712413901 213758471 base_link 0.209045 -0.129327 0.599833 -0.0145772 0.0304614 -0.00486774
1712413901 223764020 base_link 0.156433 -0.145092 0.600302 -0.0140948 0.0288375 -0.00503635
1712413901 233934118 base_link 0.120469 -0.16594 0.635537 -0.012831 0.0263806 -0.00510172
1712413901 244011086 base_link 0.118395 -0.177799 0.647169 -0.0124143 0.0257833 -0.00557113
1712413901 253744251 base_link 0.154222 -0.173609 0.622266 -0.0122464 0.027136 -0.00568661
1712413901 263747195 base_link 0.187702 -0.1717 0.614571 -0.0126961 0.0264646 -0.00548359
1712413901 273747974 base_link 0.195175 -0.161754 0.58789 -0.0133539 0.025682 -0.00514991
1712413901 284319454 base_link 0.186496 -0.15256 0.553462 -0.0134593 0.0262437 -0.00503781
1712413901 293861414 base_link 0.190181 -0.154039 0.559717 -0.0132146 0.0261334 -0.00488929
1712413901 304281381 base_link 0.187214 -0.156945 0.564023 -0.0129986 0.0263877 -0.0047845
1712413901 314185992 base_link 0.174158 -0.156885 0.559615 -0.012887 0.0277613 -0.00478243
1712413901 325960096 base_link 0.157815 -0.151525 0.562873 -0.0132897 0.0283307 -0.00460415
1712413901 334020536 base_link 0.154279 -0.142792 0.588155 -0.0133049 0.0280282 -0.00447643
1712413901 344846595 base_link 0.1566 -0.152851 0.609152 -0.0132069 0.0281295 -0.00472053
1712413901 353874659 base_link 0.162763 -0.15943 0.627048 -0.012665 0.0273509 -0.0048952
1712413901 362685221 base_link 0.160491 -0.157997 0.638773 -0.0124857 0.0265472 -0.00500721
1712413901 374038954 base_link 0.153104 -0.15303 0.612389 -0.0131514 0.0279452 -0.00499138
1712413901 383516944 base_link 0.142253 -0.140396 0.579883 -0.0140781 0.0291079 -0.00464227
1712413901 393809587 base_link 0.133122 -0.137066 0.595518 -0.0144935 0.0273755 -0.00467034
1712413901 404217302 base_link 0.127403 -0.140034 0.627315 -0.0144307 0.0254321 -0.00476866
1712413901 414597577 base_link 0.121568 -0.145191 0.64511 -0.0141972 0.0242845 -0.00500954
1712413901 424118617 base_link 0.149507 -0.139755 0.656313 -0.013798 0.023639 -0.00507173
1712413901 434297136 base_link 0.190131 -0.121339 0.641074 -0.0140506 0.0238963 -0.00490705
1712413901 447275672 base_link 0.227647 -0.0934753 0.580542 -0.0153038 0.0258872 -0.00473011
1712413901 454498244 base_link 0.225175 -0.0669241 0.551608 -0.0155483 0.0257708 -0.00407268
1712413901 464107115 base_link 0.196907 -0.0564274 0.573943 -0.0151489 0.0255876 -0.00346631
1712413901 474751599 base_link 0.161849 -0.0721471 0.62901 -0.0144605 0.0252221 -0.00379555
1712413901 484352826 base_link 0.160258 -0.0823879 0.668081 -0.0134617 0.0259705 -0.00407755
1712413901 494027503 base_link 0.195285 -0.0983413 0.689504 -0.0130618 0.0266288 -0.00455084
1712413901 504148862 base_link 0.232198 -0.0885929 0.656574 -0.0136462 0.0286161 -0.00426183
1712413901 513871553 base_link 0.235106 -0.0782154 0.612004 -0.0142703 0.0300273 -0.00396154
1712413901 524022254 base_link 0.209436 -0.0752705 0.578786 -0.0144086 0.029704 -0.00381941
1712413901 533882976 base_link 0.168293 -0.0925174 0.5736 -0.0145182 0.0279143 -0.00392231
1712413901 544799119 base_link 0.125939 -0.118849 0.580163 -0.0138165 0.0247873 -0.00431064
1712413901 554112024 base_link 0.0992665 -0.152623 0.626304 -0.0122482 0.0214189 -0.00457216
1712413901 563960131 base_link 0.125127 -0.184858 0.661069 -0.0118432 0.0210884 -0.00509285
1712413901 574072895 base_link 0.149124 -0.187197 0.649892 -0.0124989 0.022914 -0.00552321
1712413901 584006300 base_link 0.185463 -0.176553 0.616861 -0.0132758 0.0253835 -0.00529602
1712413901 594258165 base_link 0.177312 -0.155338 0.578792 -0.0148918 0.0267296 -0.00504194
1712413901 603821412 base_link 0.167537 -0.137842 0.578122 -0.0152396 0.0265327 -0.00466642
1712413901 614026955 base_link 0.131925 -0.134155 0.594984 -0.0147942 0.02606 -0.0047151
1712413901 623912119 base_link 0.113309 -0.143368 0.631107 -0.0135716 0.025599 -0.00501541
1712413901 633802474 base_link 0.121815 -0.151511 0.637694 -0.013347 0.0249956 -0.0051692
1712413901 644283122 base_link 0.155199 -0.140054 0.625546 -0.0134851 0.0265529 -0.00501015
1712413901 653336172 base_link 0.176846 -0.12771 0.610443 -0.0135211 0.0280407 -0.00474407
1712413901 664697669 base_link 0.187851 -0.114888 0.577966 -0.0140976 0.0299108 -0.00437922
1712413901 674676524 base_link 0.178235 -0.0921318 0.566404 -0.0139061 0.0301499 -0.0041209
1712413901 684883949 base_link 0.165071 -0.0933038 0.58275 -0.0132861 0.0296748 -0.00396612
1712413901 694238789 base_link 0.152844 -0.103243 0.616995 -0.0127544 0.028813 -0.0042745
1712413901 704880642 base_link 0.154924 -0.119333 0.658292 -0.0112404 0.0290757 -0.00468115
1712413901 714323100 base_link 0.147753 -0.115875 0.657373 -0.0116 0.0296187 -0.0046797
1712413901 724456726 base_link 0.155091 -0.119589 0.641771 -0.0125725 0.0294747 -0.00478003
1712413901 734546948 base_link 0.161798 -0.114192 0.61003 -0.0139328 0.0285667 -0.0047329
1712413901 744015311 base_link 0.14763 -0.11336 0.611097 -0.0145645 0.0276772 -0.00473703
1712413901 754124286 base_link 0.104595 -0.127811 0.632964 -0.0141399 0.0255223 -0.00490631
1712413901 764107750 base_link 0.105808 -0.147194 0.656752 -0.0131172 0.0242208 -0.00533825
1712413901 774075113 base_link 0.136829 -0.161465 0.702628 -0.0117479 0.0224848 -0.00587295
1712413901 785006130 base_link 0.176367 -0.158196 0.685102 -0.012536 0.0230064 -0.0057404
1712413901 794505644 base_link 0.202361 -0.148594 0.657778 -0.0135588 0.025223 -0.00559568
1712413901 804203193 base_link 0.206674 -0.128881 0.623605 -0.0144855 0.0265214 -0.00501757
1712413901 814407790 base_link 0.199341 -0.125264 0.652412 -0.0150925 0.0240324 -0.00472451
1712413901 824079407 base_link 0.197369 -0.131907 0.674191 -0.0141109 0.0225443 -0.00478005
1712413901 834066662 base_link 0.19897 -0.123369 0.666903 -0.0135873 0.0231345 -0.00461381
1712413901 844090312 base_link 0.204541 -0.112596 0.669598 -0.0131581 0.0229388 -0.0043633
1712413901 854030995 base_link 0.24075 -0.110537 0.718535 -0.0121316 0.0234337 -0.00425669
1712413901 866358776 base_link 0.258612 -0.108439 0.738265 -0.0119839 0.0250805 -0.00427695
1712413901 874280932 base_link 0.265648 -0.095642 0.718223 -0.0131627 0.0281209 -0.00418782
1712413901 884204497 base_link 0.235538 -0.0770366 0.668052 -0.0154479 0.0305863 -0.00376963
1712413901 894678187 base_link 0.19096 -0.0791686 0.670046 -0.0156542 0.0305809 -0.0036596
1712413901 905293166 base_link 0.156306 -0.0854145 0.667 -0.0152564 0.0281736 -0.00372096
1712413901 914281596 base_link 0.157996 -0.091668 0.657777 -0.0145936 0.0251418 -0.00396869
1712413901 924453774 base_link 0.179761 -0.0827941 0.596241 -0.0145347 0.0247517 -0.00394145
1712413901 934588184 base_link 0.192922 -0.0850761 0.556636 -0.0151119 0.0248426 -0.00397407
1712413901 944685739 base_link 0.187332 -0.0805201 0.556214 -0.0153395 0.0234973 -0.00371397
1712413901 955759310 base_link 0.185865 -0.0873191 0.5815 -0.0150892 0.0240135 -0.00384424
1712413901 966811493 base_link 0.174679 -0.0834598 0.558949 -0.0150955 0.0255809 -0.00387235
1712413901 974953827 base_link 0.199312 -0.0789798 0.543116 -0.0151518 0.0276674 -0.00371801
1712413901 982945276 base_link 0.198119 -0.076494 0.557965 -0.0149077 0.0282129 -0.00350788
1712413901 994564547 base_link 0.210626 -0.078102 0.595344 -0.0134835 0.0273003 -0.00359632
1712413902 5001936 base_link 0.231757 -0.0718811 0.591618 -0.0132561 0.0263156 -0.00368079
1712413902 14713098 base_link 0.261881 -0.0641311 0.593928 -0.0131503 0.0266629 -0.00345192
1712413902 23708396 base_link 0.238582 -0.0652892 0.623038 -0.0129207 0.0263733 -0.00345607
1712413902 32951933 base_link 0.225165 -0.0745573 0.64317 -0.0121186 0.0267076 -0.00352845
