1712413895 804270262 tool0 0 0 0 0 0 0
1712413895 804286468 tool0 0 0 0 0 0 0
1712413895 824389392 tool0 0 0 0 0 0 0
1712413895 824403591 tool0 0 0 0 0 0 0
1712413895 844200495 tool0 0 0 0 0 0 0
1712413895 844237678 tool0 0 0 0 0 0 0
1712413895 864561666 tool0 0 0 0 0 0 0
1712413895 864604510 tool0 0 0 0 0 0 0
1712413895 884451110 tool0 0 0 0 0 0 0
1712413895 884488063 tool0 0 0 0 0 0 0
1712413895 904436599 tool0 0 0 0 0 0 0
1712413895 904460670 tool0 0 0 0 0 0 0
1712413895 924448011 tool0 0 0 0 0 0 0
1712413895 944581473 tool0 0 0 0 0 0 0
1712413895 944626562 tool0 0 0 0 0 0 0
1712413895 944635339 tool0 0 0 0 0 0 0
1712413895 964424816 tool0 0 0 0 0 0 0
1712413895 964444935 tool0 0 0 0 0 0 0
1712413895 984328462 tool0 0 0 0 0 0 0
1712413895 984368848 tool0 0 0 0 0 0 0
1712413896 4382913 tool0 0 0 0 0 0 0
1712413896 4418005 tool0 0 0 0 0 0 0
1712413896 24179358 tool0 0 0 0 0 0 0
1712413896 24220524 tool0 0 0 0 0 0 0
1712413896 44222770 tool0 0 0 0 0 0 0
1712413896 44261069 tool0 0 0 0 0 0 0
1712413896 64252358 tool0 0 0 0 0 0 0
1712413896 84197308 tool0 0 0 0 0 0 0
1712413896 84221732 tool0 0 0 0 0 0 0
1712413896 84228130 tool0 0 0 0 0 0 0
1712413896 104260961 tool0 0 0 0 0 0 0
1712413896 124306935 tool0 0 0 0 0 0 0
1712413896 124333767 tool0 0 0 0 0 0 0
1712413896 144689202 tool0 0 0 0 0 0 0
1712413896 144715538 tool0 0 0 0 0 0 0
1712413896 144721482 tool0 0 0 0 0 0 0
1712413896 164244583 tool0 0 0 0 0 0 0
1712413896 184265080 tool0 0 0 0 0 0 0
1712413896 184308143 tool0 0 0 0 0 0 0
1712413896 184315400 tool0 0 0 0 0 0 0
1712413896 204344425 tool0 0 0 0 0 0 0
1712413896 204365870 tool0 0 0 0 0 0 0
1712413896 224222910 tool0 0 0 0 0 0 0
1712413896 224261121 tool0 0 0 0 0 0 0
1712413896 244455427 tool0 0 0 0 0 0 0
1712413896 244477912 tool0 0 0 0 0 0 0
1712413896 264500691 tool0 0 0 0 0 0 0
1712413896 264539211 tool0 0 0 0 0 0 0
1712413896 284236988 tool0 0 0 0 0 0 0
1712413896 304348391 tool0 0 0 0 0 0 0
1712413896 304365347 tool0 0 0 0 0 0 0
1712413896 324387985 tool0 0 0 0 0 0 0
1712413896 324432023 tool0 0 0 0 0 0 0
1712413896 344424714 tool0 0 0 0 0 0 0
1712413896 344451497 tool0 0 0 0 0 0 0
1712413896 364296284 tool0 0 0 0 0 0 0
1712413896 364336868 tool0 0 0 0 0 0 0
1712413896 384398850 tool0 0 0 0 0 0 0
1712413896 384419491 tool0 0 0 0 0 0 0
1712413896 404303253 tool0 0 0 0 0 0 0
1712413896 404324994 tool0 0 0 0 0 0 0
1712413896 424428298 tool0 0 0 0 0 0 0
1712413896 424509253 tool0 0 0 0 0 0 0
1712413896 444269006 tool0 0 0 0 0 0 0
1712413896 444286421 tool0 0 0 0 0 0 0
1712413896 464247115 tool0 0 0 0 0 0 0
1712413896 464263667 tool0 0 0 0 0 0 0
1712413896 484527181 tool0 0 0 0 0 0 0
1712413896 484569099 tool0 0 0 0 0 0 0
1712413896 504300001 tool0 0 0 0 0 0 0
1712413896 504320483 tool0 0 0 0 0 0 0
1712413896 524212416 tool0 0 0 0 0 0 0
1712413896 524260952 tool0 0 0 0 0 0 0
1712413896 544855207 tool0 0 0 0 0 0 0
1712413896 544874596 tool0 0 0 0 0 0 0
1712413896 544880544 tool0 0 0 0 0 0 0
1712413896 564293119 tool0 0 0 0 0 0 0
1712413896 584184608 tool0 0 0 0 0 0 0
1712413896 584226212 tool0 0 0 0 0 0 0
1712413896 604336405 tool0 0 0 0 0 0 0
1712413896 604353392 tool0 0 0 0 0 0 0
1712413896 624584284 tool0 0 0 0 0 0 0
1712413896 624621844 tool0 0 0 0 0 0 0
1712413896 644297120 tool0 0 0 0 0 0 0
1712413896 644342798 tool0 0 0 0 0 0 0
1712413896 644351902 tool0 0 0 0 0 0 0
1712413896 664373359 tool0 0 0 0 0 0 0
1712413896 684245239 tool0 0 0 0 0 0 0
1712413896 684288147 tool0 0 0 0 0 0 0
1712413896 704349220 tool0 0 0 0 0 0 0
1712413896 704369890 tool0 0 0 0 0 0 0
1712413896 704375524 tool0 0 0 0 0 0 0
1712413896 724458386 tool0 0 0 0 0 0 0
1712413896 744212296 tool0 0 0 0 0 0 0
1712413896 744234451 tool0 0 0 0 0 0 0
1712413896 764487055 tool0 0 0 0 0 0 0
1712413896 764510182 tool0 0 0 0 0 0 0
1712413896 764516261 tool0 0 0 0 0 0 0
1712413896 784496044 tool0 0 0 0 0 0 0
1712413896 784522141 tool0 0 0 0 0 0 0
1712413901 64219188 tool0 0 0 0 0 0 0
1712413901 64237429 tool0 0 0 0 0 0 0
1712413901 86288229 tool0 0 0 0 0 0 0
1712413901 104568504 tool0 0 0 0 0 0 0
1712413901 104623880 tool0 0 0 0 0 0 0
1712413901 104631346 tool0 0 0 0 0 0 0
1712413901 124179437 tool0 0 0 0 0 0 0
1712413901 144262197 tool0 0 0 0 0 0 0
1712413901 144308408 tool0 0 0 0 0 0 0
1712413901 144316514 tool0 0 0 0 0 0 0
1712413901 164301324 tool0 0 0 0 0 0 0
1712413901 164349119 tool0 0 0 0 0 0 0
1712413901 184252891 tool0 0 0 0 0 0 0
1712413901 204214473 tool0 0 0 0 0 0 0
1712413901 204248498 tool0 0 0 0 0 0 0
1712413901 204255574 tool0 0 0 0 0 0 0
1712413901 224201795 tool0 0 0 0 0 0 0
1712413901 224238401 tool0 0 0 0 0 0 0
1712413901 244282388 tool0 0 0 0 0 0 0
1712413901 264290585 tool0 0 0 0 0 0 0
1712413901 264325616 tool0 0 0 0 0 0 0
1712413901 264332907 tool0 0 0 0 0 0 0
1712413901 284288623 tool0 0 0 0 0 0 0
1712413901 304490906 tool0 0 0 0 0 0 0
1712413901 304547735 tool0 0 0 0 0 0 0
1712413901 324444023 tool0 0 0 0 0 0 0
1712413901 324524486 tool0 0 0 0 0 0 0
1712413901 344494709 tool0 0 0 0 0 0 0
1712413901 344533801 tool0 0 0 0 0 0 0
1712413901 364810202 tool0 0 0 0 0 0 0
1712413901 364845721 tool0 0 0 0 0 0 0
1712413901 364850042 tool0 0 0 0 0 0 0
1712413901 384847865 tool0 0 0 0 0 0 0
1712413901 384912810 tool0 0 0 0 0 0 0
1712413901 404241774 tool0 0 0 0 0 0 0
1712413901 424354223 tool0 0 0 0 0 0 0
1712413901 424398722 tool0 0 0 0 0 0 0
1712413901 424425281 tool0 0 0 0 0 0 0
1712413901 444598082 tool0 0 0 0 0 0 0
1712413901 464491901 tool0 0 0 0 0 0 0
1712413901 464515840 tool0 0 0 0 0 0 0
1712413901 464522208 tool0 0 0 0 0 0 0
1712413901 484231038 tool0 0 0 0 0 0 0
1712413901 504344312 tool0 0 0 0 0 0 0
1712413901 504390221 tool0 0 0 0 0 0 0
1712413901 524335404 tool0 0 0 0 0 0 0
1712413901 524369989 tool0 0 0 0 0 0 0
1712413901 524376913 tool0 0 0 0 0 0 0
1712413901 544265151 tool0 0 0 0 0 0 0
1712413901 564210413 tool0 0 0 0 0 0 0
1712413901 564246890 tool0 0 0 0 0 0 0
1712413901 564254345 tool0 0 0 0 0 0 0
1712413901 584261835 tool0 0 0 0 0 0 0
1712413901 605152011 tool0 0 0 0 0 0 0
1712413901 605203972 tool0 0 0 0 0 0 0
1712413901 605424965 tool0 0 0 0 0 0 0
1712413901 624237037 tool0 0 0 0 0 0 0
1712413901 624284871 tool0 0 0 0 0 0 0
1712413901 644298526 tool0 0 0 0 0 0 0
1712413901 664151638 tool0 0 0 0 0 0 0
1712413901 664190225 tool0 0 0 0 0 0 0
1712413901 684231736 tool0 0 0 0 0 0 0
1712413901 684271810 tool0 0 0 0 0 0 0
1712413901 704281885 tool0 0 0 0 0 0 0
1712413901 704341868 tool0 0 0 0 0 0 0
1712413901 724308432 tool0 0 0 0 0 0 0
1712413901 724343124 tool0 0 0 0 0 0 0
1712413901 744553223 tool0 0 0 0 0 0 0
1712413901 744578828 tool0 0 0 0 0 0 0
1712413901 744586777 tool0 0 0 0 0 0 0
1712413901 764233847 tool0 0 0 0 0 0 0
1712413901 784350812 tool0 0 0 0 0 0 0
1712413901 784408195 tool0 0 0 0 0 0 0
1712413901 804401239 tool0 0 0 0 0 0 0
1712413901 804441921 tool0 0 0 0 0 0 0
1712413901 824146580 tool0 0 0 0 0 0 0
1712413901 824169539 tool0 0 0 0 0 0 0
1712413901 844298959 tool0 0 0 0 0 0 0
1712413901 844336915 tool0 0 0 0 0 0 0
1712413901 864415267 tool0 0 0 0 0 0 0
1712413901 864462900 tool0 0 0 0 0 0 0
1712413901 884256592 tool0 0 0 0 0 0 0
1712413901 884303166 tool0 0 0 0 0 0 0
1712413901 904315890 tool0 0 0 0 0 0 0
1712413901 904402597 tool0 0 0 0 0 0 0
1712413901 924427334 tool0 0 0 0 0 0 0
1712413901 924482175 tool0 0 0 0 0 0 0
1712413901 944263158 tool0 0 0 0 0 0 0
1712413901 944303417 tool0 0 0 0 0 0 0
1712413901 964259696 tool0 0 0 0 0 0 0
1712413901 964340458 tool0 0 0 0 0 0 0
1712413901 984408279 tool0 0 0 0 0 0 0
1712413901 984445675 tool0 0 0 0 0 0 0
1712413901 984453451 tool0 0 0 0 0 0 0
1712413902 4264397 tool0 0 0 0 0 0 0
1712413902 24268921 tool0 0 0 0 0 0 0
1712413902 24332085 tool0 0 0 0 0 0 0
1712413902 24344017 tool0 0 0 0 0 0 0
