forceTarget forceNow zdd para_Bcommand_velactual_vel
10 0 0 0 -0.0099732 0
10 0 0 0 -0.0101847 0
10 0 0 0 -0.00971018 -0.0188039
10 0 0 0 -0.0100139 -0.0198717
10 0 0 0 -0.00991865 0
10 0 0 0 -0.00996809 0
10 0 0 0 -0.00989914 0
10 0 0 0 -0.0102025 0
10 0 0 0 -0.00986359 -0.0208255
10 0 0 0 -0.00984359 -0.0185047
10 0 0 0 -0.0100017 0
10 0 0 0 -0.0100639 0
10 1.55515 0 0 -0.00851016 0
10 1.84652 0 0 -0.00812427 0
10 2.22581 0 0 -0.00777956 -0.0157301
10 2.73119 0 0 -0.00718515 -0.0134446
10 3.32003 0 0 -0.00661059 -0.0146408
10 3.94522 0 0 -0.0060041 0
10 4.62004 0 0 -0.00550821 0
10 5.32208 0 0 -0.00452094 -0.0117752
10 6.71029 0 0 -0.00398495 0
10 6.71029 0 0 -0.00329979 -0.00847189
10 7.74543 0 0 -0.00223111 -0.0089904
10 8.0565 0 0 -0.0019131 0
10 8.63112 0 0 -0.00134019 0
10 9.17177 0 0 -0.000816937 -0.00185437
10 9.65879 0 0 -0.000314619 -0.00603656
10 10.0959 0 0 0.000116346 -0.00408842
10 10.8048 0 0 0.000801703 -0.000743831
10 11.0595 0 0 0.00250982 -0.00203154
10 11.3508 0 0 0.00137327 0
10 11.484 0 0 0.00134609 -0.000413095
10 11.5799 0 0 0.00159263 -0.00200957
10 11.5799 0 0 0.00156644 0
10 11.6572 0 0 0.00168486 0
10 11.7003 0 0 0.00169209 0.00114286
10 11.7003 0 0 0.00168293 0.00128925
10 11.5584 0 0 0.00158082 0.00100031
10 11.434 0 0 0.00140877 0
10 11.2994 0 0 0.00144196 0
10 11.0563 0 0 0.00105327 0
10 10.8694 0 0 0.000889547 -0.000106247
10 10.7708 0 0 0.000738299 0.00386231
10 10.4694 0 0 0.000462364 0.00105227
10 10.2631 0 0 0.000256509 0.00102663
10 10.0333 0 0 0 0
10 10.0333 0 0 0 0
10 9.81046 0 0 -0.000190709 0.000550042
10 9.49335 0 0 -0.000369706 0.00208819
10 9.34169 0 0 -0.000664894 -0.000610505
10 9.2233 0 0 -0.000653386 0
10 9.13445 0 0 -0.00076968 0
10 9.05534 0 0 -0.000948093 0
10 8.98668 0 0 -0.000940917 -0.000796282
10 8.96091 0 0 -0.00101796 0.00031964
10 8.96091 0 0 -0.00103073 -9.54573e-05
10 8.98604 0 0 -0.00101255 0
10 9.01511 0 0 -0.0010006 0
10 9.05748 0 0 -0.000930664 0
10 9.11015 0 0 -0.000899876 0
10 9.17485 0 0 -0.000815217 -0.00121462
10 9.17485 0 0 -0.000811929 -0.00210996
10 9.2699 0 0 -0.000720976 0
10 9.52001 0 0 -0.000491823 0
10 9.64272 0 0 -0.000355699 0
10 9.76863 0 0 -0.00035108 0
10 9.85142 0 0 -0.000224064 -0.00152616
10 9.93731 0 0 -0.000141712 -0.00146815
10 9.995 0 0 0 -0.000123427
10 10.0967 0 0 0 0
10 10.1528 0 0 0 0
10 10.1964 0 0 0.000200498 0
10 10.1964 0 0 0.000201106 -0.00139188
10 10.258 0 0 0.000238646 -0.000320299
10 10.2598 0 0 0.000254996 0.000794685
10 10.2735 0 0 0.000263993 0
10 10.2709 0 0 0.000269438 0
10 10.2764 0 0 0.000282476 -0.00111782
10 10.2885 0 0 0.00027829 0.000845628
10 10.2947 0 0 0.00029144 0
10 10.2952 0 0 0.000300062 0.000597784
10 10.2952 0 0 0.000286387 0
10 10.2913 0 0 0.000293627 0
10 10.2771 0 0 0.000284385 0.000715153
10 10.2369 0 0 0.000225389 0.00193686
10 10.2063 0 0 0.000243734 -0.00137011
10 10.1861 0 0 0.000206578 0
10 10.1535 0 0 0.000152776 0
10 10.1171 0 0 0.00011746 0
10 10.0981 0 0 0.000119915 6.43902e-05
10 10.0928 0 0 0 0
10 10.0779 0 0 0 0.000530123
10 10.0661 0 0 0 0
10 10.0722 0 0 0 0
10 10.0702 0 0 0 0
10 10.0623 0 0 0 0.000925598
10 10.0558 0 0 0 -0.00143099
10 10.0558 0 0 0 0.000313966
10 10.0742 0 0 0 0.00152244
10 10.0742 0 0 0 0
10 10.0739 0 0 0 0
10 10.0612 0 0 0 0
10 10.0412 0 0 0 -2.7575e-05
10 10.0412 0 0 0 0.00145031
10 9.96872 0 0 0 0
10 9.95541 0 0 0 0
10 9.95276 0 0 0 0
10 9.99627 0 0 0 0
10 10.0095 0 0 0 0
10 10.0494 0 0 0 0.00139161
10 10.0672 0 0 0 -0.00116388
10 10.0672 0 0 0 0
10 10.0425 0 0 0 0
10 10.0133 0 0 0 0
10 10.0009 0 0 0 -0.00280477
10 9.98612 0 0 0 0.00298439
10 9.98591 0 0 0 -0.00183421
10 9.98657 0 0 0 0
10 9.99907 0 0 0 0
10 9.99209 0 0 0 0
10 9.98857 0 0 0 0.000112675
10 9.9955 0 0 0 -7.60671e-05
10 10.0014 0 0 0 -0.00107956
10 9.99168 0 0 0 0.00166687
10 9.97239 0 0 0 0
10 9.97682 0 0 0 0
10 9.9739 0 0 0 0.00153211
10 9.96035 0 0 0 -0.000897787
10 9.95754 0 0 0 -5.54007e-05
10 9.99229 0 0 0 0
10 9.99054 0 0 0 0
10 9.97465 0 0 0 0.00039455
10 9.9741 0 0 0 -0.00036696
10 9.98211 0 0 0 -0.0013424
10 9.98211 0 0 0 0
10 9.93636 0 0 0 0
10 9.93294 0 0 0 0
10 9.93294 0 0 0 0.00262446
10 9.87482 0 0 -0.000120363 -0.00142496
10 9.83742 0 0 -0.000122425 -0.000299411
10 9.84053 0 0 -0.000161887 0
10 9.84326 0 0 -0.000158783 0
10 9.82887 0 0 -0.000168726 0
10 9.82594 0 0 -0.000173337 0
10 9.82594 0 0 -0.000180546 0.00134317
10 9.82425 0 0 -0.000171777 -0.000918848
10 9.79243 0 0 -0.000208486 -0.000440216
10 9.77408 0 0 -0.000207424 0
10 9.77408 0 0 -0.00022457 0
10 9.76994 0 0 -0.000232445 -9.71137e-05
10 9.76994 0 0 -0.000238186 0.00213231
10 9.77731 0 0 -0.000210676 -0.00196849
10 9.78682 0 0 -0.000213129 0
10 9.7839 0 0 -0.00021731 0
10 9.7839 0 0 -0.000214315 0
10 9.76945 0 0 -0.000219155 -0.00194403
10 9.74191 0 0 -0.000262824 0.00125726
10 9.72875 0 0 -0.000274071 -0.000431922
10 9.77283 0 0 -0.000229658 0.000502006
10 9.78599 0 0 -0.000223548 0
10 9.80135 0 0 -0.000201757 0
10 9.81927 0 0 -0.00019811 0
10 9.84849 0 0 -0.000176835 -0.000616755
10 9.87603 0 0 -0.000154282 0.000830283
10 9.91554 0 0 0 -0.000717494
10 10.0291 0 0 0 0
10 10.0673 0 0 0 0
10 10.1277 0 0 0 0
10 10.1277 0 0 0.000127178 0.000352578
10 10.1453 0 0 0.000145512 -0.000560728
10 10.1558 0 0 0.000159299 -0.000537318
10 10.1571 0 0 0.000156503 0
10 10.1655 0 0 0.000155624 0
10 10.1655 0 0 0.00016562 0
10 10.1976 0 0 0.000175464 -0.00134119
10 10.2259 0 0 0.000206469 -0.00106826
10 10.3714 0 0 0.000375077 -0.00127869
10 10.4426 0 0 0.000369604 0
10 10.767 0 0 0.000760174 0
10 10.767 0 0 0.000790213 0
10 11.2755 0 0 0.00100387 0.00205863
10 11.4665 0 0 0.00125201 0.00308107
10 11.6322 0 0 0.0014473 0
10 11.7498 0 0 0.001797 0
10 11.8452 0 0 0.00179859 0
10 11.9313 0 0 0.00194172 0
10 12.0133 0 0 0.00189827 0.00503355
10 12.0441 0 0 0.00205577 0.00381064
10 12.0383 0 0 0.00199758 0.00278235
10 12.0383 0 0 0.00203628 0
10 11.9965 0 0 0.00203608 0
10 11.7608 0 0 0.00175211 0
10 11.6338 0 0 0.00171925 0.00515317
10 11.5754 0 0 0.0015493 0.00322823
10 11.3898 0 0 0.00138735 0.00542234
10 11.2972 0 0 0.00128589 0
10 11.2124 0 0 0.00120511 0
10 11.1292 0 0 0.00120797 0
10 11.0728 0 0 0.00108661 0.00275855
10 11.0163 0 0 0.000967437 0.00384165
10 10.9562 0 0 0.000943849 0.00368532
10 10.9064 0 0 0.000916821 0.001845
10 10.9046 0 0 0.000896569 0
10 10.948 0 0 0.000892576 0
10 10.948 0 0 0.00094123 0.00144581
10 11.1152 0 0 0.0011215 0.00187938
10 11.2296 0 0 0.00121211 0.00293031
10 11.2296 0 0 0.0012242 0
10 11.4073 0 0 0.00142737 0
10 11.5413 0 0 0.00137174 0.000689039
10 11.6284 0 0 0.00162315 0.00457353
10 11.691 0 0 0.00159948 0.00234233
10 11.7201 0 0 0.00171362 0.00486995
10 11.7891 0 0 0.00182094 0.000132277
10 11.8083 0 0 0.00179829 0
10 11.8197 0 0 0.00180718 0
10 11.8417 0 0 0.00183659 0.0029277
10 11.8709 0 0 0.00183688 0.00415015
10 11.8691 0 0 0.00183123 0.00352985
10 11.8691 0 0 0.0018564 0
10 11.8467 0 0 0.00184483 0
10 11.7266 0 0 0.00183615 0
10 11.6274 0 0 0.00161479 0
10 11.6274 0 0 0.00160807 0.00340212
10 11.4565 0 0 0.00155596 0
10 11.4298 0 0 0.00144753 0
10 11.4298 0 0 0.00141265 0
10 11.3285 0 0 0.00133971 0
10 11.3285 0 0 0.00133481 0.00284049
10 11.2373 0 0 0.00124617 0.00401025
10 11.2373 0 0 0.00121445 0.00299716
10 11.1607 0 0 0.00119166 0
10 11.1681 0 0 0.00115173 0
10 11.1662 0 0 0.00118477 0
10 11.1662 0 0 0.00113254 0.00355625
10 11.2341 0 0 0.0012247 0.00274432
10 11.263 0 0 0.00122 0.00228956
10 11.2868 0 0 0.00127681 0
10 11.2957 0 0 0.00130758 0
10 11.2957 0 0 0.00128664 0.00378101
10 11.3399 0 0 0.00132228 0.000226673
10 11.357 0 0 0.00131464 0.00304143
10 11.4603 0 0 0.00146885 0.00311353
10 11.522 0 0 0.00149091 0
10 11.5361 0 0 0.00150912 0
10 11.6062 0 0 0.00151573 0.00124682
10 11.6649 0 0 0.00159228 0.00215933
10 11.6771 0 0 0.00167376 0.00369067
10 11.6765 0 0 0.00166057 0
10 11.6763 0 0 0.00170651 0
10 11.6763 0 0 0.00163964 0
10 11.6448 0 0 0.00169256 0
10 11.601 0 0 0.00159397 0.00527545
10 11.601 0 0 0.00161639 0.00275642
10 11.5506 0 0 0.00153671 0
10 11.5147 0 0 0.00155684 0
10 11.478 0 0 0.00150393 0
10 11.4561 0 0 0.00150142 0.0039304
10 11.3474 0 0 0.00129725 0.00322517
10 11.3474 0 0 0.0013372 0.00269859
10 11.1592 0 0 0.00129603 0
10 11.1592 0 0 0.00118503 0
10 10.9981 0 0 0.00110916 0
10 10.9676 0 0 0.000964162 0
10 10.9328 0 0 0.000916832 0.00180391
10 10.9202 0 0 0.00091789 0.00440434
10 10.9202 0 0 0.000907484 0
10 10.9064 0 0 0.000902809 0
10 10.8786 0 0 0.000891334 0
10 10.8945 0 0 0.000877825 0.000119884
10 10.9076 0 0 0.000885283 0.00266249
10 10.9561 0 0 0.000896764 0.00148685
10 10.9561 0 0 0.000957584 0
10 11.1363 0 0 0.00114529 0
10 11.1363 0 0 0.00113132 0
10 11.2337 0 0 0.00125062 0.00135095
10 11.3367 0 0 0.00131919 0.00158608
10 11.5393 0 0 0.00140691 0.00203895
10 11.5393 0 0 0.00154022 0
10 11.6302 0 0 0.00162663 0
10 11.734 0 0 0.0017267 0
10 11.7573 0 0 0.00174965 0
10 11.7558 0 0 0.00174887 0.00263705
10 11.7173 0 0 0.00170657 0.00303088
10 11.6661 0 0 0.00168145 0
10 11.622 0 0 0.00160813 0
10 11.6044 0 0 0.00161004 0
10 11.5771 0 0 0.00156323 0
10 11.5125 0 0 0.00157248 0.00424379
10 11.5125 0 0 0.00148556 0.00362521
10 11.3558 0 0 0.00143989 0
10 11.2438 0 0 0.00138055 0
10 11.2438 0 0 0.00122219 0
10 11.0003 0 0 0.00100232 0
10 10.9349 0 0 0.000926232 0.00116578
10 10.9125 0 0 0.000923588 0.00400062
10 10.8975 0 0 0.000896142 0.0030679
10 10.8975 0 0 0.000896077 0
10 10.9158 0 0 0.000927215 0
10 11.0212 0 0 0.000959735 0
10 11.0212 0 0 0.000998763 0.00372439
10 11.0999 0 0 0.00108015 0.00231264
10 11.2717 0 0 0.00125558 0.00122125
10 11.2717 0 0 0.0012555 0
10 11.3229 0 0 0.00131453 0
10 11.3593 0 0 0.00135808 0
10 11.4048 0 0 0.00140274 0.00182916
10 11.4123 0 0 0.00138182 0.00311196
10 11.3985 0 0 0.00138811 0.00287051
10 11.3985 0 0 0.00140381 0
10 11.3937 0 0 0.00140391 0
10 11.3846 0 0 0.00138388 0
10 11.3678 0 0 0.00134232 0.00135717
10 11.2679 0 0 0.00130684 0.00340836
10 11.2679 0 0 0.00126623 0.00258201
10 11.2235 0 0 0.00121439 0
10 11.204 0 0 0.001215 0
10 11.2206 0 0 0.00122754 0
10 11.2294 0 0 0.00119887 0.00185774
10 11.2294 0 0 0.00121484 0.00321427
10 11.229 0 0 0.00164479 0
10 11.2263 0 0 0.00166139 0
10 11.2263 0 0 0.00160756 0
10 11.2371 0 0 0.00164006 0.00193968
10 11.251 0 0 0.00168313 0
10 11.2557 0 0 0.00168116 0.00142252
10 11.2499 0 0 0.00165953 0
10 11.2499 0 0 0.00164231 0
10 11.2283 0 0 0.00168114 0
10 11.1511 0 0 0.00151506 0
10 11.0621 0 0 0.00138677 0.00217577
10 11.0621 0 0 0.00138839 0.00321797
10 10.9058 0 0 0.00129744 0
10 10.9058 0 0 0.00121918 0
10 10.7533 0 0 0.0010976 0
10 10.7143 0 0 0.00102527 0
10 10.7143 0 0 0.000903354 0.00401222
10 10.7101 0 0 0.000952139 0.000741552
10 10.6844 0 0 0.000876681 0.00369813
10 10.6737 0 0 0.000917505 0
10 10.6751 0 0 0.000880431 0
10 10.6886 0 0 0.000880679 0.00298709
10 10.6828 0 0 0.000907429 0.00152076
10 10.6885 0 0 0.000900311 0.00243483
10 10.7425 0 0 0.000998806 0.00241279
10 10.7425 0 0 0.000987504 0
10 10.7506 0 0 0.000995979 0
10 10.7708 0 0 0.00102418 0
10 10.8073 0 0 0.00106967 0.00203246
10 10.833 0 0 0.00108535 0.00273207
10 10.8346 0 0 0.00111281 0
10 10.9077 0 0 0.00117634 0
10 10.9336 0 0 0.00122491 0
10 10.9336 0 0 0.00124649 0
10 10.9831 0 0 0.00127084 0.00415689
10 10.9831 0 0 0.00128374 0.00310307
10 11.0483 0 0 0.00133389 0
10 11.0483 0 0 0.00139949 0
10 11.0924 0 0 0.00147458 0
10 11.1369 0 0 0.00148088 0
10 11.1619 0 0 0.00155099 0.00159433
10 11.1775 0 0 0.00154873 0.00232993
10 11.1858 0 0 0.00159332 0.00235626
10 11.1666 0 0 0.00156484 0
10 11.1666 0 0 0.00151782 0
10 11.0845 0 0 0.00146894 0
10 11.0845 0 0 0.00142673 0.00373476
10 11.0083 0 0 0.00132247 0.00165802
10 10.9446 0 0 0.00124496 0.00365355
10 10.8494 0 0 0.00125013 0
10 10.7582 0 0 0.00101163 0
10 10.6661 0 0 0.00102451 0
10 10.6234 0 0 0.000810873 0.00206654
10 10.5246 0 0 0.000830204 0.00254012
10 10.5073 0 0 0.000668205 0
10 10.5073 0 0 0.00067127 0
10 10.4959 0 0 0.000657689 0
10 10.6042 0 0 0.000723767 0
10 10.6506 0 0 0.000856731 0
10 10.7826 0 0 0.00084444 0.00238082
10 10.7826 0 0 0.00102735 0.00173724
10 10.946 0 0 0.00112389 0
10 10.946 0 0 0.00127167 0
10 11.0402 0 0 0.00136992 0.000935275
10 11.1111 0 0 0.00149487 0.00250297
10 11.1777 0 0 0.00152625 0.00309493
10 11.3337 0 0 0.00176039 0.00133407
10 11.351 0 0 0.00179565 0
10 11.3598 0 0 0.00182548 0
10 11.3598 0 0 0.0017914 0.00141896
10 11.3565 0 0 0.00177044 0.00418676
10 11.2392 0 0 0.00177307 0.00349673
10 11.1626 0 0 0.00161677 0.00185726
10 11.1151 0 0 0.00153834 0
10 11.04 0 0 0.0014736 0
10 11.04 0 0 0.00138994 0
10 10.8419 0 0 0.00111231 0.0029578
10 10.8419 0 0 0.00109198 0.00253045
10 10.6055 0 0 0.000978618 0
10 10.4819 0 0 0.000641778 0
10 10.4023 0 0 0.000653396 0
10 10.4023 0 0 0.000518318 0.00184476
10 10.3384 0 0 0.000469639 0.00265492
10 10.3384 0 0 0.000449339 0.000738455
10 10.364 0 0 0.000441731 0
10 10.364 0 0 0.000490396 0
10 10.3984 0 0 0.000528187 0
10 10.575 0 0 0.00063321 0
10 10.6852 0 0 0.000907503 0
10 10.7643 0 0 0.000900077 0.0010418
10 10.8598 0 0 0.00101908 0.00273669
10 10.8598 0 0 0.00113708 0
10 11.0289 0 0 0.00125769 0
10 11.0289 0 0 0.00136265 0
10 11.0526 0 0 0.00141174 0.00230149
10 11.1622 0 0 0.00145312 0.002106
10 11.2084 0 0 0.00153797 0
10 11.2259 0 0 0.00164971 0
10 11.2492 0 0 0.00164529 0
10 11.2492 0 0 0.00163641 0.00286547
10 11.2612 0 0 0.00165431 0.00230695
10 11.2462 0 0 0.00170084 0.0030216
10 11.2204 0 0 0.00159327 0.0030581
10 11.1712 0 0 0.00153541 0.00256274
10 11.055 0 0 0.00155224 0
10 11.055 0 0 0.001384 0.0032217
10 10.7179 0 0 0.00114317 0.00233873
10 10.7179 0 0 0.000913223 0.00557817
10 10.4232 0 0 0.000760456 0.000825766
10 10.3172 0 0 0.000559916 0
10 10.3172 0 0 0.000423823 0
10 10.215 0 0 0.000269288 0.00253544
10 10.1056 0 0 0.000187504 0.00099786
10 10.1056 0 0 0.000133354 0.00155022
10 10.1748 0 0 0.000159133 0
10 10.1748 0 0 0.000231233 0
10 10.3454 0 0 0.00045757 0
10 10.4063 0 0 0.000461306 0
10 10.629 0 0 0.000849384 0
10 10.629 0 0 0.000820789 0.00121549
10 10.8398 0 0 0.00110921 0.00115972
10 10.965 0 0 0.00130859 0
10 11.0441 0 0 0.00137286 0
10 11.0816 0 0 0.00144104 0
10 11.1208 0 0 0.00146661 0.00039185
10 11.1634 0 0 0.00149257 0.00407468
10 11.1774 0 0 0.00156757 0.00196619
10 11.1774 0 0 0.00155772 0
10 11.1137 0 0 0.0015505 0
10 11.0365 0 0 0.00150302 0
10 11.0365 0 0 0.00134711 0.0028612
10 10.9453 0 0 0.00123565 0.00211694
10 10.7928 0 0 0.00106037 0.00225624
10 10.7928 0 0 0.00104274 0
10 10.7247 0 0 0.00100833 0
10 10.7247 0 0 0.000987635 0
10 10.6804 0 0 0.000866661 0.00277886
10 10.5981 0 0 0.000802507 0.00140129
10 10.5511 0 0 0.000700117 0.00325887
10 10.5228 0 0 0.000732218 0
10 10.5311 0 0 0.000711848 0
10 10.5311 0 0 0.000702067 0
10 10.5907 0 0 0.000727462 0.0012261
10 10.6165 0 0 0.000784911 0.00142924
10 10.6518 0 0 0.000824875 0.00146161
10 10.708 0 0 0.000856257 0
10 10.7588 0 0 0.000934632 0
10 10.8043 0 0 0.00107573 0
10 10.8578 0 0 0.00105356 0.00320236
10 10.8578 0 0 0.00113295 0.00146619
10 10.9196 0 0 0.00121271 0.000754982
10 10.9661 0 0 0.00131527 0
10 11.0328 0 0 0.00131772 0
10 11.0831 0 0 0.00141983 0.00340571
10 11.1222 0 0 0.00148625 0
10 11.1222 0 0 0.00151354 0.00115969
10 11.1374 0 0 0.00148069 0.00273061
10 11.1374 0 0 0.00150094 0
10 11.0472 0 0 0.00148958 0
10 10.9616 0 0 0.00138188 0
10 10.8582 0 0 0.00126821 0.00400612
10 10.777 0 0 0.0011258 0.00134246
10 10.6817 0 0 0.000875244 0.00447982
10 10.6817 0 0 0.000912706 0
10 10.455 0 0 0.000771526 0
10 10.455 0 0 0.000604999 0
10 10.2168 0 0 0.000456632 0.00180682
10 10.153 0 0 0.000275233 0.0017469
10 10.153 0 0 0.000196648 0.000925626
10 10.0691 0 0 0 0
10 10.1043 0 0 0 0
10 10.1043 0 0 0.000138084 0
10 10.2683 0 0 0.000352399 0
10 10.5467 0 0 0.00036133 -0.000220038
10 10.766 0 0 0.0010294 0.00137554
10 10.9764 0 0 0.00128329 0.00128651
10 11.1572 0 0 0.00153274 0
10 11.3297 0 0 0.0015649 0.00134567
10 11.3939 0 0 0.00180466 0
10 11.3939 0 0 0.0018546 0.000994558
10 11.4243 0 0 0.00190599 0.00267642
10 11.4096 0 0 0.00191814 0
10 11.3322 0 0 0.0017464 0
10 11.2158 0 0 0.00160574 0.00294456
10 11.1533 0 0 0.00161153 0.00552279
10 11.0394 0 0 0.00151443 0.00183576
10 10.907 0 0 0.00120489 0.00226009
10 10.7515 0 0 0.00119837 0
10 10.5915 0 0 0.000788991 0
10 10.4652 0 0 0.000637245 0
10 10.3557 0 0 0.000450203 0
10 10.2671 0 0 0.000347835 0.0010397
10 10.2347 0 0 0.000292639 0.00260469
10 10.1803 0 0 0.000312781 0
10 10.1522 0 0 0.000205115 0
10 10.133 0 0 0.000171753 0
10 10.133 0 0 0.000175994 0.000222171
10 10.1497 0 0 0.000193284 0.000968169
10 10.1765 0 0 0.000239292 -0.000650793
10 10.2817 0 0 0.000375039 0
10 10.3821 0 0 0.000508361 0
10 10.5095 0 0 0.000518136 -0.000329444
10 10.6811 0 0 0.000889419 0.000489482
10 10.8481 0 0 0.00111979 0.00225375
10 10.9663 0 0 0.00130503 0.00103863
10 11.053 0 0 0.0013829 0
10 11.1525 0 0 0.00139375 0
10 11.1972 0 0 0.00159729 0.000172853
10 11.2299 0 0 0.00161033 0.00497058
10 11.2464 0 0 0.00166082 0.00275007
10 11.2305 0 0 0.00162125 0.00135074
10 11.1765 0 0 0.00164876 0
10 11.033 0 0 0.00138514 0
10 10.9637 0 0 0.00128006 0
10 10.8309 0 0 0.00125674 0.00212876
10 10.8309 0 0 0.00111701 0.00185444
10 10.6133 0 0 0.000777707 0.00330787
10 10.5221 0 0 0.000703993 0
10 10.4335 0 0 0.000572703 0
10 10.3382 0 0 0.000591355 0
10 10.2011 0 0 0.000431833 0.00233148
10 10.2011 0 0 0.000261363 0.000820539
10 10.1054 0 0 0.000139096 0.00462968
10 10.1054 0 0 0.000140165 0
10 10.0359 0 0 0 0
10 10.0226 0 0 0 0
10 10.0226 0 0 0 0.000674787
10 10.1388 0 0 0.000187262 0.00012645
10 10.2554 0 0 0.000332799 0.000970529
10 10.2554 0 0 0.000337165 0
10 10.5523 0 0 0.000431912 0
10 10.5523 0 0 0.000742863 0
10 10.6437 0 0 0.000845318 0.0015929
10 11.048 0 0 0.00136703 0.00208669
10 11.2099 0 0 0.00160659 0.00186271
10 11.3267 0 0 0.00164096 0
10 11.3972 0 0 0.00184317 0
10 11.3972 0 0 0.00183613 0
10 11.4246 0 0 0.00189132 0.00120744
10 11.3441 0 0 0.00177575 0.00402354
10 11.2064 0 0 0.00157547 0.00447348
10 11.2064 0 0 0.00162083 0
10 10.9282 0 0 0.00124134 0
10 10.7815 0 0 0.00122965 0
10 10.6598 0 0 0.00085726 0.00304587
10 10.6598 0 0 0.000874378 0.00308944
10 10.4937 0 0 0.000655369 0.00180601
10 10.4143 0 0 0.000645586 0
10 10.4143 0 0 0.000551952 0
10 10.329 0 0 0.000441937 0
10 10.1715 0 0 0.000329251 0.00155386
10 10.11 0 0 0.000219646 0.00116685
10 10.0843 0 0 0.000134063 0.0016511
10 10.1088 0 0 0.000147354 0.000136247
10 10.148 0 0 0.000143893 0
10 10.2017 0 0 0.000265389 0
10 10.2017 0 0 0.000280221 -0.00162685
10 10.4106 0 0 0.000417647 -0.0010637
10 10.5499 0 0 0.000703674 0.00218876
10 10.6892 0 0 0.000738091 -0.00110014
10 10.6892 0 0 0.000927766 0
10 11.0026 0 0 0.00133494 0
10 11.1354 0 0 0.00131133 0.00127918
10 11.1354 0 0 0.00149013 0.00309196
10 11.25 0 0 0.0016497 0.00231639
10 11.25 0 0 0.00166439 0
10 11.3134 0 0 0.00177151 0
10 11.2673 0 0 0.00167564 0
10 11.1932 0 0 0.0016099 0.00119356
10 11.0768 0 0 0.00140381 0.00387372
10 10.9555 0 0 0.00123951 0.00341852
10 10.7957 0 0 0.00105598 0.00371023
10 10.61 0 0 0.000808776 0
10 10.4634 0 0 0.000799174 0.0025239
10 10.344 0 0 0.0005905 0.00254437
10 10.2216 0 0 0.000287974 0.00146118
10 10.0602 0 0 0 0.00300772
10 9.94441 0 0 0 0
10 9.89499 0 0 -0.000139694 0
10 9.78078 0 0 -0.000300357 0
10 9.75103 0 0 -0.000344483 0.00269535
10 9.75103 0 0 -0.000321363 -0.00144899
10 9.90404 0 0 -0.000261646 -0.000937798
10 10.0446 0 0 0 0
10 10.2072 0 0 0 0
10 10.2072 0 0 0.000275151 0
10 10.5884 0 0 0.000524176 -0.00240702
10 10.5884 0 0 0.000775641 0.00224495
10 10.9686 0 0 0.00104105 0.000640701
10 11.1458 0 0 0.00128798 0
10 11.1458 0 0 0.00155964 0
10 11.2963 0 0 0.00168829 0
10 11.3993 0 0 0.00185709 0.00176348
10 11.4369 0 0 0.00192012 0.00213064
10 11.4023 0 0 0.00188882 0
10 11.2974 0 0 0.00184946 0
10 11.2326 0 0 0.00164715 0
10 11.028 0 0 0.00161586 0
10 10.8715 0 0 0.00115486 0
10 10.6971 0 0 0.000920272 0.00175144
10 10.5294 0 0 0.000699585 0
10 10.5294 0 0 0.00070492 0
10 10.2289 0 0 0.000602758 0
10 10.1135 0 0 0.00015156 0
10 10.1135 0 0 0.000124864 0.00430726
10 9.96907 0 0 0 -0.000301463
10 9.95256 0 0 0 0.0026137
10 9.95256 0 0 0 0
10 9.95254 0 0 0 0
10 9.96283 0 0 0 0
10 9.96283 0 0 0 0.00180977
10 10.1299 0 0 0.000178765 -0.000840798
10 10.3664 0 0 0.00050063 0
10 10.5398 0 0 0.000483453 0
10 10.7315 0 0 0.000967953 0
10 10.7315 0 0 0.00096224 0.000563716
10 11.0243 0 0 0.00130279 0.00227582
10 11.0243 0 0 0.00135075 0.000377645
10 11.2276 0 0 0.00149852 0
10 11.2536 0 0 0.00170836 0
10 11.2809 0 0 0.00163523 0
10 11.2809 0 0 0.00172497 0
10 11.2127 0 0 0.0016485 0.00372216
10 11.2127 0 0 0.00160377 0.00139541
10 11.0521 0 0 0.00155249 0
10 10.9401 0 0 0.00138467 0
10 10.8059 0 0 0.00106202 0
10 10.6539 0 0 0.000858877 0
10 10.4942 0 0 0.000629481 0.00396749
10 10.4942 0 0 0.000655695 0.000625076
10 10.3226 0 0 0.000423347 0.000454701
10 10.1668 0 0 0.000222961 0
10 10.0555 0 0 0 0
10 9.99257 0 0 0 0
10 10.0036 0 0 0 -0.000675979
10 10.0036 0 0 0 0.00217731
10 10.0746 0 0 0 0
10 10.1206 0 0 0 0
10 10.1206 0 0 0.00016024 0
10 10.2107 0 0 0.000216108 0
10 10.2107 0 0 0.000281752 -0.000618477
10 10.3679 0 0 0.000367545 -0.000446735
10 10.3679 0 0 0.000474152 0.00188926
10 10.5567 0 0 0.000618601 0
10 10.5567 0 0 0.000751841 0
10 10.6449 0 0 0.000861612 8.94691e-06
10 10.6987 0 0 0.000911654 0.00323959
10 10.7428 0 0 0.000984859 0.000961811
10 10.7254 0 0 0.000986446 0.00105005
10 10.6962 0 0 0.000958607 0
10 10.6845 0 0 0.000927652 0
10 10.6845 0 0 0.00091326 0.00179066
10 10.5425 0 0 0.000709146 0.00150127
10 10.5425 0 0 0.000717798 0.000247844
10 10.3923 0 0 0.000568932 0.00277007
10 10.3604 0 0 0.000488071 0
10 10.3604 0 0 0.000475293 0
10 10.3454 0 0 0.000452662 7.75836e-05
10 10.3284 0 0 0.000433797 0
10 10.3284 0 0 0.000430429 0.000444979
10 10.2728 0 0 0.000413855 0
10 10.2487 0 0 0.000338665 0
10 10.2331 0 0 0.000324177 0
10 10.2846 0 0 0.000380781 0
10 10.3562 0 0 0.000471436 0
10 10.3562 0 0 0.000471806 0.00036163
10 10.5205 0 0 0.000703403 -0.000106456
10 10.6146 0 0 0.000688988 0
10 10.6146 0 0 0.00081261 0
10 10.6878 0 0 0.000916067 0
10 10.7491 0 0 0.0010062 0.0012458
10 10.8645 0 0 0.00115084 -0.000587935
10 10.9012 0 0 0.00121444 0.00153659
10 10.9113 0 0 0.0011692 0
10 10.8786 0 0 0.00123117 0
10 10.8786 0 0 0.0011585 0
10 10.8091 0 0 0.00108589 0.00253252
10 10.7254 0 0 0.000986733 -0.000259037
10 10.6772 0 0 0.000876844 0.00270034
10 10.6044 0 0 0.000896898 0
10 10.5397 0 0 0.000805069 0
10 10.5397 0 0 0.000728846 0
10 10.4414 0 0 0.000639355 0.000897597
10 10.4217 0 0 0.000552987 0.000823146
10 10.4111 0 0 0.000575404 0
10 10.4213 0 0 0.000538526 0
10 10.4233 0 0 0.000559195 0
10 10.425 0 0 0.000554412 0.000522805
10 10.4258 0 0 0.000562933 0.00234716
10 10.4533 0 0 0.000604854 0.000240939
10 10.4874 0 0 0.000642541 0.000692785
10 10.5503 0 0 0.000727803 0
10 10.5503 0 0 0.000727022 0
10 10.6427 0 0 0.000813458 0.00224471
10 10.6426 0 0 0.000844348 0
10 10.653 0 0 0.000854373 0.0028708
10 10.6138 0 0 0.000814213 0
10 10.5353 0 0 0.000830697 0
10 10.4579 0 0 0.000600477 0
10 10.4579 0 0 0.000610474 0
10 10.3862 0 0 0.000513693 0.00106881
10 10.1799 0 0 0.000351556 0.00309179
10 10.1205 0 0 0.000162588 -0.000651935
10 10.0799 0 0 0.000107084 0
10 10.0324 0 0 0 0
10 9.99727 0 0 0 0
10 9.98866 0 0 0 0.000286013
10 9.99564 0 0 0 0.0012724
10 10.0275 0 0 0 0.00199419
10 10.1152 0 0 0 0
10 10.2345 0 0 0.000154808 0
10 10.2345 0 0 0.000309978 0
10 10.589 0 0 0.000547586 0.00162663
10 10.6756 0 0 0.000886753 0.00115077
10 10.8421 0 0 0.00112234 -0.00108687
10 10.8421 0 0 0.00111505 0
10 11.0753 0 0 0.00140822 0
10 11.0753 0 0 0.00142038 0
10 11.0752 0 0 0.00145171 0.000622307
10 10.9993 0 0 0.0013298 0.00335373
10 10.888 0 0 0.00116553 0.000660951
10 10.7529 0 0 0.0010071 0.0040234
10 10.6725 0 0 0.000887097 0
10 10.4492 0 0 0.000897011 0
10 10.3704 0 0 0.000575714 0.00422371
10 10.2375 0 0 0.000476096 0.00241112
10 10.1187 0 0 0.000157206 -9.99511e-05
10 10.0449 0 0 0.000161062 0
10 10.036 0 0 0 0
10 10.0649 0 0 0 0
10 10.0808 0 0 0.000107521 0
10 10.0808 0 0 0 0.00226931
10 10.1965 0 0 0.000261794 -0.000242552
10 10.2737 0 0 0.000362414 0
10 10.3171 0 0 0.000420304 0
10 10.3671 0 0 0.000497768 0
10 10.4321 0 0 0.000574787 -0.000250987
10 10.5011 0 0 0.000658587 0.000879735
10 10.5601 0 0 0.000751243 0.00137136
10 10.5958 0 0 0.000785938 0
10 10.5958 0 0 0.000788796 0
10 10.6429 0 0 0.000852539 0
10 10.633 0 0 0.000858145 0.000135091
10 10.5807 0 0 0.000757184 0.00125192
10 10.5434 0 0 0.000719159 0.000449789
10 10.5434 0 0 0.000744507 0
10 10.514 0 0 0.00066547 0
10 10.5046 0 0 0.000674221 0
10 10.5238 0 0 0.000694202 0.00116932
10 10.5494 0 0 0.000704943 0.002172
10 10.5609 0 0 0.000705255 0.00201028
10 10.5507 0 0 0.000739167 0
10 10.5345 0 0 0.000729217 0
10 10.5345 0 0 0.000705207 0.00139446
10 10.517 0 0 0.00071061 0.000515303
10 10.517 0 0 0.000676028 0.00218879
10 10.4524 0 0 0.000623604 0.00197548
10 10.4292 0 0 0.000574391 0.000640848
10 10.3849 0 0 0.000512817 0
10 10.3849 0 0 0.000513894 0
10 10.29 0 0 0.000418518 0.00142843
10 10.2605 0 0 0.000341166 0.00188753
10 10.1885 0 0 0.000231298 0.002945
10 10.091 0 0 0.000120157 0
10 10.091 0 0 0.000121441 0
10 9.98974 0 0 0 0
10 9.95974 0 0 0 0
10 10.0107 0 0 0 0.000368143
10 10.1316 0 0 0.00017699 -0.000517497
10 10.2665 0 0 0.000174608 0
10 10.2665 0 0 0.000354346 0
10 10.5623 0 0 0.000541095 0
10 10.5623 0 0 0.000761342 -0.000179005
10 10.6863 0 0 0.000909207 -0.000109541
10 10.7675 0 0 0.000996281 0.00379653
10 10.7675 0 0 0.00101554 0
10 10.7783 0 0 0.00103698 0
10 10.6133 0 0 0.00100777 0
10 10.4937 0 0 0.00072927 0.000516403
10 10.395 0 0 0.000522585 0.00211311
10 10.2839 0 0 0.000368317 0.000642942
10 10.2839 0 0 0.000380312 0
10 10.1232 0 0 0.000303849 0
10 10.1079 0 0 0.000167391 0
10 10.1079 0 0 0.000155935 -0.00202288
10 10.1794 0 0 0.000223792 0.00216196
10 10.2122 0 0 0.000271123 0.00164267
10 10.2774 0 0 0.000375131 0
10 10.4326 0 0 0.000367116 0
10 10.4326 0 0 0.000573698 0
10 10.6048 0 0 0.000694441 0.00226295
10 10.6048 0 0 0.000802903 0.00144076
10 10.7038 0 0 0.000881654 -0.00061219
10 10.7077 0 0 0.000936851 0
10 10.7077 0 0 0.000938146 0
10 10.6623 0 0 0.000926431 0
10 10.5887 0 0 0.00078234 0.000547285
10 10.5887 0 0 0.00076721 0.00140309
10 10.4439 0 0 0.000686331 0
10 10.4439 0 0 0.000593077 0
10 10.4025 0 0 0.000533987 0
10 10.2411 0 0 0.000335285 0
10 10.2411 0 0 0.000305204 0.000862948
10 10.2081 0 0 0.000284554 0.000531659
10 10.1704 0 0 0.00020789 0.00267162
10 10.1704 0 0 0.000231916 0
10 10.1002 0 0 0.00013133 0.000201584
10 10.08 0 0 0.000112017 0
10 10.0415 0 0 0 0
10 10.0415 0 0 0 0.00384653
10 10.0379 0 0 0 -0.000835717
10 10.0379 0 0 0 0
10 10.0733 0 0 0 0
10 10.2144 0 0 0.00029118 0
10 10.3229 0 0 0.00042439 -0.00012485
10 10.4579 0 0 0.000604346 0.00139838
10 10.5768 0 0 0.000763201 0
10 10.6521 0 0 0.000883014 0
10 10.6876 0 0 0.000915286 0
10 10.6876 0 0 0.000905732 0
10 10.6724 0 0 0.000887374 0.0021817
10 10.5625 0 0 0.000852021 -0.000826354
10 10.4962 0 0 0.000651715 0.00101493
10 10.4173 0 0 0.000555296 0.00362934
10 10.3866 0 0 0.000521293 0
10 10.3866 0 0 0.000507682 0
10 10.2717 0 0 0.000369636 -0.000620767
10 10.2381 0 0 0.000351229 0.00119753
10 10.1991 0 0 0.000280845 0.00243888
10 10.1991 0 0 0.000231251 0
10 10.1718 0 0 0.000229814 0
10 10.1542 0 0 0.000204971 0
10 10.125 0 0 0.000171966 0.00110034
10 10.125 0 0 0.000150116 0.00230547
10 10.1362 0 0 0.000184345 -0.0004863
10 10.158 0 0 0.000210891 0
10 10.1765 0 0 0.000236975 0
10 10.2307 0 0 0.000305177 0
10 10.2807 0 0 0.000317621 -0.000364213
10 10.2807 0 0 0.000349027 0.00255345
10 10.3776 0 0 0.00044477 0
10 10.3776 0 0 0.000501713 0
10 10.3904 0 0 0.000516121 0
10 10.4238 0 0 0.000595273 0
10 10.4238 0 0 0.000546999 0.00187799
10 10.3864 0 0 0.000496985 0.00228421
10 10.3397 0 0 0.000471583 -0.0014093
10 10.3397 0 0 0.000449659 0
10 10.2844 0 0 0.000375919 0
10 10.2418 0 0 0.000321151 0
10 10.2414 0 0 0.000321256 0.00101582
10 10.2156 0 0 0.000279152 0.000336618
10 10.16 0 0 0.000204045 0.00177732
10 10.1545 0 0 0.00021063 0
10 10.1492 0 0 0.000205922 0
10 10.1615 0 0 0.000202702 0
10 10.2257 0 0 0.00028811 0.00115368
10 10.2725 0 0 0.000377658 -0.000828524
10 10.2725 0 0 0.000352439 0.00108207
10 10.299 0 0 0.000398564 0
10 10.3605 0 0 0.000475123 0
10 10.3953 0 0 0.000515347 0.00127229
10 10.409 0 0 0.000555478 -0.00010304
10 10.4458 0 0 0.000548778 0.00152123
10 10.4347 0 0 0.000564287 0.00133138
10 10.4136 0 0 0.00059089 0
10 10.4136 0 0 0.000551804 0
10 10.3967 0 0 0.000502655 0.00278785
10 10.3234 0 0 0.000447617 0
10 10.3234 0 0 0.000431154 2.67002e-05
10 10.2503 0 0 0.000310358 0.00277649
10 10.2071 0 0 0.000273907 0
10 10.1729 0 0 0.000234882 0
10 10.1647 0 0 0.000201865 -0.000733038
10 10.1915 0 0 0.00022558 -0.000600033
10 10.1915 0 0 0.000245608 0.00126112
10 10.2612 0 0 0.000368745 -0.00169812
10 10.2612 0 0 0.000344223 0
10 10.338 0 0 0.000446584 0
10 10.4147 0 0 0.000511493 0
10 10.4271 0 0 0.000548337 0.00217936
10 10.4122 0 0 0.000539976 0.00136892
10 10.3687 0 0 0.000549938 -0.000785658
10 10.3687 0 0 0.000492476 0
10 10.33 0 0 0.000442003 0
10 10.3227 0 0 0.000427082 0
10 10.3094 0 0 0.000397135 0.00201394
10 10.3346 0 0 0.000454039 4.03565e-06
10 10.356 0 0 0.000452104 0.00205281
10 10.3373 0 0 0.000453149 0
10 10.3026 0 0 0.000409826 0
10 10.2954 0 0 0.000392835 0
10 10.2744 0 0 0.000364091 0.00214834
10 10.2424 0 0 0.000322321 -0.000274617
10 10.2135 0 0 0.00027081 0.00192769
10 10.1481 0 0 0.000200787 0.00177485
10 10.1203 0 0 0.000195687 0
10 10.0855 0 0 0.000113627 0
10 10.037 0 0 0 0.00273618
10 10.0074 0 0 0 -0.00058785
10 10.0066 0 0 0 0.000311147
10 10.0356 0 0 0 -0.00101546
10 10.0972 0 0 0 0
10 10.1548 0 0 0.00020093 0
10 10.2413 0 0 0.00031781 0.00027344
10 10.3319 0 0 0.000449986 3.12342e-05
10 10.3682 0 0 0.000500177 -0.00234449
10 10.436 0 0 0.000576945 0
10 10.519 0 0 0.000711227 0
10 10.5318 0 0 0.000687335 0
10 10.5351 0 0 0.000725086 0
10 10.5373 0 0 0.000708128 2.67437e-05
10 10.4397 0 0 0.000561357 0.00323643
10 10.3305 0 0 0.000450804 0
10 10.3305 0 0 0.000435569 0
10 10.1258 0 0 0.000167385 0
10 10.0793 0 0 0.000165144 0.000203799
10 10.0087 0 0 0 -8.79822e-05
10 10.0049 0 0 0 0
10 10.0049 0 0 0 0
10 10.0043 0 0 0 0
10 10.0654 0 0 0 0
10 10.1367 0 0 0 -0.000180999
10 10.1893 0 0 0.000177627 0.000464031
10 10.2679 0 0 0.000361025 0.00118991
10 10.3325 0 0 0.000362614 0
10 10.3678 0 0 0.000484913 -0.000488898
10 10.3785 0 0 0.000500562 0
10 10.3713 0 0 0.000555584 0
10 10.3448 0 0 0.000397102 0.00166074
10 10.3155 0 0 0.000415768 9.64423e-05
10 10.3015 0 0 0.00039963 0
10 10.3183 0 0 0.000424122 0
10 10.3475 0 0 0.000431442 -0.000325997
10 10.3475 0 0 0.000450675 0.00146291
10 10.3773 0 0 0.000491831 0.00131134
10 10.3917 0 0 0.000523196 7.16643e-05
10 10.3763 0 0 0.000506721 0
10 10.3385 0 0 0.000499522 0
10 10.3385 0 0 0.000448313 0
10 10.2429 0 0 0.000376866 0.00137926
10 10.2379 0 0 0.000313385 0.00152217
10 10.2226 0 0 0.000308886 0.000582899
10 10.2018 0 0 0.000268399 0
10 10.2018 0 0 0.00026878 0
10 10.1655 0 0 0.00022061 0
10 10.1444 0 0 0.000198138 0
10 10.1444 0 0 0.000179153 0.00171924
10 10.0567 0 0 0.000137588 0
10 10.0368 0 0 0 0
10 10.0368 0 0 0 0
10 10.0219 0 0 0 0
10 10.0219 0 0 0 -0.0012872
10 10.0286 0 0 0 0.00103692
10 10.1534 0 0 0.000214082 -0.00103643
10 10.1534 0 0 0.000205311 0
10 10.234 0 0 0.000311228 0
10 10.2804 0 0 0.000371594 0
10 10.3101 0 0 0.000412313 0.000277809
10 10.3481 0 0 0.000458191 0.000372207
10 10.349 0 0 0.000459698 0.000891785
10 10.349 0 0 0.000464203 0
10 10.2902 0 0 0.000431081 0
10 10.2612 0 0 0.00035192 0
10 10.2612 0 0 0.000341845 0.000212977
10 10.2064 0 0 0.000325195 0.000243387
10 10.2064 0 0 0.000279073 0.000193795
10 10.1975 0 0 0.000249353 0
10 10.2433 0 0 0.000322631 0
10 10.2433 0 0 0.000326084 0
10 10.3082 0 0 0.000413749 7.15766e-05
10 10.4018 0 0 0.000478576 0.000886586
10 10.466 0 0 0.000625332 -6.49706e-05
10 10.505 0 0 0.000682826 -0.000125537
10 10.5169 0 0 0.000679762 0
10 10.5169 0 0 0.000684992 0
10 10.5092 0 0 0.000673243 0.000761807
10 10.503 0 0 0.000666635 0.00198643
10 10.4875 0 0 0.000636886 0.00101897
10 10.3831 0 0 0.000590338 0
10 10.3831 0 0 0.000517664 0
10 10.205 0 0 0.00027064 0
10 10.145 0 0 0.000179607 0
10 10.145 0 0 0.000181345 0.00163772
10 9.86121 0 0 0 0
10 9.86121 0 0 -0.000188348 0
10 9.74459 0 0 -0.00024093 0
10 9.71193 0 0 -0.000395254 0
10 9.71857 0 0 -0.000345994 -0.00374636
10 9.71857 0 0 -0.000384583 0.00124365
10 9.77335 0 0 -0.000292517 -0.00084835
10 9.93614 0 0 -0.000152823 0
10 10.0969 0 0 0.00012669 0
10 10.1553 0 0 0.000206514 0
10 10.1553 0 0 0.000196487 0.0015524
10 10.3107 0 0 0.00033917 0.000141266
10 10.3107 0 0 0.000405371 0.000921027
10 10.3895 0 0 0.000498738 0.0025047
10 10.3895 0 0 0.000517625 0
10 10.3705 0 0 0.000482358 0.00185255
10 10.3705 0 0 0.000505035 -0.00188276
10 10.3147 0 0 0.000412687 0.00102759
10 10.281 0 0 0.000381859 -0.000311106
10 10.2325 0 0 0.000306403 0
10 10.2153 0 0 0.000285685 0
10 10.2153 0 0 0.000272388 0.00227468
10 10.2015 0 0 0.000279609 -0.00169525
10 10.1904 0 0 0.00023889 0.00259633
10 10.1904 0 0 0.000251699 8.98286e-05
10 10.1771 0 0 0.000235713 0
10 10.1771 0 0 0.00023762 0
10 10.1357 0 0 0.000234711 0.000843048
10 10.1357 0 0 0.00017495 0.00100119
10 10.0744 0 0 0.000102861 -0.000493284
10 10.0455 0 0 0 -0.00116217
10 9.98184 0 0 0 0
10 9.98184 0 0 0 0
10 10.0074 0 0 0 0
10 10.0415 0 0 0 0
10 10.0415 0 0 0 -0.00244721
10 10.0486 0 0 0 -0.000269809
10 10.0963 0 0 0.000108717 0
10 10.0963 0 0 0.000129392 0
10 10.1448 0 0 0.000193479 0
10 10.1853 0 0 0.000176128 0.00284805
10 10.1853 0 0 0.000248936 -0.00117493
10 10.2776 0 0 0.00031344 -0.000172179
10 10.2776 0 0 0.000368701 0
10 10.2997 0 0 0.00040846 0
10 10.2997 0 0 0.000399819 0
10 10.29 0 0 0.000395041 -0.000452062
10 10.2531 0 0 0.000366335 0.00120838
10 10.2074 0 0 0.000307205 0.000576905
10 10.2074 0 0 0.000270261 0
10 10.1643 0 0 0.000220123 0
10 10.1363 0 0 0.000181173 0
10 10.0101 0 0 0 0.00110293
10 9.86822 0 0 -0.000201619 -0.000520901
10 9.80954 0 0 -0.000146014 0.000689646
10 9.76443 0 0 -0.000314115 -0.000185494
10 9.76443 0 0 -0.000319754 0
10 9.73403 0 0 -0.000357699 -0.000374063
10 9.74582 0 0 -0.00036144 0.00134343
10 9.75267 0 0 -0.000334844 -0.000353202
10 9.77865 0 0 -0.000333418 -0.000310247
10 9.85672 0 0 -0.000189004 0
10 9.92977 0 0 -0.000190021 0
10 9.99222 0 0 0 -0.00041945
10 10.0143 0 0 0 0
10 10.0579 0 0 0 -0.000402818
10 10.1326 0 0 0 0
10 10.1642 0 0 0.000176458 -0.00264955
10 10.1642 0 0 0.000221776 0
10 10.3458 0 0 0.000454578 0
10 10.3458 0 0 0.000472412 -0.00105822
10 10.5092 0 0 0.000666614 0.00159483
10 10.5497 0 0 0.000735803 -0.000816425
10 10.5909 0 0 0.00072793 0
10 10.5841 0 0 0.000787083 0
10 10.5151 0 0 0.000781491 0
10 10.5151 0 0 0.00068874 0.000182008
10 10.3753 0 0 0.000568845 0.00243528
10 10.269 0 0 0.000353211 0.000593115
10 10.1743 0 0 0.000358515 0
10 10.1081 0 0 0.000145476 0
10 10.0698 0 0 0.000143332 0
10 10.0698 0 0 0 0.00175941
10 9.9384 0 0 0 0.000378838
10 9.93746 0 0 0 0.00110893
10 9.93444 0 0 0 0
10 9.94149 0 0 0 0
10 9.94518 0 0 0 0
10 9.8996 0 0 0 -0.000848446
10 9.84498 0 0 -0.000217847 0.00194395
10 9.78407 0 0 -0.000291268 5.51526e-05
10 9.78407 0 0 -0.000285693 0
10 9.75748 0 0 -0.000326891 0
10 9.75748 0 0 -0.000326097 0.000886449
10 9.82232 0 0 -0.000224216 0
10 9.85497 0 0 -0.000194346 0.00030879
10 9.90133 0 0 -0.000128026 -0.000317945
10 9.94969 0 0 0 0
10 9.96082 0 0 0 0
10 9.97251 0 0 0 0.00157585
10 10.0244 0 0 0 -0.00107972
10 10.0244 0 0 0 0.00105444
10 10.0309 0 0 0 0.000740592
10 10.0309 0 0 0 0
10 10.0295 0 0 0 0
10 10.0474 0 0 0 0
10 10.0474 0 0 0 -0.00182709
10 10.113 0 0 0.000138212 0.00181142
10 10.1581 0 0 0.000207445 0.000846436
10 10.1775 0 0 0.000210945 0
10 10.1775 0 0 0.000234941 0
10 10.2127 0 0 0.000269565 0
10 10.1976 0 0 0.000290232 -0.000200241
10 10.187 0 0 0.000251829 -0.000592867
10 10.1748 0 0 0.000250338 -0.000313866
10 10.1762 0 0 0.000237338 0
10 10.1747 0 0 0.000229662 0
10 10.1786 0 0 0.000234154 0
10 10.1786 0 0 0.00023627 8.16862e-05
10 10.159 0 0 0.000217409 -2.25851e-05
10 10.159 0 0 0.000201411 0.00116538
10 10.1246 0 0 0.000176387 -0.0015787
10 10.1195 0 0 0.000157446 0
10 10.0891 0 0 0.000162821 0
10 10.1016 0 0 0.000134364 -3.41965e-05
10 10.115 0 0 0.000127789 0.00108243
10 10.115 0 0 0.000170661 -0.00204437
10 10.0469 0 0 0 0.000935922
10 10.0469 0 0 0 0
10 10.0269 0 0 0 0
10 9.99004 0 0 0 0.00032428
10 9.97778 0 0 0 -0.0016938
10 9.9786 0 0 0 0.00125408
10 9.97945 0 0 0 0
10 9.96886 0 0 0 0
10 9.9675 0 0 0 0
10 9.96667 0 0 0 0
10 9.95822 0 0 0 0.000352536
10 9.92007 0 0 -0.000115431 0.00131398
10 9.89322 0 0 -0.00014356 0
10 9.89322 0 0 -0.00014136 0
10 9.84013 0 0 -0.000175728 0
10 9.83272 0 0 -0.000233893 0
10 9.84549 0 0 -0.00020639 0.000676464
10 9.86526 0 0 -0.000180238 -0.0014401
10 9.86526 0 0 -0.00017925 0
10 9.86646 0 0 -0.000178148 0
10 9.87326 0 0 -0.000169245 0
10 9.84529 0 0 -0.000186166 0.000824912
10 9.86947 0 0 -0.000198498 -0.00131215
10 9.86947 0 0 -0.000173734 2.29125e-05
10 9.89635 0 0 -0.000138172 0
10 9.96327 0 0 -0.000101247 0
10 9.96327 0 0 0 0
10 9.99896 0 0 0 -0.00181272
10 10.0074 0 0 0 0.00175463
10 10.013 0 0 0 -0.00180191
10 10.0581 0 0 0 0
10 10.0378 0 0 0 0
10 10.0378 0 0 0 0
10 10.0434 0 0 0 6.56875e-05
10 10.0426 0 0 0 0.000225706
10 10.0391 0 0 0 -0.00045383
10 10.0029 0 0 0 0
10 10.0029 0 0 0 0
10 10.0146 0 0 0 0
10 10.027 0 0 0 0.00151645
10 10.0231 0 0 0 0.00079708
10 10.0104 0 0 0 -0.000498295
10 9.97068 0 0 0 0
10 9.97068 0 0 0 0
10 9.9115 0 0 -0.000118858 0
10 9.88323 0 0 -0.000156108 0
10 9.88323 0 0 -0.000155151 -8.48111e-05
10 9.83798 0 0 -0.000181174 0
10 9.8047 0 0 -0.000267556 0.000965287
10 9.77437 0 0 -0.000291577 0
10 9.77437 0 0 -0.000303568 0
10 9.78346 0 0 -0.000295995 0.00123092
10 9.84914 0 0 -0.000237608 -0.00162737
10 9.85552 0 0 -0.000191128 -8.02731e-05
10 9.85552 0 0 -0.000191924 0
10 9.94429 0 0 0 0
10 10.0103 0 0 0 0
10 10.0932 0 0 0.000122348 0
10 10.0932 0 0 0.000123886 0.000147386
10 10.1786 0 0 0.00023616 0.000914455
10 10.1729 0 0 0.000236046 0
10 10.1911 0 0 0.000253315 0
10 10.1969 0 0 0.000255646 0
10 10.1516 0 0 0.000186949 0.00206662
10 10.089 0 0 0.000120623 -9.22365e-05
10 10.0246 0 0 0.000109151 0.00128371
10 9.94621 0 0 0 -0.000266487
10 9.84623 0 0 -0.000205862 0
10 9.84623 0 0 -0.000206444 0
10 9.69711 0 0 -0.000325323 -0.000228672
10 9.6559 0 0 -0.000422456 0.00148742
10 9.60018 0 0 -0.000520575 -0.000939049
10 9.55818 0 0 -0.000587315 -0.00161121
10 9.53836 0 0 -0.000608083 0
10 9.53836 0 0 -0.000623647 0
10 9.56178 0 0 -0.000625598 -0.000982307
10 9.56178 0 0 -0.000578546 -0.0003494
10 9.69524 0 0 -0.000476005 0
10 9.83399 0 0 -0.000408298 0
10 9.83399 0 0 -0.000220254 0
10 10.0531 0 0 0 0
10 10.1158 0 0 0.000151548 0
10 10.1334 0 0 0.000148885 0.000861628
10 10.1736 0 0 0.000235442 4.95651e-05
10 10.2018 0 0 0.000231847 0
10 10.1991 0 0 0.00025973 0
10 10.171 0 0 0.000228562 0
10 10.1223 0 0 0.00016474 0
10 10.0841 0 0 0.000110695 4.48861e-05
10 10.0262 0 0 0.000117823 -0.000831337
10 10.0262 0 0 0 0
10 9.93255 0 0 0 0
10 9.91419 0 0 0 0
10 9.91419 0 0 -0.000118078 0.000728215
10 9.86116 0 0 -0.000146726 0.0014482
10 9.79685 0 0 -0.000188968 0
10 9.73918 0 0 -0.000341787 -0.00040876
10 9.71664 0 0 -0.000378532 0
10 9.7025 0 0 -0.000402455 0
10 9.7025 0 0 -0.000394486 0.000751159
10 9.77997 0 0 -0.000290776 -0.000809997
10 9.8494 0 0 -0.000190789 -0.0012652
10 9.92267 0 0 0 -0.0014797
10 9.9429 0 0 0 0
10 9.9429 0 0 0 0
10 9.98388 0 0 0 0.000381901
10 9.99783 0 0 0 -0.00170313
10 9.98009 0 0 0 0
10 9.97327 0 0 0 0
10 9.97327 0 0 0 0
10 9.9469 0 0 0 0
10 9.93401 0 0 0 0
10 9.92818 0 0 -0.000105271 0.000933761
10 9.92809 0 0 0 -0.00254011
10 9.92702 0 0 0 6.73847e-05
10 9.90983 0 0 0 0
10 9.89301 0 0 -0.000142189 0
10 9.87902 0 0 -0.000160576 -0.000122091
10 9.87902 0 0 -0.000172339 0.00136012
10 9.80108 0 0 -0.000267506 -0.000752051
10 9.7036 0 0 -0.000383073 -0.000250794
10 9.67239 0 0 -0.000441645 0
10 9.64322 0 0 -0.000469334 0
10 9.61741 0 0 -0.000506259 0
10 9.61934 0 0 -0.000508298 -0.000185154
10 9.62412 0 0 -0.000503336 -0.000840245
10 9.62412 0 0 -0.000504787 0
10 9.63112 0 0 -0.00049949 0
10 9.63112 0 0 -0.000492374 0
10 9.73892 0 0 -0.000475084 0.000632304
10 9.7765 0 0 -0.000329206 -0.00220363
10 9.7765 0 0 -0.000286159 -0.00173849
10 9.97654 0 0 0 5.92888e-05
10 10.0061 0 0 0 0
10 10.0061 0 0 0 0
10 10.0715 0 0 0.000100769 -0.00100551
10 10.1696 0 0 0.00020584 0.000900515
10 10.1856 0 0 0.000257183 -0.00173146
10 10.1937 0 0 0.000256085 0
10 10.1937 0 0 0.000256191 0
10 10.1673 0 0 0.000223184 0
10 9.96741 0 0 0.000117204 -0.00188009
10 9.96741 0 0 0 0.0016113
10 9.86302 0 0 -0.000181573 -0.000227786
10 9.66669 0 0 -0.000329778 0
10 9.66669 0 0 -0.00044209 0
10 9.52813 0 0 -0.00062117 0
10 9.51396 0 0 -0.000619084 -0.00143079
10 9.51396 0 0 -0.000646671 5.73545e-05
10 9.51011 0 0 -0.000654192 -0.000279873
10 9.54035 0 0 -0.000616108 0
10 9.61812 0 0 -0.000505715 0
10 9.67652 0 0 -0.000434677 0
10 9.69309 0 0 -0.00040976 0
10 9.69309 0 0 -0.000424849 0.00256444
10 9.75476 0 0 -0.000306516 -0.00315809
10 9.75476 0 0 -0.000327036 0
10 9.75969 0 0 -0.000323921 0
10 9.79438 0 0 -0.000273851 0
10 9.85134 0 0 -0.000191442 0
10 9.86829 0 0 -0.000188717 -0.00167838
10 9.88725 0 0 -0.000159831 0.00146931
10 9.92145 0 0 -0.000105172 -0.000704463
10 9.90499 0 0 -0.000126352 0
10 9.8599 0 0 -0.000127002 0
10 9.8599 0 0 -0.000173267 -0.00177563
10 9.81152 0 0 -0.000254556 -0.000303883
10 9.79876 0 0 -0.00025351 -0.00206923
10 9.79211 0 0 -0.000274846 0
10 9.82163 0 0 -0.000236922 0
10 9.82163 0 0 -0.000234748 -0.000395637
10 9.84494 0 0 -0.000213542 0.00109738
10 9.83665 0 0 -0.000202691 -0.00257015
10 9.82719 0 0 -0.000225007 0.00134545
10 9.81639 0 0 -0.00023926 -0.000902888
10 9.76705 0 0 -0.000314038 0
10 9.7269 0 0 -0.000362469 0
10 9.7466 0 0 -0.000334326 0
10 9.77695 0 0 -0.000278304 -0.00277649
10 9.76981 0 0 -0.000302488 0.00016652
10 9.76206 0 0 -0.000312026 -0.000477208
10 9.81785 0 0 -0.000315035 0
10 9.82034 0 0 -0.000242319 0
10 9.80694 0 0 -0.000232831 -0.000703485
10 9.82404 0 0 -0.000227307 -0.00118014
10 9.87945 0 0 -0.000149343 -0.00166069
10 9.90609 0 0 -0.000125698 0
10 9.91733 0 0 -0.000111207 0
10 9.92045 0 0 -0.000104386 0
10 9.91629 0 0 0 -0.0011934
10 9.89112 0 0 -0.00014616 0.000268303
10 9.82893 0 0 -0.000229954 0.00120841
10 9.78231 0 0 -0.000281801 -0.00094335
10 9.70962 0 0 -0.000387252 0
10 9.59972 0 0 -0.000542136 0
10 9.50686 0 0 -0.000520774 -0.00128449
10 9.47865 0 0 -0.000708935 0.000382556
10 9.46194 0 0 -0.000681104 -0.00260301
10 9.45563 0 0 -0.000736001 0
10 9.51375 0 0 -0.000645209 0
10 9.51375 0 0 -0.000643565 0
10 9.5934 0 0 -0.000540405 -0.000871195
10 9.70475 0 0 -0.00045789 -0.00219163
10 9.70475 0 0 -0.000389602 0
10 9.79228 0 0 -0.000276042 0
10 9.79228 0 0 -0.000281662 0
10 9.81423 0 0 -0.000245482 0
10 9.87863 0 0 -0.000187106 0.00086096
10 9.88372 0 0 -0.000157229 -3.65908e-05
10 9.89158 0 0 -0.00013052 -0.00209092
10 9.90473 0 0 -0.000125794 -0.000397995
10 9.90119 0 0 -0.000130478 0
10 9.87378 0 0 -0.000171557 0
10 9.84956 0 0 -0.000200358 0
10 9.81327 0 0 -0.000244035 -0.000270773
10 9.81327 0 0 -0.000241812 -0.00102778
10 9.70921 0 0 -0.000386314 -0.000214052
10 9.5975 0 0 -0.000394588 0
10 9.56726 0 0 -0.000529246 0
10 9.56726 0 0 -0.000589597 0.00144646
10 9.52339 0 0 -0.000616689 -0.00393297
10 9.57552 0 0 -0.00056071 -0.000570234
10 9.60103 0 0 -0.000530061 0
10 9.59041 0 0 -0.000546518 0
10 9.59041 0 0 -0.000547419 0
10 9.61991 0 0 -0.000496611 -0.00144389
10 9.66119 0 0 -0.000447156 6.0649e-05
10 9.70219 0 0 -0.000389408 -0.00218706
10 9.78473 0 0 -0.000391983 0
10 9.78473 0 0 -0.000285763 0
10 9.85144 0 0 -0.000200013 0
10 10.0123 0 0 0 -0.000647258
10 10.0554 0 0 0 -0.000686048
10 10.0702 0 0 0 0.00101482
10 10.0702 0 0 0 0
10 10.0354 0 0 0 0
10 9.98287 0 0 0 0
10 9.80617 0 0 -0.000124643 -0.00210455
10 9.72768 0 0 -0.000270218 0.00116903
10 9.72768 0 0 -0.000351847 -0.00197641
10 9.59394 0 0 -0.000531088 0
10 9.55031 0 0 -0.000596045 0
10 9.54808 0 0 -0.000600962 0
10 9.56162 0 0 -0.000581367 -0.0026864
10 9.56792 0 0 -0.000577362 -0.000732336
10 9.60367 0 0 -0.00053462 -0.000283354
10 9.65532 0 0 -0.000456626 -0.00140823
10 9.67273 0 0 -0.000455763 0
10 9.67273 0 0 -0.000435197 0.000129014
10 9.66757 0 0 -0.000446031 -0.000582497
10 9.65642 0 0 -0.000434178 -0.00345128
10 9.6866 0 0 -0.00043169 0.0014
10 9.68965 0 0 -0.000427079 0
10 9.68965 0 0 -0.000401575 0
10 9.72375 0 0 -0.000369471 0
10 9.7652 0 0 -0.000335233 -0.00223627
10 9.77044 0 0 -0.000305569 -0.000293028
10 9.76745 0 0 -0.000316408 0.000805094
10 9.78089 0 0 -0.000309003 0
10 9.75815 0 0 -0.000320227 0
10 9.71434 0 0 -0.000387607 0
10 9.67851 0 0 -0.000418824 0
10 9.69189 0 0 -0.000414469 3.92687e-05
10 9.67449 0 0 -0.000423788 -0.00140152
10 9.65612 0 0 -0.000433967 0
10 9.68643 0 0 -0.000462008 0
10 9.68643 0 0 -0.00041379 0
10 9.72462 0 0 -0.000341824 -0.00359778
10 9.66547 0 0 -0.000449444 -0.00074068
10 9.66547 0 0 -0.000440871 0.000415795
10 9.61888 0 0 -0.000508418 -0.000780161
10 9.60471 0 0 -0.000509657 0
10 9.58582 0 0 -0.000549936 0
10 9.54034 0 0 -0.000587633 -0.000674186
10 9.53581 0 0 -0.000616194 -0.000296605
10 9.53581 0 0 -0.000611127 -5.38516e-05
10 9.52356 0 0 -0.000616591 0
10 9.52159 0 0 -0.0006382 0
10 9.52159 0 0 -0.000635348 0
10 9.55419 0 0 -0.000598602 -0.00176293
10 9.55419 0 0 -0.000592397 7.07629e-05
10 9.55644 0 0 -0.000566109 -0.00306494
10 9.63299 0 0 -0.000482647 -0.00129653
10 9.67368 0 0 -0.00043405 0
10 9.70664 0 0 -0.000432242 0
10 9.70664 0 0 -0.00039206 -5.22397e-05
10 9.77337 0 0 -0.000299971 -0.000345745
10 9.80496 0 0 -0.000254871 -0.000999397
10 9.82205 0 0 -0.000260365 0
10 9.82205 0 0 -0.000234798 0
10 9.83274 0 0 -0.000220746 0
10 9.83274 0 0 -0.000226635 0.0012344
10 9.77943 0 0 -0.000279761 -0.00238091
10 9.75661 0 0 -0.000323848 -0.00135176
10 9.75661 0 0 -0.000323692 0
10 9.59351 0 0 -0.000543276 0
10 9.59351 0 0 -0.000540181 0
10 9.5584 0 0 -0.000578849 0
10 9.55342 0 0 -0.000608964 0.00133174
10 9.56315 0 0 -0.000546422 -0.00373054
10 9.64467 0 0 -0.000474452 0.000393826
10 9.64467 0 0 -0.000477315 0
10 9.66404 0 0 -0.000449984 0
10 9.67719 0 0 -0.000406189 -0.00303336
10 9.68893 0 0 -0.000404568 -0.00139859
10 9.70892 0 0 -0.000396135 -9.70034e-05
10 9.7193 0 0 -0.000367543 0
10 9.75084 0 0 -0.000378064 0
10 9.75084 0 0 -0.000332273 0
10 9.74361 0 0 -0.000352936 0.000968862
10 9.72559 0 0 -0.000329575 -0.00178749
10 9.72608 0 0 -0.00034642 -0.00186292
10 9.72826 0 0 -0.000361368 -0.000962249
10 9.73953 0 0 -0.000356217 0
10 9.7314 0 0 -0.000351626 0
10 9.71073 0 0 -0.000381345 -0.000473488
10 9.69632 0 0 -0.000367759 -0.00254514
10 9.69632 0 0 -0.000397784 -0.00119761
10 9.64455 0 0 -0.00046095 -0.00231535
10 9.60947 0 0 -0.000521349 0
10 9.60449 0 0 -0.000525668 0
10 9.59245 0 0 -0.000514449 -0.00137755
10 9.58339 0 0 -0.000531332 -0.00116497
10 9.61363 0 0 -0.000564915 -3.95401e-05
10 9.61363 0 0 -0.000504831 0
10 9.64294 0 0 -0.000481406 0
10 9.65062 0 0 -0.00046436 0
10 9.67079 0 0 -0.000445883 0
10 9.66132 0 0 -0.000411259 -0.00284
10 9.64482 0 0 -0.000480691 0.000995765
10 9.64482 0 0 -0.000473696 0
10 9.6296 0 0 -0.000503862 0
10 9.61366 0 0 -0.000502177 0
10 9.61366 0 0 -0.000492058 -0.00217946
10 9.60515 0 0 -0.000519515 -0.000745564
10 9.58599 0 0 -0.000565635 0.000515485
10 9.57479 0 0 -0.000559768 0
10 9.54763 0 0 -0.000601102 0
10 9.54763 0 0 -0.000616798 0
10 9.52369 0 0 -0.000616191 -0.00116679
10 9.43739 0 0 -0.000689381 -0.00149261
10 9.42741 0 0 -0.00076313 -0.00206222
10 9.40888 0 0 -0.000762448 0
10 9.40089 0 0 -0.000808252 0
10 9.40089 0 0 -0.000799792 0
10 9.41219 0 0 -0.000799224 -0.00171742
10 9.43564 0 0 -0.000778286 -0.00129503
10 9.43564 0 0 -0.000739146 -0.00307379
10 9.43955 0 0 -0.000737161 0
10 9.46959 0 0 -0.000721198 0
10 9.51463 0 0 -0.000631199 0
10 9.48777 0 0 -0.000677699 0
10 9.48777 0 0 -0.000680506 0.000332161
10 9.47466 0 0 -0.000665078 -0.00189456
10 9.47466 0 0 -0.000699906 0
10 9.47732 0 0 -0.000702656 0
10 9.55352 0 0 -0.000622308 0
10 9.59426 0 0 -0.000547842 -0.00253607
10 9.59426 0 0 -0.000545468 -0.000480726
10 9.77197 0 0 -0.000383402 -0.00284256
10 9.83123 0 0 -0.000303087 0
10 9.88776 0 0 -0.000224325 0
10 9.90618 0 0 -0.00012625 0
10 9.90618 0 0 -0.000125762 0.00012964
10 9.93337 0 0 0 -0.00240673
10 9.89086 0 0 0 -0.000466803
10 9.84816 0 0 -0.000203619 0.00114355
10 9.78342 0 0 -0.000286558 0
10 9.69834 0 0 -0.000295011 0
10 9.69834 0 0 -0.000380692 -0.00207287
10 9.57501 0 0 -0.000506965 0.0015688
10 9.57501 0 0 -0.000561216 -0.000300325
10 9.5404 0 0 -0.000612633 0
10 9.41086 0 0 -0.000726627 0
10 9.39097 0 0 -0.000807036 -0.00142791
10 9.33366 0 0 -0.000878162 -0.00134123
10 9.26202 0 0 -0.000954636 0.00115342
10 9.2679 0 0 -0.000975202 -0.00291446
10 9.28018 0 0 -0.000951874 0
10 9.34648 0 0 -0.000889375 0
10 9.40074 0 0 -0.000864259 0
10 9.41144 0 0 -0.000771117 0
10 9.41144 0 0 -0.000771401 -0.00126761
10 9.45053 0 0 -0.000715077 -0.00254454
10 9.49854 0 0 -0.000692273 0
10 9.52693 0 0 -0.000629368 0
10 9.59291 0 0 -0.000545317 0
10 9.69448 0 0 -0.000536314 0.000202487
10 9.69448 0 0 -0.00038794 -0.00291726
10 9.83715 0 0 -0.000195619 -0.00320485
10 9.88151 0 0 -0.000157925 0
10 10.0254 0 0 0 0
10 10.0332 0 0 0 0
10 10.0332 0 0 0 0.000586449
10 9.95815 0 0 0 -0.000998541
10 9.86436 0 0 0 -0.00212909
10 9.77338 0 0 -0.000178889 0
10 9.77338 0 0 -0.000300291 0
10 9.58284 0 0 -0.000420748 0
10 9.58284 0 0 -0.00055406 0.000235777
10 9.4922 0 0 -0.000671991 -0.000216574
10 9.33972 0 0 -0.000874982 -0.00112474
10 9.26784 0 0 -0.000889647 0
10 9.20054 0 0 -0.000961189 0
10 9.20054 0 0 -0.00107351 0
10 9.15216 0 0 -0.00111023 -0.00270806
10 9.05775 0 0 -0.00125675 -0.000535494
10 8.99198 0 0 -0.00125547 0.000653706
10 8.92825 0 0 -0.00142003 0
10 8.92825 0 0 -0.0014272 0
10 8.91226 0 0 -0.00145076 0
10 8.93934 0 0 -0.00141599 0
10 8.98573 0 0 -0.00132523 -0.00331412
10 9.0846 0 0 -0.00137483 0
10 9.212 0 0 -0.0010383 0
10 9.38353 0 0 -0.000821113 0
10 9.60601 0 0 -0.000817315 0
10 9.84722 0 0 -0.000204747 0
10 10.1585 0 0 0.00023106 -0.00266293
10 10.2528 0 0 0.000199099 0.00155425
10 10.4048 0 0 0.000545927 -0.001168
10 10.4048 0 0 0.000547887 0
10 10.4319 0 0 0.000576435 0
10 10.3666 0 0 0.000580986 -0.000100045
10 10.3666 0 0 0.000477641 0.00121295
10 10.1958 0 0 0.000329023 0.0012459
10 10.0576 0 0 0.000258707 0
10 9.87204 0 0 -0.000162895 0
10 9.80438 0 0 -0.000257148 0
10 9.80438 0 0 -0.000264378 0.000738206
10 9.37348 0 0 -0.000841099 0.000906256
10 9.22261 0 0 -0.000825907 -0.00157659
10 9.07558 0 0 -0.0010512 0
10 9.0126 0 0 -0.00128803 0
10 9.0126 0 0 -0.00131639 0
10 8.90975 0 0 -0.00146057 -0.00331837
10 8.90634 0 0 -0.00142677 -0.000353981
10 8.91207 0 0 -0.00144012 -0.00220229
10 8.97681 0 0 -0.00139612 0
10 8.97681 0 0 -0.00135862 0
10 9.06581 0 0 -0.00122234 -0.00175188
10 9.1786 0 0 -0.00114443 -0.00223725
10 9.26605 0 0 -0.000957901 -0.00275582
10 9.35762 0 0 -0.000850854 -0.000622945
10 9.42373 0 0 -0.000778835 0
10 9.46198 0 0 -0.000710402 0
10 9.50027 0 0 -0.000682747 0
10 9.51521 0 0 -0.00065118 0.000301107
10 9.52413 0 0 -0.000629169 -0.00169375
10 9.50808 0 0 -0.00061441 -0.00188173
10 9.47253 0 0 -0.000703824 -0.000902942
10 9.47253 0 0 -0.00069528 0
10 9.43774 0 0 -0.0007298 0
10 9.43774 0 0 -0.000730318 -0.0015304
10 9.42264 0 0 -0.000771463 -0.00211614
10 9.4539 0 0 -0.000694139 -0.0031883
10 9.54345 0 0 -0.00060993 0
10 9.54345 0 0 -0.000608752 0
10 9.59562 0 0 -0.000546724 0
10 9.59562 0 0 -0.000519075 -0.00217848
10 9.56115 0 0 -0.000520802 -0.00166236
10 9.56408 0 0 -0.000578423 -0.00140161
10 9.58065 0 0 -0.000582455 0
10 9.57615 0 0 -0.000557133 0
10 9.57721 0 0 -0.000565972 0
10 9.58006 0 0 -0.000566898 0
10 9.56451 0 0 -0.00055193 -0.0028716
10 9.48645 0 0 -0.000679621 -0.00128485
10 9.45195 0 0 -0.000687487 0
10 9.43923 0 0 -0.000742257 0
10 9.43923 0 0 -0.000745061 0
10 9.41943 0 0 -0.00075058 -0.00128796
10 9.41608 0 0 -0.000761082 -0.000378095
10 9.41966 0 0 -0.000778242 -0.00125096
10 9.42429 0 0 -0.000770891 0
10 9.46452 0 0 -0.000709334 0
10 9.45437 0 0 -0.000724292 0
10 9.43483 0 0 -0.000721971 -0.000573726
10 9.44411 0 0 -0.000749006 0.000918097
10 9.4283 0 0 -0.00073244 -0.0041746
10 9.4003 0 0 -0.000818783 0.000201009
10 9.36393 0 0 -0.000839508 0
10 9.36393 0 0 -0.000841404 0
10 9.33506 0 0 -0.000871621 -0.00166259
10 9.25686 0 0 -0.000951665 -0.00100465
10 9.25686 0 0 -0.000980983 -0.00277569
10 9.28458 0 0 -0.0009517 0
10 9.34697 0 0 -0.00130751 0
10 9.42672 0 0 -0.0010859 -0.00362824
10 9.42672 0 0 -0.000429967 0
10 9.50443 0 0 -0.000478281 -0.00344366
10 9.5766 0 0 -0.000568905 -0.000955425
10 9.61372 0 0 -0.000515896 0.000425115
10 9.68815 0 0 -0.000408879 0
10 9.74117 0 0 -0.000346038 0
10 9.79415 0 0 -0.000278587 0
10 9.78209 0 0 -0.000279866 -0.00107507
10 9.72946 0 0 -0.000355869 -0.000794689
10 9.65504 0 0 -0.000456369 -0.00129976
10 9.54903 0 0 -0.000599148 0
10 9.43683 0 0 -0.000743697 0
10 9.32048 0 0 -0.00091204 0
10 9.19561 0 0 -0.0010759 -0.00214103
10 9.10222 0 0 -0.0011732 -5.79867e-05
10 9.02593 0 0 -0.00130667 0
10 8.99271 0 0 -0.00133339 0
10 8.93967 0 0 -0.00145113 0
10 8.92751 0 0 -0.00139211 0
10 8.95865 0 0 -0.00138669 -0.00131448
10 9.03349 0 0 -0.00125272 -0.00414249
10 9.20725 0 0 -0.00108091 0
10 9.26281 0 0 -0.000972201 0
10 9.45305 0 0 -0.000724856 0
10 9.53077 0 0 -0.000611188 -0.00189112
10 9.66586 0 0 -0.000446362 0
10 9.76691 0 0 -0.000313639 0.000398857
10 9.86133 0 0 -0.000173105 -0.00176754
10 9.92702 0 0 0 0
10 9.95244 0 0 0 0
10 9.92286 0 0 -0.00010136 0
10 9.88446 0 0 -0.000140287 -0.00213119
10 9.81179 0 0 -0.000246296 -0.00135379
10 9.71989 0 0 -0.000377727 0.00183689
10 9.6021 0 0 -0.000534402 0
10 9.45907 0 0 -0.000735423 0
10 9.28519 0 0 -0.000930005 0
10 9.08877 0 0 -0.00122123 -0.000503598
10 8.94209 0 0 -0.00140502 3.34355e-05
10 8.83578 0 0 -0.0015464 0
10 8.77526 0 0 -0.00162787 0
10 8.78143 0 0 -0.00161307 0
10 8.88033 0 0 -0.00146757 0
10 9.04513 0 0 -0.00127482 -0.00170563
10 9.20803 0 0 -0.0010164 -0.004512
10 9.39366 0 0 -0.000797299 -0.0018786
10 9.56978 0 0 -0.000583223 0
10 9.71628 0 0 -0.000368915 0
10 9.81084 0 0 -0.000253246 0
10 9.87296 0 0 -0.000150626 -0.00282807
10 9.88058 0 0 -0.000168234 0.00138753
10 9.87547 0 0 -0.000154232 -0.00205396
10 9.86015 0 0 -0.000185734 0
10 9.81279 0 0 -0.000247985 0
10 9.7245 0 0 -0.000372859 0
10 9.61909 0 0 -0.000503415 -0.000236604
10 9.4987 0 0 -0.000662955 -0.000316004
10 9.31269 0 0 -0.000920226 0.00105655
10 9.08017 0 0 -0.00124664 0
10 8.85464 0 0 -0.00151519 0
10 8.60206 0 0 -0.00186016 0
10 8.54027 0 0 -0.00195823 -0.00190298
10 8.4741 0 0 -0.00198292 -0.00662433
10 8.54997 0 0 -0.00190965 -0.00273091
10 8.69505 0 0 -0.00171367 0
10 8.86704 0 0 -0.00150283 0
10 9.05716 0 0 -0.00127905 0
10 9.27914 0 0 -0.000930813 -0.00405206
10 9.4994 0 0 -0.000649383 -0.00263535
10 9.6962 0 0 -0.000407123 -0.000209314
10 9.86988 0 0 -0.000169948 0
10 10.0292 0 0 0 0
10 10.1097 0 0 0.000143763 0
10 10.1305 0 0 0.000186133 -0.00125084
10 10.0964 0 0 0.000127766 -0.000297391
10 10.0147 0 0 0 0
10 9.87839 0 0 -0.000160648 0
10 9.72809 0 0 -0.000369534 0
10 9.56787 0 0 -0.00056659 0
10 9.38603 0 0 -0.000821058 1.91057e-05
10 9.24523 0 0 -0.00102612 -8.54243e-05
10 9.12841 0 0 -0.00112431 -0.0020673
10 9.01886 0 0 -0.00131453 0
10 8.95958 0 0 -0.00137762 0
10 8.93335 0 0 -0.00145279 0
10 8.9349 0 0 -0.00138613 -0.00322466
10 8.93918 0 0 -0.00139025 -0.0027303
10 8.98037 0 0 -0.00133678 -0.00142059
10 9.04643 0 0 -0.00129786 0
10 9.09855 0 0 -0.00119225 0
10 9.18102 0 0 -0.00108402 0
10 9.27888 0 0 -0.000949201 -0.000803694
10 9.37923 0 0 -0.000812325 -0.00297744
10 9.44878 0 0 -0.00074106 0
10 9.51941 0 0 -0.000637821 0
10 9.61864 0 0 -0.000505277 0
10 9.68225 0 0 -0.000419409 0
10 9.73389 0 0 -0.000340157 -0.00144158
10 9.76681 0 0 -0.000303109 -0.00114883
10 9.77804 0 0 -0.000298147 -0.000590414
10 9.74892 0 0 -0.000337817 0
10 9.67062 0 0 -0.000429729 0
10 9.53813 0 0 -0.000611492 0
10 9.4541 0 0 -0.00075442 0.00173768
10 9.26475 0 0 -0.000957242 -0.00289776
10 9.12733 0 0 -0.00115065 0
10 9.01163 0 0 -0.00134212 0
10 8.94093 0 0 -0.00140527 0
10 8.92139 0 0 -0.0014277 0
10 8.90526 0 0 -0.00142891 -0.00286924
10 8.89159 0 0 -0.0014798 -0.00184831
10 8.91755 0 0 -0.00146022 -0.00206381
10 8.95371 0 0 -0.00138486 0
10 9.00372 0 0 -0.00132559 0
10 9.10098 0 0 -0.00117229 0
10 9.22456 0 0 -0.0010224 -0.00376495
10 9.3592 0 0 -0.000829379 -0.00271718
10 9.48922 0 0 -0.000677821 0
10 9.63754 0 0 -0.000490481 0
10 9.74659 0 0 -0.000336058 0
10 9.80007 0 0 -0.000256233 -0.00124298
10 9.84547 0 0 -0.000181907 -0.00350484
10 9.83529 0 0 -0.000225296 0.000710534
10 9.78036 0 0 -0.000295492 0
10 9.7036 0 0 -0.000391214 0
10 9.61083 0 0 -0.000518325 0
10 9.50454 0 0 -0.000668869 0
10 9.37281 0 0 -0.000839803 0.00124927
10 9.27846 0 0 -0.000938805 -0.00215829
10 9.17326 0 0 -0.00110652 0
10 9.06478 0 0 -0.00126207 0
10 8.9658 0 0 -0.00123299 0
10 8.90517 0 0 -0.00145638 0
10 8.88444 0 0 -0.00149589 -0.00184717
10 8.87138 0 0 -0.00147813 -0.000939996
10 8.9029 0 0 -0.00143752 -0.00505409
10 8.95609 0 0 -0.00138442 0
10 9.01535 0 0 -0.0013292 0
10 9.07857 0 0 -0.00121917 0
10 9.15367 0 0 -0.00111568 -0.00264607
10 9.19893 0 0 -0.00103572 -0.00336685
10 9.38467 0 0 -0.000838795 -0.00212988
10 9.48962 0 0 -0.00067251 0
10 9.53232 0 0 -0.00061887 0
10 9.59657 0 0 -0.000547445 0
10 9.63994 0 0 -0.000464844 -0.00173235
10 9.63693 0 0 -0.000485407 -0.0013674
10 9.64204 0 0 -0.000460436 -0.00155821
10 9.63295 0 0 -0.000491657 0
10 9.61202 0 0 -0.00051342 0
10 9.58299 0 0 -0.000564073 0
10 9.48961 0 0 -0.00066417 -0.00282553
10 9.42852 0 0 -0.000755392 -0.00112549
10 9.2792 0 0 -0.000946121 -0.00204462
10 9.1458 0 0 -0.00114218 0
10 9.03631 0 0 -0.0012698 -0.00130063
10 8.95151 0 0 -0.00139721 0
10 8.89223 0 0 -0.00147344 -0.00149231
10 8.83368 0 0 -0.00153716 -0.00234948
10 8.80733 0 0 -0.00159279 0
10 8.80123 0 0 -0.00161865 0
10 8.79493 0 0 -0.00159323 0
10 8.78914 0 0 -0.00160246 0
10 8.82677 0 0 -0.00157655 -0.00250552
10 8.88357 0 0 -0.00145678 -0.00319282
10 8.96847 0 0 -0.00134223 -0.00371607
10 9.08441 0 0 -0.00121257 0
10 9.21067 0 0 -0.00107422 0
10 9.34191 0 0 -0.000858949 0
10 9.47121 0 0 -0.000686058 -0.00336543
10 9.59776 0 0 -0.000518035 -0.00248328
10 9.68275 0 0 -0.000419862 -0.000453666
10 9.75047 0 0 -0.000336004 0
10 9.79621 0 0 -0.000270006 0
10 9.79933 0 0 -0.000272665 0
10 9.76755 0 0 -0.000245341 -0.00241413
10 9.66197 0 0 -0.000454981 0.000522027
10 9.61207 0 0 -0.000521496 0.000342872
10 9.50478 0 0 -0.000672677 0
10 9.38615 0 0 -0.000805006 0
10 9.2814 0 0 -0.000944187 0
10 9.17276 0 0 -0.00108706 -0.00115381
10 9.05963 0 0 -0.00127593 0.000126128
10 8.94454 0 0 -0.00137533 -0.00116557
10 8.84859 0 0 -0.00153646 0
10 8.76773 0 0 -0.00166074 0
10 8.75846 0 0 -0.00162918 0
10 8.75537 0 0 -0.00162868 -0.00354721
10 8.78603 0 0 -0.00160397 -0.00320196
10 8.82014 0 0 -0.00161068 0
10 8.87566 0 0 -0.0014611 0
10 8.9136 0 0 -0.00145888 0
10 9.06193 0 0 -0.00124326 0
10 9.12154 0 0 -0.00118037 -0.00172964
10 9.30498 0 0 -0.000902521 -0.00368664
10 9.41412 0 0 -0.00077318 -0.00425374
10 9.48553 0 0 -0.000697221 0
10 9.56211 0 0 -0.000578868 0
10 9.61917 0 0 -0.000510525 0
10 9.65594 0 0 -0.00042731 -0.00345352
10 9.71005 0 0 -0.000394429 0.00011795
10 9.76942 0 0 -0.000289719 -0.002451
10 9.78042 0 0 -0.00029031 0
10 9.74142 0 0 -0.000341854 0
10 9.70531 0 0 -0.00039839 0
10 9.64041 0 0 -0.000469512 -0.000804606
10 9.51434 0 0 -0.000638391 -0.00031155
10 9.3628 0 0 -0.00082315 -0.00343969
10 9.22519 0 0 -0.00106 0
10 9.0888 0 0 -0.00119475 0
10 8.92852 0 0 -0.00140977 0
10 8.80141 0 0 -0.00161156 -0.00217366
10 8.72423 0 0 -0.00168121 -0.00190557
10 8.66306 0 0 -0.00176585 0
10 8.64826 0 0 -0.00179133 0
10 8.67797 0 0 -0.00179656 0
10 8.74454 0 0 -0.00164648 0
10 8.8254 0 0 -0.00153649 -0.0020711
10 8.94264 0 0 -0.00137689 -0.0039344
10 9.06107 0 0 -0.00127318 0
10 9.13891 0 0 -0.00114201 0
10 9.22798 0 0 -0.0010211 0
10 9.30786 0 0 -0.000917237 0
10 9.37387 0 0 -0.000825529 -0.000950749
10 9.43238 0 0 -0.000743854 -0.00348759
10 9.49278 0 0 -0.000671871 -0.00303851
10 9.54398 0 0 -0.000596526 -0.00141299
10 9.57315 0 0 -0.00057735 0
10 9.57614 0 0 -0.00054276 0
10 9.53403 0 0 -0.000617551 -0.00144762
10 9.47778 0 0 -0.00068999 -0.000653047
10 9.41278 0 0 -0.000768321 -0.0033715
10 9.31143 0 0 -0.000905978 -3.09197e-05
10 9.20689 0 0 -0.00105813 0
10 9.11407 0 0 -0.00120724 0
10 9.01376 0 0 -0.00128092 -0.000303371
10 8.91623 0 0 -0.00142363 -0.00449718
10 8.8841 0 0 -0.0014837 0.000545254
10 8.84859 0 0 -0.00154003 0
10 8.83152 0 0 -0.00155966 0
10 8.85174 0 0 -0.00152384 0
10 8.89724 0 0 -0.00145542 -0.00563111
10 8.96814 0 0 -0.00135393 -0.00275703
10 9.04326 0 0 -0.00124397 -0.0031619
10 9.11393 0 0 -0.00117542 0
10 9.2001 0 0 -0.00108969 0
10 9.2814 0 0 -0.000937909 0
10 9.33076 0 0 -0.000884317 -0.00154886
10 9.33787 0 0 -0.000871988 -0.00106434
10 9.33168 0 0 -0.000900764 0
10 9.31843 0 0 -0.000907897 0
10 9.27358 0 0 -0.000961035 0
10 9.22631 0 0 -0.00103266 0
10 9.20027 0 0 -0.00106018 -0.000579225
10 9.16887 0 0 -0.00109569 -0.00309127
10 9.12416 0 0 -0.00116137 0
10 9.06448 0 0 -0.00126792 0
10 9.01554 0 0 -0.00131539 0
10 8.97334 0 0 -0.00136096 0
10 8.97182 0 0 -0.0013343 -0.00230478
10 8.98325 0 0 -0.00136203 -0.00263814
10 8.98534 0 0 -0.00132753 -0.00241994
10 8.98506 0 0 -0.00134563 0
10 8.98818 0 0 -0.00135581 0
10 8.97802 0 0 -0.00135374 0
10 8.95316 0 0 -0.00135956 -0.00270737
10 8.95869 0 0 -0.00137914 -0.00256748
10 8.98527 0 0 -0.00135948 0
10 9.02975 0 0 -0.001295 0
10 9.05978 0 0 -0.00124657 0
10 9.15899 0 0 -0.00111385 0
10 9.2215 0 0 -0.00104568 0
10 9.26599 0 0 -0.000981813 0
10 9.36151 0 0 -0.000847059 0
10 9.41404 0 0 -0.000788697 0
10 9.39691 0 0 -0.000798653 -0.00115527
10 9.38634 0 0 -0.000791385 -0.00309384
10 9.35142 0 0 -0.000853657 -0.00049671
10 9.29114 0 0 -0.000965929 0
10 9.21801 0 0 -0.00103883 0
10 9.19865 0 0 -0.00104786 0
10 9.17669 0 0 -0.00108202 -0.00138884
10 9.15087 0 0 -0.0011278 -0.00348775
10 9.10141 0 0 -0.00117047 -0.00286532
10 9.04564 0 0 -0.0012677 0
10 8.97412 0 0 -0.00135651 0
10 8.90869 0 0 -0.00145778 0
10 8.88463 0 0 -0.00148555 -0.00302013
10 8.87575 0 0 -0.00146288 -0.00373284
10 8.86805 0 0 -0.00152159 -0.00148051
10 8.86864 0 0 -0.00149968 0
10 8.88686 0 0 -0.0014727 0
10 8.92051 0 0 -0.00142352 0
10 8.9458 0 0 -0.00140287 -0.00359831
10 8.96753 0 0 -0.00134878 -0.00342833
10 9.01431 0 0 -0.00130907 -0.000980904
10 9.07831 0 0 -0.00123897 0
10 9.1578 0 0 -0.00111592 0
10 9.23214 0 0 -0.00101674 0
10 9.29147 0 0 -0.000947107 0.000122743
10 9.33874 0 0 -0.00084943 -0.00325405
10 9.38306 0 0 -0.000795759 -0.00401468
10 9.40995 0 0 -0.000793296 0
10 9.42456 0 0 -0.000763583 0
10 9.42003 0 0 -0.000772975 0
10 9.42125 0 0 -0.000765588 -3.85371e-05
10 9.3917 0 0 -0.000788613 -0.00372552
10 9.30652 0 0 -0.000914239 -0.00100896
10 9.19338 0 0 -0.00107691 0
10 9.05931 0 0 -0.0012548 0
10 9.03636 0 0 -0.00127751 0
10 8.97787 0 0 -0.00137439 -0.00153684
10 8.92263 0 0 -0.00141922 -0.00220197
10 8.90574 0 0 -0.00143298 -0.0022866
10 8.88849 0 0 -0.00148254 0
10 8.87518 0 0 -0.00153239 0
10 8.82097 0 0 -0.00157311 0
10 8.84218 0 0 -0.0014915 -0.00401001
10 8.94767 0 0 -0.00137417 -0.00354972
10 8.99441 0 0 -0.00136113 -0.00186704
10 9.06138 0 0 -0.00121883 0
10 9.12351 0 0 -0.00117587 0
10 9.13026 0 0 -0.00115632 0
10 9.13677 0 0 -0.0011523 -0.00174229
10 9.17329 0 0 -0.0010775 -0.00261323
10 9.17757 0 0 -0.0010923 0
10 9.17575 0 0 -0.00109286 0
10 9.1861 0 0 -0.00110186 0
10 9.18167 0 0 -0.00107294 0
10 9.17294 0 0 -0.00110454 -0.00103236
10 9.20348 0 0 -0.00103935 -0.0028564
10 9.21343 0 0 -0.0010689 0
10 9.22437 0 0 -0.0010185 0
10 9.22267 0 0 -0.00102927 0
10 9.21741 0 0 -0.00106673 0
10 9.18466 0 0 -0.00106712 -0.000961008
10 9.13368 0 0 -0.00113408 -0.0026137
10 9.13807 0 0 -0.00114384 -0.00114599
10 9.12676 0 0 -0.00118591 0
10 9.09535 0 0 -0.00119749 0
10 9.0729 0 0 -0.0012305 0
10 9.08309 0 0 -0.00120838 -0.00242961
10 9.06688 0 0 -0.00121924 -0.00211549
10 9.01699 0 0 -0.00133204 0
10 9.00573 0 0 -0.00131029 0
10 9.02455 0 0 -0.00132214 0
10 9.01373 0 0 -0.0012722 0
10 9.02714 0 0 -0.00128171 -0.00120725
10 9.05671 0 0 -0.00121646 -0.00518884
10 9.10526 0 0 -0.00121348 -0.00300475
10 9.13322 0 0 -0.00113426 0
10 9.16608 0 0 -0.0011168 0
10 9.19879 0 0 -0.00106462 -0.00015655
10 9.19088 0 0 -0.00106507 -0.00297233
10 9.16092 0 0 -0.00109721 -0.0035052
10 9.13398 0 0 -0.00112868 -0.00220155
10 9.11034 0 0 -0.00121269 0
10 9.06568 0 0 -0.0011683 0
10 9.01379 0 0 -0.00129561 0
10 8.99902 0 0 -0.00132471 -0.00152488
10 8.99446 0 0 -0.00132626 -0.00229484
10 8.98875 0 0 -0.00135658 0
10 9.01437 0 0 -0.001305 0
10 9.02857 0 0 -0.00131901 0
10 9.01613 0 0 -0.00130837 0
10 9.00261 0 0 -0.00131665 -0.00191161
10 8.98954 0 0 -0.00133105 -0.003332
10 8.98693 0 0 -0.00132773 -0.00282882
10 8.95435 0 0 -0.0013923 0
10 8.96164 0 0 -0.00138381 0
10 8.96164 0 0 -0.00136432 -0.00336774
10 8.96119 0 0 -0.00138042 -0.000830169
10 8.95798 0 0 -0.00136759 -0.00391877
10 8.98258 0 0 -0.00134623 0
10 9.00245 0 0 -0.00132888 0
10 9.00719 0 0 -0.00134406 0
10 8.97759 0 0 -0.00133878 0
10 8.98061 0 0 -0.00134165 -0.00285884
10 8.96282 0 0 -0.00138221 -0.00238112
10 8.92484 0 0 -0.00142783 0
10 8.91283 0 0 -0.00145023 0
10 8.94843 0 0 -0.0013877 0
10 8.97182 0 0 -0.00134871 0
10 8.9676 0 0 -0.00136187 -0.00311562
10 8.96467 0 0 -0.00136681 -0.00302733
10 8.9672 0 0 -0.00136417 -0.00248193
10 8.97761 0 0 -0.00136771 0
10 8.96908 0 0 -0.00138763 0
10 8.97755 0 0 -0.00135463 0
10 8.98411 0 0 -0.00133809 -0.00194948
10 9.0101 0 0 -0.001309 -0.004242
10 9.01941 0 0 -0.00130236 0
10 9.02884 0 0 -0.00129312 0
10 9.07359 0 0 -0.00122263 0
10 9.10695 0 0 -0.00118471 -0.00320275
10 9.12271 0 0 -0.00114284 -0.00417192
10 9.15498 0 0 -0.00109442 -0.00262765
10 9.17784 0 0 -0.00110221 -0.00233178
10 9.21687 0 0 -0.00103472 0
10 9.22913 0 0 -0.00102054 0
10 9.16838 0 0 -0.00108475 -0.00187746
10 9.14598 0 0 -0.00114216 -0.00363123
10 9.09389 0 0 -0.00119854 0
10 9.02402 0 0 -0.00128901 0
10 8.95477 0 0 -0.00138494 0
10 8.91241 0 0 -0.00145176 -0.00277221
10 8.89672 0 0 -0.00145827 -0.00122918
10 8.89705 0 0 -0.00144635 -0.00152046
10 8.88226 0 0 -0.00151216 0
10 8.87289 0 0 -0.00150497 0
10 8.85703 0 0 -0.00149771 0
10 8.8482 0 0 -0.00148794 -0.00489707
10 8.85281 0 0 -0.00151433 -0.00265665
10 8.84782 0 0 -0.00155108 -0.000579825
10 8.85858 0 0 -0.00149803 0
10 8.88849 0 0 -0.00148227 0
10 8.9332 0 0 -0.00143787 0
10 8.96473 0 0 -0.00134156 -0.00453998
10 9.00808 0 0 -0.00129762 -0.00233433
10 9.07591 0 0 -0.00119574 -0.00503922
10 9.12342 0 0 -0.00118525 0
10 9.15029 0 0 -0.00112498 0
10 9.18266 0 0 -0.00108443 0
10 9.19517 0 0 -0.00107156 -0.00286687
10 9.19419 0 0 -0.00104187 -0.00154264
10 9.17548 0 0 -0.00110899 0
10 9.14244 0 0 -0.00113702 0
10 9.11561 0 0 -0.00117495 0
10 9.06733 0 0 -0.0012556 0
10 9.03576 0 0 -0.00128054 -0.00134186
10 9.00617 0 0 -0.00129497 -0.00223521
10 8.9586 0 0 -0.00139076 -0.00354403
10 8.92849 0 0 -0.00141793 0
10 8.91992 0 0 -0.00143041 0
10 8.91298 0 0 -0.00143644 0
10 8.8633 0 0 -0.00151094 -0.00471816
10 8.84806 0 0 -0.00151197 -0.00255926
10 8.83603 0 0 -0.00154178 0
10 8.85273 0 0 -0.00152721 0
10 8.83973 0 0 -0.00155158 0
10 8.83133 0 0 -0.00155704 0
10 8.84906 0 0 -0.00151316 -0.00470369
10 8.87972 0 0 -0.00148158 -0.00272437
10 8.89602 0 0 -0.00148733 0
10 8.89772 0 0 -0.00145632 0
10 8.93461 0 0 -0.00141396 0
10 8.97173 0 0 -0.00140713 0
10 9.02101 0 0 -0.00126542 -0.00314316
10 9.06061 0 0 -0.00122123 -0.00322033
10 9.09191 0 0 -0.00119272 -0.00267446
10 9.11933 0 0 -0.00118672 0
10 9.1256 0 0 -0.00116495 0
10 9.09994 0 0 -0.00118631 0
10 9.04054 0 0 -0.00128306 -0.00319172
10 9.00751 0 0 -0.00128353 -0.00296962
10 9.00621 0 0 -0.00132633 -0.00367043
10 9.01425 0 0 -0.0013069 0
10 9.03913 0 0 -0.00130249 0
10 9.07653 0 0 -0.00122222 0
10 9.10141 0 0 -0.00116567 -0.00403869
10 9.11949 0 0 -0.00116337 -0.00167418
10 9.12037 0 0 -0.0011685 -0.00237687
10 9.0979 0 0 -0.00118357 0
10 9.08606 0 0 -0.00122476 0
10 9.09817 0 0 -0.00120289 0
10 9.09065 0 0 -0.00116322 -0.00394304
10 9.06179 0 0 -0.00124167 -0.00178825
10 9.04457 0 0 -0.00125864 -0.00155472
10 9.00382 0 0 -0.00135446 0
10 8.94921 0 0 -0.00139265 0
10 8.87686 0 0 -0.0014852 0
10 8.81763 0 0 -0.00156044 -0.00118366
10 8.76251 0 0 -0.00162909 -0.00423306
10 8.72314 0 0 -0.00170984 0
10 8.71073 0 0 -0.00170924 0
10 8.70578 0 0 -0.00172437 0
10 8.71226 0 0 -0.00167298 0
10 8.73325 0 0 -0.00168386 -0.00204324
10 8.7702 0 0 -0.00163234 -0.00290501
10 8.83759 0 0 -0.0015284 -0.00233701
10 8.89484 0 0 -0.00149245 0
10 8.95162 0 0 -0.00137163 0
10 9.00982 0 0 -0.00129967 0
10 9.07254 0 0 -0.00124418 -0.00201772
10 9.13182 0 0 -0.00111449 -0.00369233
10 9.17651 0 0 -0.00106998 -0.00348298
10 9.20217 0 0 -0.00106609 -0.00101814
10 9.22521 0 0 -0.00103389 0
10 9.23024 0 0 -0.00103648 0
10 9.23319 0 0 -0.00101132 -0.00104151
10 9.19848 0 0 -0.00104592 -0.00221151
10 9.09459 0 0 -0.00122201 0
10 9.05852 0 0 -0.00124855 0
10 8.93854 0 0 -0.0014036 0
10 8.87604 0 0 -0.00152934 0
10 8.83186 0 0 -0.00152376 -0.00152867
10 8.79718 0 0 -0.00157021 -0.00358205
10 8.788 0 0 -0.00162076 0
10 8.78474 0 0 -0.00159397 -0.00577165
10 8.76317 0 0 -0.00165295 0
10 8.6984 0 0 -0.00172278 0
10 8.67059 0 0 -0.00173872 -0.00326001
10 8.64596 0 0 -0.00182516 -0.00205188
10 8.6349 0 0 -0.00178611 -0.00385841
10 8.64888 0 0 -0.00179272 -0.00313045
10 8.66975 0 0 -0.00179642 0
10 8.68998 0 0 -0.00173674 0
10 8.72264 0 0 -0.00167522 -0.00244565
10 8.73425 0 0 -0.00164698 -0.0043408
10 8.75149 0 0 -0.0016743 -0.00302822
10 8.75623 0 0 -0.00165165 0
10 8.76835 0 0 -0.00163178 0
10 8.77394 0 0 -0.00162174 0
10 8.80469 0 0 -0.00159927 -0.00295706
10 8.83076 0 0 -0.00152305 -0.00296462
10 8.88893 0 0 -0.00148328 0
10 8.94308 0 0 -0.00140502 0
10 9.01371 0 0 -0.00133002 0
10 9.03311 0 0 -0.00128421 0
10 9.06459 0 0 -0.00122188 -0.00252775
10 9.06246 0 0 -0.0012448 -0.00274378
10 9.03925 0 0 -0.00127818 0
10 9.05866 0 0 -0.00124233 0
10 9.05838 0 0 -0.00125381 0
10 9.04515 0 0 -0.00126787 0
10 8.99449 0 0 -0.00131626 -0.0033765
10 8.96997 0 0 -0.0013485 -0.00448705
10 8.92039 0 0 -0.00146425 0
10 8.8758 0 0 -0.00146138 0
10 8.83942 0 0 -0.0015462 0
10 8.79958 0 0 -0.00160607 0
10 8.77778 0 0 -0.00161568 -0.0040279
10 8.77903 0 0 -0.00161361 -0.00340143
10 8.82934 0 0 -0.00154239 -0.000774001
10 8.86301 0 0 -0.00150626 0
10 8.93253 0 0 -0.00144444 -0.00123219
10 8.96699 0 0 -0.0013658 0
10 9.03722 0 0 -0.00126764 -0.00123136
10 9.12055 0 0 -0.00114852 -0.00234067
10 9.14834 0 0 -0.00117739 -0.004387
10 9.19018 0 0 -0.00107619 0
10 9.34064 0 0 -0.000883499 0
10 9.5357 0 0 -0.000618989 0
10 9.71731 0 0 -0.000355913 -0.00323304
10 9.94324 0 0 0 -0.000823072
10 10.1614 0 0 0.000222379 -0.00147359
10 10.3267 0 0 0.000437615 0
10 10.459 0 0 0.000611623 0
10 10.5804 0 0 0.000781124 0
10 10.6675 0 0 0.000896199 -0.00144596
10 10.728 0 0 0.000969406 -0.000206838
10 10.7716 0 0 0.00102632 0.000154842
10 10.7981 0 0 0.00106669 0
10 10.8106 0 0 0.00108819 0
10 10.8138 0 0 0.00105879 0
10 10.7788 0 0 0.00101591 0.00395198
10 10.6936 0 0 0.000915074 -0.00024802
10 10.6291 0 0 0.00084157 0.000613102
10 10.6036 0 0 0.000813713 0.00150476
10 10.6429 0 0 0.00085081 0
10 10.6839 0 0 0.000904538 0
10 10.9705 0 0 0.00131269 0.000477674
10 11.1794 0 0 0.00153246 0.0024105
10 11.3728 0 0 0.00182755 0.00177548
10 11.4601 0 0 0.00190983 0.00349157
10 11.5972 0 0 0.00216993 0
10 11.682 0 0 0.00219796 0
10 11.6804 0 0 0.0022121 0.00234401
10 11.6664 0 0 0.00219403 0.00341737
10 11.6131 0 0 0.00213922 0
10 11.5792 0 0 0.00210591 0
10 11.503 0 0 0.00202055 0
10 11.4093 0 0 0.00186089 0
10 11.3806 0 0 0.00185312 0.00278344
10 11.226 0 0 0.001584 0.00393928
10 11.1146 0 0 0.00148867 0
10 11.0003 0 0 0.00135872 0
10 10.8817 0 0 0.00116988 0
10 10.7767 0 0 0.00102705 0
10 10.6935 0 0 0.000898588 0.00273975
10 10.628 0 0 0.000832142 0.0040437
10 10.5766 0 0 0.000752806 0.000714851
10 10.5583 0 0 0.000739773 0
10 10.5535 0 0 0.000751158 0
10 10.56 0 0 0.00073176 0
10 10.5909 0 0 0.000775367 0.00260864
10 10.658 0 0 0.00077083 0.00170137
10 10.7379 0 0 0.000957928 0.0035483
10 10.8134 0 0 0.00109908 0
10 10.892 0 0 0.00117832 0
10 10.9754 0 0 0.00127504 0
10 11.0316 0 0 0.00138781 0.0018848
10 11.098 0 0 0.00144094 0.000735725
10 11.1671 0 0 0.00153449 0.00362646
10 11.2317 0 0 0.00166912 0.00402388
10 11.2515 0 0 0.00166261 0
10 11.3412 0 0 0.00176146 0
10 11.3684 0 0 0.00178935 0.00343478
10 11.3901 0 0 0.00182165 0.00378663
10 11.3889 0 0 0.00186679 0.0027231
10 11.3919 0 0 0.00184192 0
10 11.3452 0 0 0.00177714 0
10 11.31 0 0 0.00172026 0
10 11.2866 0 0 0.00170829 0.004056
10 11.2451 0 0 0.00163193 0.00258882
10 11.2018 0 0 0.00161009 0.00350345
10 11.152 0 0 0.00154898 0
10 11.1102 0 0 0.00147495 0
10 11.049 0 0 0.00138085 0
10 11.0038 0 0 0.00131158 0.00386388
10 10.9892 0 0 0.00131771 0.00299574
10 10.9687 0 0 0.00125484 0.00290897
10 10.9489 0 0 0.00127948 0
10 10.9381 0 0 0.00123607 0
10 10.933 0 0 0.0012464 0
10 10.8904 0 0 0.00118242 0.00271484
10 10.8435 0 0 0.00108358 0.00350036
10 10.8258 0 0 0.00110079 0.00143307
10 10.8224 0 0 0.00111451 0
10 10.8151 0 0 0.00108553 0
10 10.8112 0 0 0.00105614 0
10 10.8202 0 0 0.00105967 0.00277044
10 10.8753 0 0 0.00117978 0.00011737
10 10.9624 0 0 0.00126346 0.00216896
10 11.0584 0 0 0.0014417 0
10 11.164 0 0 0.00152546 0
10 11.2913 0 0 0.00171456 0
10 11.3853 0 0 0.00180892 0.00207513
10 11.4041 0 0 0.00188737 0.00207599
10 11.3873 0 0 0.0018162 0.00385413
10 11.3525 0 0 0.00179293 0
10 11.3019 0 0 0.00172812 0
10 11.2494 0 0 0.00169222 0
10 11.231 0 0 0.00164195 0.00027863
10 11.2238 0 0 0.00157897 0.00454501
10 11.215 0 0 0.00159129 0.00271999
10 11.1911 0 0 0.00161922 0
10 11.1489 0 0 0.00151998 0
10 11.0992 0 0 0.00143533 0.00317761
10 11.0216 0 0 0.00137763 0.00147866
10 10.9897 0 0 0.00128925 0.00333278
10 10.9388 0 0 0.00124849 0
10 10.8906 0 0 0.00117918 0
10 10.8651 0 0 0.00114773 0
10 10.8548 0 0 0.00116258 0
10 10.8244 0 0 0.00107055 0.00147172
10 10.8105 0 0 0.00104712 0.00415128
10 10.8302 0 0 0.00113276 0
10 10.8561 0 0 0.00112703 0
10 10.8866 0 0 0.00117406 0
10 10.8997 0 0 0.00122493 0
10 10.9233 0 0 0.00121969 0.00132899
10 10.924 0 0 0.00117771 0.00415098
10 10.9284 0 0 0.00122297 0.00273288
10 10.9259 0 0 0.0012433 0
10 10.924 0 0 0.00123445 0
10 10.9497 0 0 0.00124103 0
10 10.9899 0 0 0.00129827 0.00274936
10 11.0011 0 0 0.00131997 0.00333621
10 11.0088 0 0 0.00135113 0.0006681
10 11.0141 0 0 0.00134123 0
10 11.0055 0 0 0.00133559 0
10 11.0035 0 0 0.00133631 0
10 11.0177 0 0 0.00135709 0.00199079
10 11.0534 0 0 0.00137433 0.00319975
10 11.0865 0 0 0.00147507 0
10 11.1141 0 0 0.00147438 0
10 11.1421 0 0 0.00150576 0
10 11.1407 0 0 0.00151463 0
10 11.0944 0 0 0.00144506 0.00333646
10 11.0256 0 0 0.00136343 0.0030454
10 10.9872 0 0 0.00127946 0.0030386
10 10.9776 0 0 0.00129922 0
10 10.9504 0 0 0.00127129 0
10 10.9415 0 0 0.00126502 0
10 10.9494 0 0 0.00125113 0.00122782
10 10.9514 0 0 0.00123984 0.00333321
10 10.9019 0 0 0.00120085 0.00186259
10 10.8766 0 0 0.00115355 0
10 10.8718 0 0 0.00116948 0
10 10.8635 0 0 0.00116309 0
10 10.8316 0 0 0.00108009 0.00226542
10 10.8082 0 0 0.00106644 0.0024644
10 10.8017 0 0 0.00104354 0.00326572
10 10.7869 0 0 0.0010607 0
10 10.7475 0 0 0.000984769 0
10 10.7163 0 0 0.000958759 0
10 10.7328 0 0 0.000920362 0.00424421
10 10.7652 0 0 0.00101677 0.000589446
10 10.8179 0 0 0.00108606 0.00262116
10 10.8357 0 0 0.00110631 0
10 10.8976 0 0 0.00121816 0
10 10.9969 0 0 0.00131976 0
10 11.0196 0 0 0.001328 0.00183044
10 11.0739 0 0 0.00133764 0.00384312
10 11.0982 0 0 0.00144635 0.00207791
10 11.1878 0 0 0.00160908 0
10 11.2097 0 0 0.00158514 0
10 11.2233 0 0 0.00163359 0
10 11.2226 0 0 0.00163432 0.00341934
10 11.2356 0 0 0.00161568 0.00344189
10 11.2504 0 0 0.00164894 0.00183705
10 11.2389 0 0 0.00168414 0
10 11.2379 0 0 0.00163055 0
10 11.2422 0 0 0.00162747 0
10 11.2252 0 0 0.00160108 0.00379236
10 11.171 0 0 0.0015806 0.00143726
10 11.1107 0 0 0.00145591 0.00228497
10 11.0655 0 0 0.00140967 0
10 11.0051 0 0 0.00133202 0
10 10.9704 0 0 0.0012991 0
10 10.9238 0 0 0.00119338 0.00214925
10 10.8776 0 0 0.00113843 0.00591707
10 10.8519 0 0 0.00112171 0.00217814
10 10.8349 0 0 0.00112555 0
10 10.8222 0 0 0.00109425 0
10 10.8291 0 0 0.00109483 0
10 10.8547 0 0 0.00110315 0.00435694
10 10.8962 0 0 0.00117939 0.00396329
10 10.9123 0 0 0.00121922 0
10 10.9245 0 0 0.00122371 0
10 10.9263 0 0 0.00125677 0
10 10.921 0 0 0.00121304 0
10 10.9118 0 0 0.00119208 0.00301033
10 10.9122 0 0 0.00118106 0.00354308
10 10.9385 0 0 0.00126368 0.0011109
10 10.9464 0 0 0.0012413 0
10 10.9773 0 0 0.00131016 0
10 11.0378 0 0 0.00137679 0
10 11.109 0 0 0.00146811 0.0024987
10 11.149 0 0 0.00152294 0.00214677
10 11.196 0 0 0.00155599 0.00433587
10 11.2449 0 0 0.00166138 0
10 11.2559 0 0 0.00170827 0
10 11.2172 0 0 0.00158259 0
10 11.1551 0 0 0.00152389 0.00307805
10 11.0955 0 0 0.00143683 0.00297832
10 11.0045 0 0 0.00133847 0.00273719
10 10.9068 0 0 0.0012014 0
10 10.8459 0 0 0.00112106 0
10 10.8321 0 0 0.00109639 0
10 10.8372 0 0 0.00111655 0.00153513
10 10.8268 0 0 0.00107788 0.00321386
10 10.8329 0 0 0.00108904 0.00218747
10 10.8338 0 0 0.0011271 0
10 10.8049 0 0 0.00106575 0
10 10.7588 0 0 0.000988768 0.00220574
10 10.7269 0 0 0.000951103 0.0027048
10 10.7092 0 0 0.000935447 0.000963931
10 10.693 0 0 0.0009075 0.00359025
10 10.6978 0 0 0.000927067 0
10 10.7254 0 0 0.000964782 0
10 10.7387 0 0 0.000996111 0
10 10.746 0 0 0.000977778 0.0014343
10 10.7758 0 0 0.00102139 0.00291897
10 10.8006 0 0 0.00106901 0.00140627
10 10.8176 0 0 0.00108003 0
10 10.8226 0 0 0.00108898 0
10 10.8845 0 0 0.00120053 0
10 10.9391 0 0 0.00124026 0.000591323
10 10.9749 0 0 0.00126955 0.0033113
10 10.9821 0 0 0.0012793 0.00328656
10 10.9844 0 0 0.00131131 0
10 10.9762 0 0 0.00131453 0
10 10.9722 0 0 0.0012878 0
10 10.9377 0 0 0.00122142 0.00338338
10 10.9233 0 0 0.00124341 0.00144343
10 10.922 0 0 0.00122537 0.0028951
10 10.9081 0 0 0.00119706 0
10 10.9006 0 0 0.00119437 0
10 10.8649 0 0 0.00117289 0
10 10.8812 0 0 0.00116963 0.00142804
10 10.8997 0 0 0.00116128 0.00327942
10 10.9046 0 0 0.00118444 0.00171272
10 10.9119 0 0 0.00123841 0
10 10.9103 0 0 0.00120672 0
10 10.8827 0 0 0.00117292 0
10 10.8527 0 0 0.00113632 0.00266206
10 10.8436 0 0 0.00108248 0.00252355
10 10.8227 0 0 0.00108518 0.00388016
10 10.8043 0 0 0.00105776 0
10 10.7967 0 0 0.00108502 0
10 10.7975 0 0 0.00105575 0
10 10.7729 0 0 0.000993144 0.00450103
10 10.7274 0 0 0.000983861 0.000639196
10 10.7108 0 0 0.000931025 0.00212963
10 10.707 0 0 0.000930353 0
10 10.6886 0 0 0.000911664 0
10 10.6828 0 0 0.00090623 0
10 10.69 0 0 0.000909167 0.00209066
10 10.7114 0 0 0.000941174 0.00115671
10 10.7345 0 0 0.000972087 0.00259422
10 10.7756 0 0 0.00103058 0
10 10.8241 0 0 0.00109194 0
10 10.8622 0 0 0.00116609 0
10 10.9084 0 0 0.00120456 -7.72511e-05
10 10.9529 0 0 0.00124472 0.00264529
10 11.0044 0 0 0.00134543 0.00252875
10 11.0398 0 0 0.00137727 0
10 11.0681 0 0 0.00140016 0
10 11.1109 0 0 0.00146925 0
10 11.1259 0 0 0.00149759 0.00108044
10 11.113 0 0 0.00145689 0.00311359
10 11.1051 0 0 0.00148238 0
10 11.0845 0 0 0.0014385 0
10 11.074 0 0 0.00142662 0
10 11.0531 0 0 0.00140444 0
10 11.0288 0 0 0.00134235 0.00338978
10 11.0007 0 0 0.00132792 0.00160916
10 10.9913 0 0 0.00133031 0.00244111
10 10.9607 0 0 0.00127546 0
10 10.9138 0 0 0.00121076 0
10 10.8857 0 0 0.00116421 0
10 10.8286 0 0 0.00110819 0.00235275
10 10.7747 0 0 0.000990939 0.00480189
10 10.7722 0 0 0.00103745 -5.83843e-05
10 10.7709 0 0 0.00100978 0
10 10.7781 0 0 0.00104474 0
10 10.7876 0 0 0.00102711 0
10 10.7868 0 0 0.00106245 0.00175918
10 10.7718 0 0 0.000996368 0.00184679
10 10.7501 0 0 0.000994669 0
10 10.6958 0 0 0.000933032 0
10 10.6635 0 0 0.000881518 0
10 10.699 0 0 0.000949194 0
10 10.7233 0 0 0.000939743 0.00175065
10 10.762 0 0 0.000995257 0.00251396
10 10.831 0 0 0.00109698 0.00185388
10 10.9216 0 0 0.00122309 0
10 10.9892 0 0 0.00132788 0
10 11.0311 0 0 0.0013692 0
10 11.079 0 0 0.00144834 0.0026547
10 11.0956 0 0 0.00141536 0.00252113
10 11.0982 0 0 0.00147129 0
10 11.04 0 0 0.0013848 0
10 10.9676 0 0 0.00130703 0
10 10.8834 0 0 0.0012104 0
10 10.8024 0 0 0.00102028 0.00172452
10 10.7315 0 0 0.000953689 0.00205751
10 10.6977 0 0 0.000927422 0.00293834
10 10.6834 0 0 0.000903065 0
10 10.6845 0 0 0.000907704 0
10 10.7001 0 0 0.000943859 0
10 10.7236 0 0 0.000936149 0.00319918
10 10.7505 0 0 0.00100357 -0.000562645
10 10.7772 0 0 0.00102346 0.00215319
10 10.8127 0 0 0.00110719 0
10 10.8273 0 0 0.00108802 0
10 10.8295 0 0 0.00110238 0
10 10.8189 0 0 0.0010626 0.0044264
10 10.7899 0 0 0.00106424 0
10 10.7805 0 0 0.00103431 0.00311641
10 10.7998 0 0 0.00105879 0
10 10.8007 0 0 0.00108718 0
10 10.7845 0 0 0.001013 0
10 10.7697 0 0 0.00100768 0.00319042
10 10.733 0 0 0.000952416 0.00232965
10 10.6853 0 0 0.000913449 0
10 10.653 0 0 0.000872671 0
10 10.6383 0 0 0.000858193 0
10 10.6396 0 0 0.000825279 0.00295223
10 10.673 0 0 0.000895643 0.000318444
10 10.709 0 0 0.000932321 0.00224023
10 10.7334 0 0 0.000979281 0.000866564
10 10.7884 0 0 0.00106279 0
10 10.8639 0 0 0.00114698 0
10 10.932 0 0 0.00123188 0
10 10.9775 0 0 0.00126348 0.00493496
10 11.0259 0 0 0.00135322 0.00140493
10 11.0675 0 0 0.00143819 0.00111785
10 11.0661 0 0 0.00140883 0
10 11.0231 0 0 0.00135727 0
10 10.9832 0 0 0.00130445 0
10 10.9607 0 0 0.00128854 0.00186849
10 10.9358 0 0 0.00123388 0.00164979
10 10.8792 0 0 0.00114595 0.00220854
10 10.8541 0 0 0.00113703 0.00318252
10 10.8079 0 0 0.00107286 0
10 10.7437 0 0 0.00098164 0
10 10.6999 0 0 0.000960172 0.00419792
10 10.6562 0 0 0.000860426 0.00211295
10 10.6227 0 0 0.000871177 0.000619478
10 10.6128 0 0 0.000818727 0
10 10.6308 0 0 0.000855395 0
10 10.6561 0 0 0.000863365 0
10 10.6755 0 0 0.000884547 0.00149424
10 10.6976 0 0 0.000913311 0.00145812
10 10.7433 0 0 0.000974965 0.00240453
10 10.763 0 0 0.00102958 0.00297709
10 10.7794 0 0 0.00105242 0
10 10.7833 0 0 0.00103515 0
10 10.8259 0 0 0.00108199 0.00157244
10 10.8594 0 0 0.00112856 0.00257178
10 10.9067 0 0 0.00120771 0.00200474
10 10.9473 0 0 0.00124811 0.00144663
10 10.9692 0 0 0.00128284 0
10 11.0108 0 0 0.00137252 0
10 11.0073 0 0 0.00130868 0.00365828
10 11.0018 0 0 0.00130102 0.00197782
10 10.9811 0 0 0.00131071 0.00127002
10 10.9763 0 0 0.00129003 0.00258107
10 10.9763 0 0 0.00130291 0
10 10.9667 0 0 0.00130105 0
10 10.9602 0 0 0.0012546 0.00182931
10 10.9526 0 0 0.00127106 0.00360692
10 10.9099 0 0 0.001192 0.00168613
10 10.8434 0 0 0.00112738 0
10 10.7631 0 0 0.00103809 0
10 10.6411 0 0 0.000830654 0
10 10.6005 0 0 0.000796523 0.000927735
10 10.5312 0 0 0.000695096 0.00205284
10 10.4746 0 0 0.000614011 0.00289067
10 10.4405 0 0 0.000591146 0
10 10.4514 0 0 0.000597296 0
10 10.4748 0 0 0.00062416 0
10 10.4907 0 0 0.000643959 0.00153579
10 10.5213 0 0 0.000697654 0.00124749
10 10.5809 0 0 0.00077012 -0.000126767
10 10.6261 0 0 0.000830058 0
10 10.7254 0 0 0.000986152 0
10 10.7712 0 0 0.00100865 0
10 10.8317 0 0 0.0011018 0.00227898
10 10.8694 0 0 0.00116266 -0.000315522
10 10.8942 0 0 0.00117743 0
10 10.8949 0 0 0.00120902 0
10 10.8665 0 0 0.001146 0
10 10.8412 0 0 0.00112902 0
10 10.8279 0 0 0.00108249 0.00280079
10 10.8021 0 0 0.00105798 0.00210558
10 10.8022 0 0 0.00104148 0.00296995
10 10.7989 0 0 0.00106691 0
10 10.7705 0 0 0.00103828 0
10 10.7108 0 0 0.000937747 0
10 10.6808 0 0 0.000900681 0
10 10.6588 0 0 0.000884092 0.000496118
10 10.6319 0 0 0.000830477 0.00186058
10 10.6122 0 0 0.000810565 0
10 10.606 0 0 0.000807855 0
10 10.6099 0 0 0.000813223 0
10 10.6272 0 0 0.000835292 0.00145275
10 10.6439 0 0 0.00084555 0.00122946
10 10.6757 0 0 0.000886876 0.00131347
10 10.7188 0 0 0.000955207 0
10 10.7265 0 0 0.000967006 0
10 10.7417 0 0 0.000998246 0
10 10.7023 0 0 0.000924824 0.000678254
10 10.6731 0 0 0.000894993 0.0020019
10 10.6706 0 0 0.000873189 0.00338566
10 10.6627 0 0 0.000876661 0
10 10.6694 0 0 0.000908446 0
10 10.6748 0 0 0.000863049 0
10 10.6984 0 0 0.000936963 -0.00143655
10 10.7105 0 0 0.000925851 0.0016883
10 10.762 0 0 0.00100608 0.00265195
10 10.8249 0 0 0.00109132 0
10 10.8501 0 0 0.00113717 0
10 10.863 0 0 0.00114053 0
10 10.8556 0 0 0.00111343 0.00243058
10 10.8192 0 0 0.00106916 0.00322688
10 10.7654 0 0 0.00103618 0.000827497
10 10.7115 0 0 0.000943127 0
10 10.6567 0 0 0.000882031 0
10 10.5826 0 0 0.000737733 0
10 10.5632 0 0 0.0007587 0.000524524
10 10.5653 0 0 0.000723087 0.00367693
10 10.5662 0 0 0.000746955 0.000500705
10 10.5643 0 0 0.000762299 0
10 10.5923 0 0 0.000791391 0
10 10.6554 0 0 0.000875437 0
10 10.6778 0 0 0.000876341 0.00180591
10 10.6823 0 0 0.000898851 0.00234484
10 10.7141 0 0 0.000959077 0.00199989
10 10.742 0 0 0.000981894 0
10 10.7436 0 0 0.0010094 0
10 10.7203 0 0 0.000935182 0
10 10.7013 0 0 0.000924571 0.00293467
10 10.6912 0 0 0.00091013 0.00106266
10 10.6886 0 0 0.000907511 0.00197766
10 10.7314 0 0 0.000985185 0
10 10.7756 0 0 0.00102845 0
10 10.8162 0 0 0.0010779 0
10 10.8552 0 0 0.00112716 0.00246794
10 10.8545 0 0 0.00112705 0.00166117
10 10.8274 0 0 0.00110769 0.00145254
10 10.7547 0 0 0.00101451 0
10 10.7006 0 0 0.000929298 0
10 10.6811 0 0 0.000881301 0
10 10.6698 0 0 0.000895607 -0.00110529
10 10.6607 0 0 0.000848074 0.00440558
10 10.6257 0 0 0.00082848 0.00268354
10 10.6202 0 0 0.000824188 0
10 10.5945 0 0 0.000788754 0
10 10.5634 0 0 0.000762093 0
10 10.5818 0 0 0.000767525 0.000272618
10 10.6054 0 0 0.000791973 0.00151483
10 10.6447 0 0 0.000857399 0.000672083
10 10.6905 0 0 0.000934378 0
10 10.7559 0 0 0.00100025 0
10 10.795 0 0 0.00105088 0.000506191
10 10.8001 0 0 0.00107871 0.00140804
10 10.8167 0 0 0.00105159 0.00167036
10 10.8026 0 0 0.00106757 0.00185345
10 10.778 0 0 0.00102898 0
10 10.7221 0 0 0.000983879 0
10 10.6735 0 0 0.000877904 0
10 10.5975 0 0 0.000775073 0.00316132
10 10.5598 0 0 0.000726505 0.00139988
10 10.5218 0 0 0.000691953 0.00242211
10 10.4987 0 0 0.000660506 0
10 10.4886 0 0 0.000649157 0
10 10.4901 0 0 0.000647879 0
10 10.528 0 0 0.000703333 0.00192937
10 10.5596 0 0 0.000747516 -0.00101214
10 10.571 0 0 0.000741605 0.0023447
10 10.5855 0 0 0.000798364 0
10 10.5881 0 0 0.000774219 0
10 10.5806 0 0 0.000770201 0
10 10.5691 0 0 0.000736217 0.00283664
10 10.5742 0 0 0.00077469 0.000383915
10 10.5548 0 0 0.000723265 0.00179843
10 10.5146 0 0 0.000684384 0
10 10.5082 0 0 0.000674695 0
10 10.5919 0 0 0.000797893 0
10 10.633 0 0 0.000836407 0.000658564
10 10.6463 0 0 0.000837551 0.00259345
10 10.6905 0 0 0.000933956 0.00122334
10 10.7765 0 0 0.00102118 0
10 10.8378 0 0 0.001117 0
10 10.8438 0 0 0.00109047 0
10 10.8496 0 0 0.00114719 -0.000548341
10 10.8413 0 0 0.00109787 0.00352202
10 10.8237 0 0 0.00106372 0.00335261
10 10.8015 0 0 0.00106683 0
10 10.7669 0 0 0.00102301 0
10 10.7207 0 0 0.000957371 0
10 10.6819 0 0 0.000896131 -7.9199e-05
10 10.6687 0 0 0.000873107 0.00313602
10 10.6481 0 0 0.000864917 0.000709554
10 10.6254 0 0 0.000839427 0
10 10.5975 0 0 0.000788592 0
10 10.5835 0 0 0.000793172 0
10 10.5445 0 0 0.000704902 0.000930137
10 10.5118 0 0 0.000675842 0.00178836
10 10.4497 0 0 0.000587119 0.00102375
10 10.399 0 0 0.00054291 0
10 10.3743 0 0 0.000495211 0
10 10.4053 0 0 0.000536603 0
10 10.4486 0 0 0.000576838 0.00260438
10 10.494 0 0 0.000663944 0.000476365
10 10.5896 0 0 0.000791964 -0.00075655
10 10.6891 0 0 0.000915464 0
10 10.7438 0 0 0.000984768 0
10 10.7702 0 0 0.00104026 0
10 10.8223 0 0 0.0010718 0.00241632
10 10.8738 0 0 0.0011605 -0.000262864
10 10.882 0 0 0.00115145 0.00340303
10 10.8677 0 0 0.00117514 0
10 10.8563 0 0 0.00113465 0
10 10.8115 0 0 0.00107155 0
10 10.7589 0 0 0.00100888 0.00266426
10 10.7084 0 0 0.000936308 0.000309219
10 10.6796 0 0 0.000879715 0.00310674
10 10.6673 0 0 0.000889075 0
10 10.643 0 0 0.000866162 0
10 10.5913 0 0 0.000777567 0.00217905
10 10.5762 0 0 0.000758671 0.00123914
10 10.5609 0 0 0.000732471 0.000474928
10 10.4753 0 0 0.00060039 0.00541475
10 10.444 0 0 0.000599767 0
10 10.4033 0 0 0.000533221 0
10 10.3452 0 0 0.000520843 0.00217716
10 10.3096 0 0 0.000406366 0.000632342
10 10.2429 0 0 0.000325425 0.000219132
10 10.2441 0 0 0.000315879 0.00151104
10 10.2413 0 0 0.000319059 0
10 10.2665 0 0 0.000355722 0
10 10.2866 0 0 0.000386513 0
10 10.368 0 0 0.000491145 -0.00103988
10 10.4082 0 0 0.000512871 0.00471388
10 10.4561 0 0 0.000615724 -0.00101927
10 10.4938 0 0 0.00065685 0
10 10.5505 0 0 0.000733381 0
10 10.5842 0 0 0.000784839 0
10 10.6225 0 0 0.000825186 0.000652425
10 10.6602 0 0 0.000871926 0.00153952
10 10.7177 0 0 0.000944562 0.00122661
10 10.7114 0 0 0.000945412 0
10 10.7198 0 0 0.000962126 0
10 10.7453 0 0 0.000991481 0
10 10.7435 0 0 0.000969076 0.00240558
10 10.6912 0 0 0.000918279 0.00271612
10 10.661 0 0 0.00088141 0.000613565
10 10.6442 0 0 0.000851304 0
10 10.6175 0 0 0.000814785 0
10 10.5958 0 0 0.000808742 0
10 10.6115 0 0 0.00080625 0.000390893
10 10.6527 0 0 0.000867585 -0.000404135
10 10.702 0 0 0.000936444 0.00235819
10 10.7421 0 0 0.00100276 0
10 10.7858 0 0 0.00103709 0
10 10.7914 0 0 0.00102823 0.00304865
10 10.771 0 0 0.00102534 0.0036035
10 10.7178 0 0 0.000933571 0.0031158
10 10.6415 0 0 0.000836217 0.00121942
10 10.5444 0 0 0.000730398 0
10 10.4617 0 0 0.000606581 0
10 10.4406 0 0 0.000589416 0
10 10.4193 0 0 0.000552017 0.00136494
10 10.4259 0 0 0.000546928 0.00251763
10 10.4573 0 0 0.000623497 0.000237083
10 10.5251 0 0 0.000690793 0
10 10.5345 0 0 0.000706524 0
10 10.5338 0 0 0.000710106 0
10 10.5514 0 0 0.000722229 0.00109255
10 10.5647 0 0 0.00073395 0.00302668
10 10.5681 0 0 0.00074622 -8.39584e-05
10 10.5846 0 0 0.00079392 0
10 10.6516 0 0 0.000868755 0
10 10.6817 0 0 0.000899683 0
10 10.7309 0 0 0.000963112 0.000328034
10 10.7562 0 0 0.000989047 0.00296153
10 10.7509 0 0 0.000993151 0.00259345
10 10.7516 0 0 0.000995952 0
10 10.7153 0 0 0.000960903 0
10 10.6551 0 0 0.000878434 0
10 10.6014 0 0 0.000790331 0.00146835
10 10.5809 0 0 0.000772617 -0.00033311
10 10.5681 0 0 0.000752582 0.00527175
10 10.528 0 0 0.00070976 0
10 10.52 0 0 0.000696818 0
10 10.5347 0 0 0.000697107 0
10 10.5445 0 0 0.000735007 0.000525278
10 10.5432 0 0 0.000690109 0.00322481
10 10.5279 0 0 0.000705164 0.000380731
10 10.4857 0 0 0.000660443 0
10 10.4489 0 0 0.000585024 0
10 10.4102 0 0 0.000537528 0
10 10.3897 0 0 0.000512801 0.00125344
10 10.3516 0 0 0.00044184 0.00360245
10 10.3386 0 0 0.000458478 -0.000741196
10 10.3463 0 0 0.000464813 0
10 10.3631 0 0 0.000484599 0
10 10.3909 0 0 0.000527037 0
10 10.4048 0 0 0.000532047 0.00117635
10 10.4681 0 0 0.000608771 0.00202478
10 10.4907 0 0 0.000650155 -0.000162016
10 10.5182 0 0 0.000688085 0
10 10.5446 0 0 0.000734661 0
10 10.5657 0 0 0.000752823 0
10 10.6132 0 0 0.000825332 8.8414e-05
10 10.652 0 0 0.000853346 0.00122533
10 10.6696 0 0 0.000865811 0.00279863
10 10.7418 0 0 0.000981319 0
10 10.7673 0 0 0.00102834 0
10 10.7685 0 0 0.00100175 0.00287089
10 10.7655 0 0 0.00100087 0.00294358
10 10.7742 0 0 0.00103629 -0.000665102
10 10.775 0 0 0.00105214 0.00100333
10 10.7282 0 0 0.000947748 0
10 10.6846 0 0 0.000910275 0
10 10.6957 0 0 0.000930859 0
10 10.7086 0 0 0.000928747 0.00212023
10 10.7056 0 0 0.000932221 0.00154803
10 10.6708 0 0 0.000876702 0.00323453
10 10.6344 0 0 0.000845022 0
10 10.5529 0 0 0.000732794 0
10 10.4416 0 0 0.000597252 0
10 10.3156 0 0 0.000408474 0.00125512
10 10.2286 0 0 0.000285609 0.00275972
10 10.1754 0 0 0.000224141 0.00200266
10 10.1322 0 0 0.000174982 0
10 10.1036 0 0 0.00013734 0
10 10.0732 0 0 0 0
10 10.0751 0 0 0 0.000372345
10 10.0749 0 0 0 0.00107703
10 10.0735 0 0 0 0.00162479
10 10.0971 0 0 0.000129436 0
10 10.1661 0 0 0.000223816 0
10 10.2477 0 0 0.000316655 0.00173714
10 10.3667 0 0 0.000495194 0.000772417
10 10.4599 0 0 0.00061043 -0.000775416
10 10.5411 0 0 0.000700493 0.00271564
10 10.611 0 0 0.000810606 0
10 10.6651 0 0 0.000886545 0
10 10.6655 0 0 0.000905573 0
10 10.669 0 0 0.000867049 0.00126883
10 10.6933 0 0 0.000927654 0.00133498
10 10.7029 0 0 0.000935001 0.000458667
10 10.6955 0 0 0.000919026 0
10 10.6955 0 0 0.000919752 0
10 10.7305 0 0 0.00096969 0
10 10.7631 0 0 0.00103621 -4.49225e-05
10 10.7751 0 0 0.00100027 0.002809
10 10.7641 0 0 0.000999811 0.00311497
10 10.751 0 0 0.00101854 0.00336221
10 10.727 0 0 0.000966337 0
10 10.672 0 0 0.000886388 0
10 10.5543 0 0 0.000731689 0.00101352
10 10.3961 0 0 0.000515638 0.00171197
10 10.3535 0 0 0.000474699 0
10 10.2031 0 0 0.000269407 0
10 10.1401 0 0 0.000186239 0
10 10.1119 0 0 0.000151367 0
10 10.0915 0 0 0.000113191 0.00127905
10 10.0737 0 0 0 0.0011168
10 10.0705 0 0 0 0.00167889
10 10.079 0 0 0.000106289 0
10 10.1209 0 0 0.000159903 0
10 10.1802 0 0 0.000238389 0
10 10.2958 0 0 0.000385988 0.00102728
10 10.4203 0 0 0.000575227 -0.000363123
10 10.5356 0 0 0.000708964 0.000407921
10 10.6523 0 0 0.000858976 0
10 10.7598 0 0 0.00102915 0
10 10.8148 0 0 0.00108033 0
10 10.8557 0 0 0.00113279 -3.2455e-05
10 10.8776 0 0 0.00114808 0.00253628
10 10.8777 0 0 0.00118501 0.0014579
10 10.8209 0 0 0.00108475 0
10 10.7601 0 0 0.00100445 0
10 10.691 0 0 0.00090103 0
10 10.6024 0 0 0.000818381 0.000169969
10 10.5324 0 0 0.000681057 0.00312517
10 10.4839 0 0 0.000627562 0.00210027
10 10.4331 0 0 0.000589162 0
10 10.4331 0 0 0.000570931 0
10 10.3027 0 0 0.00040516 0
10 10.2541 0 0 0.000311213 0.00345401
10 10.1989 0 0 0.000275037 -0.000959852
10 10.1304 0 0 0.000172399 0
10 10.08 0 0 0.000106889 0
10 10.027 0 0 0 0
10 9.99051 0 0 0 0
10 9.95497 0 0 0 -0.00142133
10 9.93091 0 0 0 0.000214806
10 9.94475 0 0 0 0.00084293
10 9.99916 0 0 0 0
10 10.0561 0 0 0 0
10 10.0906 0 0 0.000120672 0
10 10.1241 0 0 0.000169194 -0.000321643
10 10.1694 0 0 0.000206739 0.00299295
10 10.2138 0 0 0.000278068 0.00082196
10 10.2505 0 0 0.000331716 0
10 10.2922 0 0 0.000395644 0
10 10.3274 0 0 0.000429177 0
10 10.3774 0 0 0.000492698 0.00114402
10 10.4036 0 0 0.000504987 -0.000766737
10 10.4212 0 0 0.000564358 0.00032421
10 10.4418 0 0 0.000591155 0
10 10.5478 0 0 0.000725817 0
10 10.6278 0 0 0.000814722 0
10 10.7039 0 0 0.000965325 0
10 10.791 0 0 0.00104413 0.000633676
10 10.8872 0 0 0.00117431 0.000982935
10 10.937 0 0 0.00127186 0
10 10.9439 0 0 0.00125097 0
10 10.9238 0 0 0.00122188 0
