x y z Tx Ty Tz 
0 0 0 0 0 0
0 0 0 0 0 0
0 0 0 0 0 0
0 0 0 0 0 0
0 0 0 0 0 0
0 0 0 0 0 0
0 0 0 0 0 0
0 0 0 0 0 0
0 0 0 0 0 0
0 0 0 0 0 0
0 0 0 0 0 0
0 0 0 0 0 0
0 0 0 0 0 0
0 0 1.55515 0 0 0
0 0 1.84652 0 0 0
0 0 2.22581 0 0 0
0 0 2.73119 0 0 0
0 0 3.32003 0 0 0
0 0 3.94522 0 -0.0555083 0
0 0 4.62004 0 -0.0614367 0
0 0 5.32208 0.0538122 -0.0669262 0
0 0 6.02218 0.0653913 -0.0705891 0
0 0 6.71029 0.0765905 -0.0727792 0
0 0 7.74543 0.0923254 -0.0744143 0
0 0 8.0565 0.0970836 -0.0733566 0
0 0 8.63112 0.105885 -0.0698566 0
0 0 9.17177 0.112967 -0.0660607 0
0 0 9.65879 0.117815 -0.0611053 0
0 0 10.0959 0.12017 -0.0550662 0
0 0 10.6547 0.120304 0 0
0 0 10.8048 0.119986 0 0
0 0 11.0595 0.118405 0 0
0 0 11.3508 0.113638 0 0
0 0 11.484 0.110001 0 0
-1.50466 0 11.5333 0.107996 0 0
-1.60067 0 11.5799 0.105657 0 0
-1.82434 0 11.6572 0.100531 0 0
-2.12492 0 11.7055 0.0925925 0 0
-2.20247 0 11.7003 0.0904204 0 0
-2.35587 0 11.657 0.0863551 0 0
-2.43076 0 11.6134 0.0843442 0 0
-2.49575 -1.50044 11.5584 0.0826003 0 0
-2.59469 -1.5119 11.434 0.0798474 0 0
-2.66032 -1.52257 11.2994 0.0774934 0 0
-2.69476 -1.55275 11.1417 0.075166 0 0
-2.70749 -1.58191 11.0563 0.0736993 0 0
-2.72236 -1.62986 10.8694 0.0706324 0 0
-2.72001 -1.65024 10.7708 0.0691946 0 0
-2.67136 -1.71092 10.4694 0.0640256 0 0
-2.60401 -1.74383 10.2631 0.0602938 0 0
-2.56161 -1.73353 10.0333 0.0581781 0 0
-2.5131 -1.69364 9.81046 0.0572342 0 0
-2.45121 -1.68449 9.64099 0.0557017 0 0
-2.38954 -1.65785 9.49335 0.0544993 0 0
-2.31234 -1.63002 9.34169 0.053762 0 0
-2.21716 -1.62833 9.2233 0.0519116 0 0
-2.11491 -1.63653 9.13445 0 0 0
-2.02792 -1.64406 9.05534 0 0 0
-1.94675 -1.68066 8.98668 0 0 0
-1.88638 -1.72385 8.96091 0 0 0
-1.84822 -1.74665 8.96592 0 0 0
-1.82312 -1.7592 8.98604 0 0 0
-1.78271 -1.7766 9.01511 0 0 0
-1.72672 -1.7537 9.05748 0 0 0
-1.6733 -1.70394 9.11015 0 0 0
-1.62502 -1.67253 9.17485 0 0 0
-1.57007 -1.65774 9.2699 0 0 0
-1.53506 -1.65149 9.32486 0 0 0
0 -1.62513 9.52001 0 0 0
0 -1.60819 9.64272 0.0511068 0 0
0 -1.58996 9.76863 0.053571 0 0
0 -1.56344 9.85142 0.0562101 0 0
0 -1.554 9.93731 0.0576918 0 0
0 -1.56138 9.995 0.0580883 0 0
0 -1.58242 10.0967 0.0594164 0 0
0 -1.60435 10.1528 0.0591167 0 0
0 -1.62746 10.1964 0.0585766 0 0
0 -1.65048 10.2388 0.0577516 0 0
0 -1.67259 10.258 0.0575674 0 0
0 -1.67564 10.2598 0.0578438 0 0
0 -1.67903 10.2735 0.0576116 0 0
0 -1.68912 10.2709 0.0565985 0 0
0 -1.69685 10.2764 0.0554519 0 0
0 -1.71012 10.2885 0.0539295 0 0
-1.54365 -1.74234 10.2947 0.051457 0 0
-1.59279 -1.80967 10.2952 0 0 0
-1.64594 -1.86101 10.2872 0 0 0
-1.68359 -1.91005 10.2913 0 0 0
-1.70459 -1.95251 10.2771 0 0 0
-1.71345 -1.96858 10.2369 0 0 0
-1.71723 -1.96765 10.2063 0 0 0
-1.7175 -1.96321 10.1861 0 0 0
-1.7048 -1.96695 10.1535 0 0 0
-1.70186 -1.96775 10.1171 0 0 0
-1.71633 -1.9707 10.0981 0 0 0
-1.73552 -1.95358 10.0928 0 0 0
-1.75238 -1.9275 10.0779 0 0 0
-1.77796 -1.91342 10.0661 0 0 0
-1.79611 -1.90642 10.0722 0 0 0
-1.8327 -1.87284 10.0702 0 0 0
-1.84952 -1.86572 10.0623 0 0 0
-1.87255 -1.88231 10.0558 0 0 0
-1.89009 -1.89431 10.0684 0 0 0
-1.89126 -1.89355 10.0742 0 0 0
-1.89293 -1.88174 10.0739 0 0 0
-1.89775 -1.89087 10.077 0 0 0
-1.89589 -1.88729 10.0699 0 0 0
-1.89441 -1.8795 10.0612 0 0 0
-1.88938 -1.85827 10.0412 0 0 0
-1.8759 -1.83071 9.99709 0 0 0
-1.87121 -1.81901 9.96872 0 0 0
-1.86565 -1.79394 9.95541 0 0 0
-1.86388 -1.77991 9.95276 0 0 0
-1.88325 -1.80011 9.99627 0 0 0
-1.88801 -1.80735 10.0095 0 0 0
-1.89513 -1.82709 10.0494 0 0 0
-1.89523 -1.83628 10.0636 0 0 0
-1.89207 -1.84645 10.0672 0 0 0
-1.89296 -1.85857 10.0672 0 0 0
-1.88708 -1.86028 10.0585 0 0 0
-1.87552 -1.85651 10.0425 0 0 0
-1.8505 -1.85061 10.0133 0 0 0
-1.85374 -1.8497 10.0009 0 0 0
-1.85493 -1.84945 9.98612 0 0 0
-1.85125 -1.86187 9.98591 0 0 0
-1.84779 -1.86492 9.98657 0 0 0
-1.86333 -1.8562 9.99907 0 0 0
-1.86863 -1.84493 9.99209 0 0 0
-1.86925 -1.83814 9.98962 0 0 0
-1.86463 -1.83954 9.98857 0 0 0
-1.85808 -1.85929 9.9955 0 0 0
-1.85871 -1.88014 10.0014 0 0 0
-1.85961 -1.89008 9.99992 0 0 0
-1.8569 -1.89569 9.99168 0 0 0
-1.83983 -1.90694 9.97239 0 0 0
-1.83034 -1.92941 9.97682 0 0 0
-1.8329 -1.92621 9.9739 0 0 0
-1.83417 -1.9173 9.96858 0 0 0
-1.83254 -1.90404 9.96035 0 0 0
-1.82769 -1.8905 9.95262 0 0 0
-1.82766 -1.88583 9.95754 0 0 0
-1.83636 -1.8961 9.99229 0 0 0
-1.82508 -1.89106 9.99054 0 0 0
-1.81094 -1.88259 9.97465 0 0 0
-1.80258 -1.87604 9.9741 0 0 0
-1.8057 -1.89488 9.98211 0 0 0
-1.78965 -1.88354 9.94212 0 0 0
-1.78895 -1.88025 9.93636 0 0 0
-1.79511 -1.87523 9.93294 0 0 0
-1.78402 -1.86524 9.91489 0 0 0
-1.75969 -1.84122 9.87482 0 0 0
-1.73893 -1.81211 9.83742 0 0 0
-1.74687 -1.81658 9.84053 0 0 0
-1.74096 -1.83626 9.84326 0 0 0
-1.72398 -1.84813 9.82887 0 0 0
-1.70865 -1.86013 9.82594 0 0 0
-1.70252 -1.87193 9.84071 0 0 0
-1.67764 -1.86939 9.82425 0 0 0
-1.65579 -1.85243 9.79243 0 0 0
-1.65222 -1.84244 9.77408 0 0 0
-1.65637 -1.84245 9.77208 0 0 0
-1.66289 -1.83878 9.77025 0 0 0
-1.67357 -1.83779 9.76994 0 0 0
-1.69136 -1.84438 9.77731 0 0 0
-1.69597 -1.85131 9.78784 0 0 0
-1.69763 -1.86094 9.79615 0 0 0
-1.67622 -1.8654 9.78682 0 0 0
-1.63891 -1.85259 9.7839 0 0 0
-1.59112 -1.84274 9.76945 0 0 0
-1.54118 -1.82707 9.74191 0 0 0
-1.50098 -1.81549 9.71884 0 0 0
0 -1.80172 9.72875 0 0 0
-1.52331 -1.8044 9.77283 0 0 0
-1.54241 -1.80092 9.78599 0 0 0
-1.54708 -1.80241 9.80135 0 0 0
-1.54227 -1.79442 9.81927 0 0 0
-1.53373 -1.79701 9.84849 0 0 0
-1.50012 -1.80916 9.87603 0 0 0
0 -1.81583 9.91554 0 0 0
0 -1.84771 10.0291 0 0 0
0 -1.85557 10.0673 0 0 0
0 -1.85296 10.1277 0 0 0
0 -1.81761 10.1453 0 0 0
0 -1.79844 10.1558 0 0 0
0 -1.77307 10.1558 0 0 0
0 -1.76075 10.1571 0 0 0
0 -1.76276 10.1655 0 0 0
0 -1.78285 10.1684 0 0 0
0 -2.0471 10.1976 0 0 0
0 -2.1815 10.2259 0 0 0
0 -2.66943 10.3714 0 0 0
0 -2.84545 10.4426 0 0 0
0 -3.38234 10.767 0 0 0
0 -3.65527 11.0269 0 0 0
0 -3.81335 11.2755 0 0 0
0 -3.91515 11.4665 0 0 0
0 -4.00383 11.6322 0 0 0
0 -4.07707 11.7498 0 0 0
0 -4.13102 11.8452 0 0 0
0 -4.17118 11.9313 0 0 0
0 -4.21772 12.0133 0 0 0
0 -4.24349 12.0441 0 0 0
0 -4.25346 12.0383 0 0 0
0 -4.27073 11.9965 0 0 0
0 -4.27582 11.9493 0 0 0
0 -4.26981 11.7608 0 0 0
0 -4.24988 11.6338 0 0 0
0 -4.24279 11.5754 0 0 0
0 -4.20316 11.3898 0 0 0
0 -4.16809 11.2972 0 0 0
0 -4.14143 11.2124 0 0 0
0 -4.10788 11.1292 0 0 0
0 -4.07563 11.0728 0 0 0
0 -4.05289 11.0163 0 0 0
0 -4.04023 10.9562 0 0 0
0 -4.02665 10.9064 0 0 0
0 -4.02531 10.9046 0 0 0
0 -4.0494 10.948 0 0 0
0 -4.07789 11.0184 0 0 0
0 -4.11462 11.1152 0 0 0
0 -4.15584 11.2296 0 0 0
0 -4.19319 11.3534 0 0 0
0 -4.20863 11.4073 0 0 0
0 -4.23732 11.5413 0 0 0
0 -4.26273 11.6284 0 0 0
0 -4.27944 11.691 0 0 0
0 -4.28914 11.7201 0 0 0
0 -4.32376 11.7891 0 0 0
0 -4.35367 11.8083 0 0 0
0 -4.37228 11.8197 0 0 0
0 -4.38602 11.8417 0 0 0
0 -4.39441 11.8709 0 0 0
0 -4.38681 11.8691 0 0 0
0 -4.36369 11.8467 0 0 0
0 -4.35937 11.8132 0 0 0
0 -4.3346 11.7266 0 0 0
0 -4.30939 11.6274 0 0 0
0 -4.26855 11.5296 0 0 0
0 -4.25381 11.4565 0 0 0
0 -4.25912 11.4298 0 0 0
0 -4.24431 11.3395 0 0 0
0 -4.23192 11.3285 0 0 0
0 -4.20185 11.277 -0.0506891 0 0
0 -4.19865 11.2373 -0.0511198 0 0
0 -4.16209 11.1854 -0.0517883 0 0
0 -4.13292 11.1607 -0.0525681 0 0
0 -4.12862 11.1681 -0.0530592 0 0
0 -4.12964 11.1662 -0.0531604 0 0
0 -4.11342 11.1954 -0.0542455 0 0
0 -4.10491 11.2341 -0.0549151 0 0
0 -4.09276 11.263 -0.0551786 0 0
0 -4.0902 11.2868 -0.0556314 0 0
0 -4.09056 11.2957 -0.0558816 0 0
0 -4.0946 11.3399 -0.0559044 0 0
0 -4.11595 11.3425 -0.0551461 0 0
0 -4.13257 11.357 -0.0552686 0 0
0 -4.18913 11.4603 -0.0571775 0 0
0 -4.20864 11.522 -0.0579417 0 0
0 -4.21665 11.5361 -0.0581281 0 0
0 -4.24384 11.6062 -0.0596195 0 0
0 -4.2428 11.6649 -0.060415 0 0
0 -4.23456 11.6771 -0.060317 0 0
0 -4.22814 11.6794 -0.0600891 0 0
0 -4.22694 11.6765 -0.0600139 0 0
0 -4.23239 11.6763 -0.0604034 0 0
0 -4.24206 11.6624 -0.0610405 0 0
0 -4.24853 11.6448 -0.0611506 0 0
0 -4.26886 11.601 -0.0619686 0 0
0 -4.25533 11.5679 -0.0621336 0 0
0 -4.24391 11.5506 -0.0620846 0 0
0 -4.21357 11.5147 -0.0622425 0 0
0 -4.15454 11.478 -0.063531 0 0
0 -4.14094 11.4561 -0.063993 0 0
0 -4.10454 11.3474 -0.0645319 0 0
0 -4.09646 11.3049 -0.0646172 0 0
0 -4.07213 11.1592 -0.064211 0 0
0 -4.07756 11.122 -0.0638294 0 0
0 -4.04832 10.9981 -0.0621126 0 0
0 -4.03205 10.9676 -0.0619847 0 0
0 -4.01304 10.9328 -0.0623892 0 0
0 -3.99741 10.9202 -0.0631482 0 0
0 -3.985 10.9064 -0.0637582 0 0
0 -3.96094 10.8816 -0.0642055 0 0
0 -3.95263 10.8786 -0.0649571 0 0
0 -3.9565 10.8945 -0.0650657 0 0
0 -3.9578 10.9076 -0.0650015 0 0
0 -3.97854 10.9561 -0.0653028 0 0
0 -4.00566 11.047 -0.0661972 0 0
0 -4.02974 11.1363 -0.066962 0 0
0 -4.07325 11.2337 -0.0673801 0 0
0 -4.11329 11.3367 -0.0682455 0 0
0 -4.14288 11.437 -0.0690921 0 0
0 -4.16534 11.5393 -0.0704069 0 0
0 -4.20431 11.6302 -0.0708109 0 0
0 -4.23575 11.7229 -0.0713471 0 0
0 -4.23654 11.734 -0.0711254 0 0
0 -4.23665 11.7573 -0.0710691 0 0
0 -4.23187 11.7558 -0.0712404 0 0
0 -4.20624 11.7173 -0.0715163 0 0
0 -4.16475 11.6661 -0.0719495 0 0
0 -4.13533 11.622 -0.0727603 0 0
0 -4.13918 11.6044 -0.0740613 0 0
0 -4.1498 11.5771 -0.0745391 0 0
0 -4.14753 11.5125 -0.0745202 0 0
0 -4.14827 11.4467 -0.0752904 0 0
0 -4.1401 11.3558 -0.0763603 0 0
0 -4.10842 11.2438 -0.0772871 0 0
0 -4.08092 11.1248 -0.0782061 0 0
0 -4.0602 11.0003 -0.0789872 0 0
0 -4.03735 10.9349 -0.0788697 0 0
0 -4.03201 10.9125 -0.0785558 0 0
0 -4.03779 10.8975 -0.0776121 0 0
0 -4.03332 10.9158 -0.0767745 0 0
0 -3.99659 10.9642 -0.0770421 0 0
0 -3.99635 11.0212 -0.0774543 0 0
0 -4.01675 11.0999 -0.0780962 0 0
0 -4.04802 11.1878 -0.0789474 0 0
0 -4.08735 11.2717 -0.0797434 0 0
0 -4.12256 11.3229 -0.079783 0 0
0 -4.14563 11.3593 -0.0800803 0 0
0 -4.151 11.3914 -0.0812874 0 0
0 -4.12294 11.4048 -0.0824367 0 0
0 -4.10395 11.4123 -0.0830144 0 0
0 -4.10399 11.3985 -0.0832506 0 0
0 -4.10642 11.3937 -0.0836976 0 0
0 -4.11427 11.3846 -0.0838726 0 0
0 -4.12564 11.3678 -0.0838127 0 0
0 -4.12614 11.3219 -0.0836181 0 0
0 -4.09745 11.2679 -0.0835142 0 0
0 -4.07149 11.2399 -0.0838373 0 0
0 -4.05641 11.2235 -0.0836271 0 0
0 -4.04006 11.204 -0.0832173 0 0
0 -4.0513 11.2206 -0.0837618 0 0
0 -4.06327 11.2294 -0.0852519 0 0
0 -4.06558 11.2363 -0.0869435 0 0
0 -4.06987 11.229 -0.0879452 0 0
0 -4.08881 11.2263 -0.0887746 0 0
0 -4.10098 11.2333 -0.089132 0 0
0 -4.08101 11.2371 -0.0890403 0 0
0 -4.07743 11.2436 -0.0887166 0 0
0 -4.07728 11.251 -0.0881651 0 0
0 -4.07468 11.2557 -0.0871749 0 0
0 -4.04629 11.2499 -0.0874384 0 0
0 -4.02183 11.2283 -0.0879924 0 0
0 -4.01524 11.207 -0.0879555 0 0
0 -3.99324 11.1511 -0.0877357 0 0
0 -3.93562 11.0621 -0.0879265 0 0
0 -3.88759 10.9676 -0.0878296 0 0
0 -3.849 10.9058 -0.0874795 0 0
0 -3.80153 10.8312 -0.0873097 0 0
0 -3.76874 10.7533 -0.0870111 0 0
0 -3.76184 10.7143 -0.0868581 0 0
0 -3.77557 10.7111 -0.0868266 0 0
0 -3.79987 10.7101 -0.0869383 0 0
0 -3.80693 10.6844 -0.0869797 0 0
0 -3.80398 10.6737 -0.0873635 0 0
0 -3.80597 10.6751 -0.0875846 0 0
0 -3.81225 10.6886 -0.0882401 0 0
0 -3.79851 10.6828 -0.088855 0 0
0 -3.78756 10.6885 -0.0892891 0 0
0 -3.79045 10.7425 -0.0899527 0 0
0 -3.76345 10.7506 -0.0903705 0 0
0 -3.7484 10.7572 -0.0907577 0 0
0 -3.73605 10.7708 -0.0912731 0 0
0 -3.73321 10.8073 -0.0919756 0 0
0 -3.73845 10.825 -0.0919611 0 0
0 -3.73825 10.833 -0.0917714 0 0
0 -3.72854 10.8346 -0.0914776 0 0
0 -3.74949 10.8658 -0.0916554 0 0
0 -3.7821 10.9077 -0.0920071 0 0
0 -3.80126 10.9336 -0.091884 0 0
0 -3.80363 10.9535 -0.0916349 0 0
0 -3.81407 10.9831 -0.091581 0 0
0 -3.81744 11.011 -0.0916131 0 0
0 -3.82375 11.0483 -0.0916785 0 0
0 -3.84257 11.0924 -0.0914915 0 0
0 -3.86227 11.1369 -0.0918642 0 0
0 -3.87529 11.1619 -0.0925322 0 0
0 -3.88216 11.1775 -0.0934063 0 0
0 -3.88992 11.1937 -0.0938321 0 0
0 -3.8729 11.1858 -0.0940693 0 0
0 -3.8601 11.1666 -0.0940492 0 0
0 -3.837 11.1033 -0.0941393 0 0
0 -3.83366 11.0845 -0.094726 0 0
0 -3.82721 11.0419 -0.0954758 0 0
0 -3.81751 11.0083 -0.0959787 0 0
0 -3.80046 10.9446 -0.0971025 0 0
0 -3.78394 10.8494 -0.0985446 0 0
0 -3.75369 10.7582 -0.0989854 0 0
0 -3.71516 10.6661 -0.0987857 0 0
0 -3.70336 10.6234 -0.09846 0 0
0 -3.70121 10.5246 -0.0977423 0 0
0 -3.70937 10.5073 -0.0976424 0 0
0 -3.73438 10.4959 -0.097073 0 0
0 -3.75972 10.5324 -0.0970768 0 0
0 -3.78842 10.6042 -0.0980654 0 0
0 -3.79906 10.6506 -0.0987355 0 0
0 -3.81651 10.7826 -0.100798 0 0
0 -3.82472 10.8415 -0.101485 0 0
0 -3.84639 10.946 -0.102595 0 0
0 -3.86467 11.0402 -0.103706 0 0
0 -3.88006 11.1111 -0.103907 0 0
0 -3.89808 11.1777 -0.103392 0 0
0 -3.92144 11.2492 -0.103445 0 0
0 -3.94692 11.3337 -0.104851 0 0
0 -3.95208 11.351 -0.105301 0 0
0 -3.95362 11.3598 -0.105588 0 0
0 -3.95064 11.3565 -0.105943 0 0
0 -3.94084 11.3112 -0.106054 0 0
0 -3.91939 11.2392 -0.106267 0 0
0 -3.89751 11.1626 -0.10655 0 0
0 -3.88681 11.1151 -0.107347 0 0
0 -3.86557 11.04 -0.108158 0 0
0 -3.84726 10.9544 -0.109166 0 0
0 -3.80862 10.8419 -0.110123 0 0
0 -3.78697 10.784 -0.110214 0 0
0 -3.77145 10.7331 -0.110262 0 0
0 -3.74444 10.6055 -0.11008 0 0
0 -3.72552 10.4819 -0.110009 0 0
0 -3.72293 10.4023 -0.11041 0 0
0 -3.73761 10.3685 -0.110788 0 0
0 -3.74561 10.3384 -0.11057 0 0
0 -3.74301 10.3341 -0.1106 0 0
0 -3.74948 10.364 -0.110697 0 0
0 -3.76204 10.3984 -0.110312 0 0
0 -3.77984 10.468 -0.110403 0 0
0 -3.80252 10.575 -0.111125 0 0
0 -3.83598 10.6852 -0.11265 0 0
0 -3.87179 10.7643 -0.113256 0 0
0 -3.91063 10.8598 -0.11429 0 0
0 -3.94804 10.9476 -0.115091 0 0
0 -3.97366 11.0061 -0.11603 0 0
0 -3.98499 11.0289 -0.116358 0 0
0 -3.99702 11.0526 -0.11655 0 0
0 -4.0188 11.1078 -0.117676 0 0
0 -4.02611 11.1373 -0.118559 0 0
0 -4.02884 11.1622 -0.119403 0 0
0 -4.02642 11.2084 -0.120876 0 0
0 -4.01998 11.2259 -0.121781 0 0
0 -4.03057 11.2492 -0.122978 0 0
0 -4.036 11.2612 -0.123328 0 0
0 -4.03674 11.2656 -0.123691 0 0
0 -4.03651 11.2587 -0.123672 0 0
0 -4.03764 11.2462 -0.123629 0 0
0 -4.03845 11.2204 -0.123951 0 0
0 -4.01714 11.1712 -0.123845 0 0
0 -3.96505 11.055 -0.123067 0 0
0 -3.88089 10.8578 -0.122772 0 0
0 -3.83524 10.7179 -0.122596 0 0
0 -3.81745 10.6413 -0.122429 0 0
0 -3.79891 10.5641 -0.122504 0 0
0 -3.77293 10.4232 -0.123021 0 0
0 -3.76365 10.3172 -0.123771 0 0
0 -3.75249 10.215 -0.123574 0 0
0 -3.75614 10.1477 -0.12323 0 0
0 -3.74882 10.1056 -0.123283 0 0
0 -3.74559 10.1205 -0.122977 0 0
0 -3.74741 10.1748 -0.12271 0 0
0 -3.75125 10.207 -0.122716 0 0
0 -3.76627 10.2914 -0.123334 0 0
0 -3.77536 10.3454 -0.123978 0 0
0 -3.78775 10.4063 -0.124615 0 0
0 -3.83921 10.629 -0.12594 0 0
0 -3.87024 10.7405 -0.126036 0 0
0 -3.90974 10.8398 -0.125652 0 0
0 -3.95669 10.965 -0.126002 0 0
0 -3.98003 11.0117 -0.126071 0 0
0 -3.99743 11.0441 -0.12615 0 0
0 -4.01802 11.0816 -0.12642 0 0
0 -4.02841 11.1208 -0.127205 0 0
0 -4.02306 11.1634 -0.128695 0 0
0 -4.01337 11.1774 -0.13004 0 0
0 -3.99348 11.1552 -0.130022 0 0
0 -3.96941 11.1137 -0.129796 0 0
0 -3.94415 11.0365 -0.130011 0 0
0 -3.93339 10.9453 -0.130153 0 0
0 -3.91665 10.8591 -0.130015 0 0
0 -3.8996 10.7928 -0.130545 0 0
0 -3.89162 10.7552 -0.132019 0 0
0 -3.87592 10.7247 -0.133545 0 0
0 -3.86283 10.6804 -0.134467 0 0
0 -3.84936 10.6407 -0.134983 0 0
0 -3.84745 10.5981 -0.134884 0 0
0 -3.8371 10.5511 -0.134473 0 0
0 -3.84628 10.5228 -0.133915 0 0
0 -3.86661 10.5311 -0.133504 0 0
0 -3.87866 10.5572 -0.133869 0 0
0 -3.88201 10.5907 -0.1346 0 0
0 -3.87975 10.6165 -0.134965 0 0
0 -3.88434 10.6518 -0.134933 0 0
0 -3.89076 10.708 -0.135065 0 0
0 -3.88658 10.7588 -0.134955 0 0
0 -3.90377 10.8043 -0.134757 0 0
0 -3.9295 10.8578 -0.13494 0 0
0 -3.95748 10.9196 -0.135561 0 0
0 -3.97065 10.9661 -0.136425 0 0
0 -3.9821 10.9985 -0.137634 0 0
0 -3.99167 11.0328 -0.138453 0 0
0 -4.00081 11.0831 -0.138921 0 0
0 -4.0005 11.1222 -0.139303 0 0
0 -3.98197 11.1419 -0.139391 0 0
0 -3.97473 11.1374 -0.138799 0 0
0 -3.96365 11.1044 -0.138467 0 0
0 -3.93605 11.0472 -0.138964 0 0
0 -3.90138 10.9616 -0.139252 0 0
0 -3.88593 10.8582 -0.139546 0 0
0 -3.88791 10.777 -0.140318 0 0
0 -3.875 10.6817 -0.140247 0 0
0 -3.85049 10.5748 -0.139809 0 0
0 -3.81116 10.455 -0.138956 0 0
0 -3.76764 10.3468 -0.137708 0 0
0 -3.69903 10.2168 -0.136025 0 0
0 -3.66428 10.153 -0.135302 0 0
0 -3.62326 10.0687 -0.134241 0 0
0 -3.63943 10.0691 -0.133576 0 0
0 -3.66011 10.1043 -0.133233 0 0
0 -3.69891 10.2016 -0.133694 0 0
0 -3.72068 10.2683 -0.134021 0 0
0 -3.79043 10.5467 -0.135851 0 0
0 -3.83432 10.766 -0.137242 0 0
0 -3.89426 10.9764 -0.139032 0 0
0 -3.9376 11.1572 -0.14108 0 0
0 -3.99007 11.3297 -0.142977 0 0
0 -4.0202 11.3939 -0.143614 0 0
0 -4.04983 11.4375 -0.144046 0 0
0 -4.03858 11.4243 -0.144085 0 0
0 -4.02044 11.4096 -0.144444 0 0
0 -3.99014 11.3322 -0.14418 0 0
0 -3.92577 11.2158 -0.144027 0 0
0 -3.89367 11.1533 -0.144114 0 0
0 -3.86958 11.0394 -0.144427 0 0
0 -3.85685 10.907 -0.144842 0 0
0 -3.8281 10.7515 -0.144842 0 0
0 -3.80617 10.5915 -0.144803 0 0
0 -3.78107 10.4652 -0.14524 0 0
0 -3.74734 10.3557 -0.14526 0 0
0 -3.72175 10.2671 -0.145407 0 0
0 -3.72453 10.2347 -0.14584 0 0
0 -3.70501 10.1803 -0.145997 0 0
0 -3.69952 10.1522 -0.146053 0 0
0 -3.69926 10.133 -0.146139 0 0
0 -3.69992 10.1388 -0.146546 0 0
0 -3.70161 10.153 -0.146786 0 0
0 -3.68387 10.1497 -0.146211 0 0
0 -3.68371 10.1765 -0.146126 0 0
0 -3.71626 10.2817 -0.14673 0 0
0 -3.74613 10.3821 -0.146775 0 0
0 -3.78712 10.5095 -0.14687 0 0
0 -3.84033 10.6811 -0.148095 0 0
0 -3.88896 10.8481 -0.149653 0 0
0 -3.91307 10.9663 -0.15045 0 0
0 -3.92686 11.053 -0.151127 0 0
0 -3.93784 11.1055 -0.151886 0 0
0 -3.94702 11.1525 -0.152628 0 0
0 -3.95431 11.1972 -0.153416 0 0
0 -3.9716 11.2299 -0.154063 0 0
0 -4.0025 11.2464 -0.154931 0 0
0 -4.03061 11.2305 -0.155692 0 0
0 -4.05423 11.1765 -0.156551 0 0
0 -4.05804 11.033 -0.157104 0 0
0 -4.03827 10.9637 -0.156824 0 0
0 -3.98612 10.8309 -0.155979 0 0
0 -3.94403 10.7141 -0.155553 0 0
0 -3.90278 10.6133 -0.155229 0 0
0 -3.85578 10.5221 -0.15491 0 0
0 -3.81968 10.4335 -0.154706 0 0
0 -3.79509 10.3382 -0.154432 0 0
0 -3.74283 10.2011 -0.153897 0 0
0 -3.7302 10.1709 -0.153822 0 0
0 -3.70205 10.1054 -0.153164 0 0
0 -3.6746 10.0359 -0.151896 0 0
0 -3.65992 10.0061 -0.151499 0 0
0 -3.67938 10.0226 -0.151513 0 0
0 -3.69041 10.0445 -0.151117 0 0
0 -3.68926 10.1388 -0.150987 0 0
0 -3.70852 10.2554 -0.151722 0 0
0 -3.72064 10.3222 -0.15197 0 0
0 -3.75415 10.5523 -0.153277 0 0
0 -3.7726 10.6437 -0.154105 0 0
0 -3.84642 10.9007 -0.156566 0 0
0 -3.90756 11.048 -0.157824 0 0
0 -3.94246 11.1311 -0.158779 0 0
0 -3.97532 11.2099 -0.159676 0 0
0 -4.02132 11.3267 -0.16056 0 0
0 -4.04474 11.3972 -0.160964 0 0
0 -4.04592 11.4211 -0.161368 0 0
0 -4.05784 11.4246 -0.161692 0 0
0 -4.03535 11.3441 -0.161159 0 0
0 -3.99743 11.2064 -0.160357 0 0
0 -3.95789 11.0677 -0.159871 0 0
0 -3.92436 10.9282 -0.159076 0 0
0 -3.87485 10.7815 -0.158062 0 0
0 -3.81927 10.6598 -0.157544 0 0
0 -3.78237 10.574 -0.157417 0 0
0 -3.76125 10.534 -0.157184 0 0
0 -3.73948 10.4937 -0.156944 0 0
0 -3.70604 10.4143 -0.156142 0 0
0 -3.67446 10.329 -0.155489 0 0
0 -3.65661 10.2526 -0.155635 0 0
0 -3.646 10.2129 -0.155515 0 0
0 -3.63325 10.1715 -0.15526 0 0
0 -3.62436 10.11 -0.155033 0 0
0 -3.63363 10.0843 -0.154995 0 0
0 -3.656 10.1088 -0.155071 0 0
0 -3.67552 10.148 -0.154272 0 0
0 -3.67194 10.2017 -0.153279 0 0
0 -3.67989 10.3016 -0.152954 0 0
0 -3.67858 10.4106 -0.153134 0 0
0 -3.68929 10.5499 -0.15414 0 0
0 -3.71504 10.6892 -0.155566 0 0
0 -3.75663 10.8483 -0.157312 0 0
0 -3.8188 11.0026 -0.159224 0 0
0 -3.88103 11.1354 -0.160968 0 0
0 -3.93412 11.2231 -0.162232 0 0
0 -3.95369 11.25 -0.162729 0 0
0 -3.99231 11.3157 -0.164241 0 0
0 -4.02125 11.3134 -0.164266 0 0
0 -4.0262 11.2673 -0.163706 0 0
0 -4.0302 11.1932 -0.163352 0 0
0 -3.99659 11.0768 -0.162889 0 0
0 -3.95 10.9555 -0.162176 0 0
0 -3.87322 10.7957 -0.161627 0 0
0 -3.79257 10.61 -0.1609 0 0
0 -3.71458 10.4634 -0.160554 0 0
0 -3.65461 10.344 -0.159829 0 0
0 -3.60587 10.2216 -0.158461 0 0
0 -3.5467 10.0602 -0.156529 0 0
0 -3.4957 9.94441 -0.15519 0 0
0 -3.46884 9.89499 -0.154652 0 0
0 -3.40344 9.78078 -0.152646 0 0
0 -3.38891 9.75103 -0.152091 0 0
0 -3.41122 9.79889 -0.152295 0 0
0 -3.45134 9.90404 -0.152842 0 0
0 -3.50829 10.0446 -0.153836 0 0
0 -3.5779 10.2072 -0.155202 0 0
0 -3.62379 10.3836 -0.15659 0 0
0 -3.65967 10.5884 -0.158432 0 0
0 -3.70856 10.7855 -0.160416 0 0
0 -3.76413 10.9686 -0.161929 0 0
0 -3.81998 11.1458 -0.162767 0 0
0 -3.86962 11.2963 -0.163888 0 0
0 -3.93355 11.3993 -0.164449 0 0
0 -3.98135 11.4369 -0.164685 0 0
0 -4.00429 11.4473 -0.164944 0 0
0 -4.001 11.4023 -0.165812 0 0
0 -3.97339 11.2974 -0.166354 0 0
0 -3.95884 11.2326 -0.166218 0 0
0 -3.89579 11.028 -0.165407 0 0
0 -3.8441 10.8715 -0.164302 0 0
0 -3.78553 10.6971 -0.162958 0 0
0 -3.72265 10.5294 -0.161263 0 0
0 -3.69398 10.4462 -0.160586 0 0
0 -3.63165 10.2289 -0.15929 0 0
0 -3.58912 10.1135 -0.159083 0 0
0 -3.54818 10.0303 -0.15896 0 0
0 -3.51557 9.96907 -0.158438 0 0
0 -3.50168 9.95256 -0.158047 0 0
0 -3.45457 9.95621 -0.156932 0 0
0 -3.43869 9.95254 -0.156334 0 0
0 -3.42177 9.96283 -0.155052 0 0
0 -3.44423 10.1299 -0.154715 0 0
0 -3.45309 10.2074 -0.155074 0 0
0 -3.48903 10.3664 -0.156146 0 0
0 -3.53547 10.5398 -0.157392 0 0
0 -3.57703 10.7315 -0.159086 0 0
0 -3.65781 10.966 -0.160731 0 0
0 -3.68465 11.0243 -0.161017 0 0
0 -3.72344 11.1367 -0.161827 0 0
0 -3.73949 11.2276 -0.162689 0 0
0 -3.74694 11.2536 -0.162993 0 0
0 -3.76434 11.2809 -0.163388 0 0
0 -3.76374 11.2691 -0.163999 0 0
0 -3.7563 11.2127 -0.164175 0 0
0 -3.74945 11.1348 -0.164055 0 0
0 -3.73492 11.0521 -0.163532 0 0
0 -3.72754 11.0007 -0.163145 0 0
0 -3.71469 10.9401 -0.162814 0 0
0 -3.66773 10.8059 -0.162338 0 0
0 -3.6108 10.6539 -0.161465 0 0
0 -3.56166 10.4942 -0.160723 0 0
0 -3.52141 10.3226 -0.160153 0 0
0 -3.48172 10.1668 -0.15961 0 0
0 -3.43637 10.0555 -0.158774 0 0
0 -3.42054 10.0039 -0.158057 0 0
0 -3.40286 9.99257 -0.157625 0 0
0 -3.3886 9.99235 -0.157259 0 0
0 -3.3743 10.0036 -0.156996 0 0
0 -3.35705 10.0402 -0.157037 0 0
0 -3.35214 10.0746 -0.157214 0 0
0 -3.34585 10.1206 -0.157325 0 0
0 -3.34742 10.1586 -0.157021 0 0
0 -3.36639 10.2107 -0.157233 0 0
0 -3.39316 10.2743 -0.157378 0 0
0 -3.42507 10.3679 -0.157406 0 0
0 -3.45803 10.4644 -0.157936 0 0
0 -3.48928 10.5567 -0.159049 0 0
0 -3.52639 10.6449 -0.159701 0 0
0 -3.54821 10.6987 -0.159692 0 0
0 -3.52637 10.7348 -0.16023 0 0
0 -3.52807 10.7428 -0.160309 0 0
0 -3.52561 10.7254 -0.160153 0 0
0 -3.51966 10.6962 -0.160498 0 0
0 -3.51149 10.6845 -0.161239 0 0
0 -3.50062 10.626 -0.160868 0 0
0 -3.48202 10.5425 -0.160086 0 0
0 -3.43326 10.4424 -0.158766 0 0
0 -3.40597 10.3923 -0.157931 0 0
0 -3.38967 10.3604 -0.157217 0 0
0 -3.36965 10.3411 -0.15579 0 0
0 -3.36912 10.3454 -0.155432 0 0
0 -3.36082 10.3284 -0.156003 0 0
0 -3.34981 10.3137 -0.156128 0 0
0 -3.31694 10.2728 -0.155589 0 0
0 -3.31105 10.2487 -0.155969 0 0
0 -3.3117 10.2331 -0.156052 0 0
0 -3.32702 10.2846 -0.156416 0 0
0 -3.35271 10.3562 -0.156139 0 0
0 -3.36677 10.4008 -0.156228 0 0
0 -3.36628 10.5205 -0.156864 0 0
0 -3.36575 10.6146 -0.157813 0 0
0 -3.35314 10.6878 -0.158326 0 0
0 -3.35599 10.7491 -0.158755 0 0
0 -3.37494 10.8028 -0.15946 0 0
0 -3.40068 10.8645 -0.159994 0 0
0 -3.41475 10.9012 -0.15995 0 0
0 -3.43366 10.9113 -0.159559 0 0
0 -3.43156 10.8786 -0.159031 0 0
0 -3.40442 10.8298 -0.158172 0 0
0 -3.39191 10.8091 -0.157905 0 0
0 -3.34207 10.7254 -0.157451 0 0
0 -3.31745 10.6772 -0.157202 0 0
0 -3.29768 10.6044 -0.156071 0 0
0 -3.29741 10.5397 -0.155077 0 0
0 -3.28272 10.4834 -0.154249 0 0
0 -3.26604 10.4414 -0.153903 0 0
0 -3.25413 10.4217 -0.153511 0 0
0 -3.23009 10.4111 -0.153486 0 0
0 -3.2 10.4213 -0.153751 0 0
0 -3.18136 10.4233 -0.153902 0 0
0 -3.15925 10.4258 -0.153871 0 0
0 -3.15781 10.4289 -0.153637 0 0
0 -3.15317 10.4533 -0.15414 0 0
0 -3.15578 10.4874 -0.155255 0 0
0 -3.17344 10.5503 -0.156487 0 0
0 -3.18874 10.6098 -0.157375 0 0
0 -3.19576 10.6427 -0.157602 0 0
0 -3.20271 10.6426 -0.157863 0 0
0 -3.21894 10.653 -0.158297 0 0
0 -3.19695 10.6138 -0.158336 0 0
0 -3.17415 10.5353 -0.15802 0 0
0 -3.15779 10.4579 -0.157856 0 0
0 -3.15362 10.3862 -0.157428 0 0
0 -3.13138 10.2782 -0.15588 0 0
0 -3.13085 10.1799 -0.15409 0 0
0 -3.14845 10.1205 -0.152697 0 0
0 -3.15847 10.0799 -0.151561 0 0
0 -3.15359 10.0324 -0.150452 0 0
0 -3.14104 10.0088 -0.149934 0 0
0 -3.13309 9.99727 -0.149823 0 0
0 -3.11782 9.98866 -0.150395 0 0
0 -3.10767 9.99564 -0.150857 0 0
0 -3.0962 10.0275 -0.1518 0 0
0 -3.09669 10.1152 -0.152985 0 0
0 -3.14722 10.2345 -0.154266 0 0
0 -3.21356 10.4119 -0.155892 0 0
0 -3.2648 10.589 -0.157247 0 0
0 -3.29262 10.6756 -0.157871 0 0
0 -3.3439 10.8421 -0.159346 0 0
0 -3.35372 11.0363 -0.161172 0 0
0 -3.34252 11.0753 -0.161325 0 0
0 -3.33673 11.0929 -0.160668 0 0
0 -3.33296 11.0752 -0.160474 0 0
0 -3.31607 10.9993 -0.160536 0 0
0 -3.30375 10.888 -0.160828 0 0
0 -3.2752 10.7529 -0.160641 0 0
0 -3.24766 10.6725 -0.160311 0 0
0 -3.17009 10.4492 -0.159279 0 0
0 -3.14112 10.3704 -0.158605 0 0
0 -3.07639 10.2375 -0.156945 0 0
0 -3.027 10.1187 -0.155025 0 0
0 -3.01312 10.0449 -0.154323 0 0
0 -3.01732 10.036 -0.1544 0 0
0 -3.01903 10.0649 -0.154625 0 0
0 -3.02551 10.0808 -0.154595 0 0
0 -3.04287 10.163 -0.154665 0 0
0 -3.04852 10.1965 -0.154918 0 0
0 -3.07638 10.2737 -0.155369 0 0
0 -3.09341 10.3171 -0.155607 0 0
0 -3.11499 10.3671 -0.156376 0 0
0 -3.14661 10.4321 -0.157721 0 0
0 -3.18529 10.5011 -0.158336 0 0
0 -3.20411 10.5601 -0.158471 0 0
0 -3.19711 10.5958 -0.158894 0 0
0 -3.19894 10.6429 -0.159344 0 0
0 -3.19342 10.633 -0.159059 0 0
0 -3.19312 10.6005 -0.159282 0 0
0 -3.19099 10.5807 -0.1598 0 0
0 -3.19132 10.5434 -0.160361 0 0
0 -3.19418 10.514 -0.159965 0 0
0 -3.20135 10.5046 -0.159521 0 0
0 -3.21078 10.5173 -0.159609 0 0
0 -3.20997 10.5238 -0.159603 0 0
0 -3.19002 10.5336 -0.159515 0 0
0 -3.18565 10.5494 -0.15945 0 0
0 -3.19072 10.5609 -0.159903 0 0
0 -3.18759 10.5507 -0.160231 0 0
0 -3.16705 10.5345 -0.160487 0 0
0 -3.16453 10.535 -0.160962 0 0
0 -3.14826 10.517 -0.160364 0 0
0 -3.12082 10.4803 -0.158966 0 0
0 -3.08312 10.4524 -0.157732 0 0
0 -3.0642 10.4292 -0.157032 0 0
0 -3.06076 10.3849 -0.155637 0 0
0 -3.04005 10.3231 -0.154501 0 0
0 -3.0271 10.29 -0.15453 0 0
0 -3.02495 10.2605 -0.154508 0 0
0 -3.01452 10.1885 -0.154096 0 0
0 -2.98184 10.091 -0.153551 0 0
0 -2.96029 10.031 -0.153705 0 0
0 -2.9551 9.98974 -0.153409 0 0
0 -2.94583 9.95974 -0.153216 0 0
0 -2.9514 10.0107 -0.153725 0 0
0 -2.98288 10.1316 -0.155095 0 0
0 -3.01374 10.2665 -0.15615 0 0
0 -3.04332 10.4079 -0.156931 0 0
0 -3.07092 10.5623 -0.158228 0 0
0 -3.08465 10.6863 -0.159472 0 0
0 -3.07844 10.7488 -0.15997 0 0
0 -3.06066 10.7675 -0.159611 0 0
0 -3.07144 10.7783 -0.159801 0 0
0 -3.09019 10.7552 -0.159732 0 0
0 -3.08411 10.6133 -0.159035 0 0
0 -3.06322 10.4937 -0.158392 0 0
0 -3.02649 10.395 -0.157642 0 0
0 -2.97544 10.2839 -0.156523 0 0
0 -2.95387 10.2295 -0.155952 0 0
0 -2.9073 10.1232 -0.154247 0 0
0 -2.90146 10.1079 -0.153777 0 0
0 -2.91877 10.1229 -0.153845 0 0
0 -2.96416 10.1794 -0.155088 0 0
0 -2.97117 10.2122 -0.155625 0 0
0 -2.97885 10.2774 -0.156555 0 0
0 -3.01032 10.4326 -0.158483 0 0
0 -3.01878 10.5287 -0.159319 0 0
0 -3.0256 10.6048 -0.159826 0 0
0 -3.04501 10.6627 -0.160204 0 0
0 -3.05096 10.7038 -0.160461 0 0
0 -3.05061 10.7077 -0.159478 0 0
0 -3.05278 10.6996 -0.159007 0 0
0 -3.05547 10.6822 -0.158431 0 0
0 -3.04713 10.6397 -0.157414 0 0
0 -3.03835 10.5887 -0.157016 0 0
0 -3.02403 10.5176 -0.156333 0 0
0 -3.01449 10.4439 -0.156165 0 0
0 -3.00043 10.4025 -0.156362 0 0
0 -2.9483 10.2916 -0.156684 0 0
0 -2.92864 10.2411 -0.156777 0 0
0 -2.91439 10.2163 -0.156719 0 0
0 -2.90258 10.2081 -0.156719 0 0
0 -2.87903 10.1704 -0.156064 0 0
0 -2.88127 10.1401 -0.155338 0 0
0 -2.87916 10.1002 -0.154445 0 0
0 -2.8656 10.08 -0.154174 0 0
0 -2.86132 10.0415 -0.153773 0 0
0 -2.85672 10.0297 -0.153465 0 0
0 -2.85117 10.0379 -0.153144 0 0
0 -2.83904 10.0733 -0.153608 0 0
0 -2.84896 10.1432 -0.153931 0 0
0 -2.85859 10.2144 -0.153837 0 0
0 -2.88558 10.3229 -0.154205 0 0
0 -2.91062 10.4579 -0.155186 0 0
0 -2.93603 10.5768 -0.155979 0 0
0 -2.96226 10.6521 -0.15626 0 0
0 -2.99077 10.6876 -0.156459 0 0
0 -2.99707 10.6724 -0.156524 0 0
0 -2.99204 10.6304 -0.156309 0 0
0 -2.99919 10.5625 -0.155145 0 0
0 -2.98616 10.4962 -0.154165 0 0
0 -2.93697 10.4173 -0.153745 0 0
0 -2.91146 10.3866 -0.153553 0 0
0 -2.88822 10.3128 -0.152718 0 0
0 -2.85792 10.2717 -0.153663 0 0
0 -2.83848 10.2381 -0.154676 0 0
0 -2.83164 10.1991 -0.15462 0 0
0 -2.82907 10.1718 -0.154539 0 0
0 -2.81487 10.1542 -0.155122 0 0
0 -2.80701 10.1327 -0.154571 0 0
0 -2.80916 10.125 -0.153965 0 0
0 -2.80841 10.1362 -0.154334 0 0
0 -2.81762 10.158 -0.154828 0 0
0 -2.81875 10.1765 -0.154236 0 0
0 -2.81389 10.1888 -0.153923 0 0
0 -2.79388 10.2307 -0.154053 0 0
0 -2.78893 10.2807 -0.154527 0 0
0 -2.78671 10.3317 -0.154453 0 0
0 -2.7937 10.3776 -0.154545 0 0
0 -2.79048 10.3904 -0.154876 0 0
0 -2.78507 10.416 -0.15564 0 0
0 -2.76769 10.4238 -0.155233 0 0
0 -2.7406 10.3864 -0.154179 0 0
0 -2.72206 10.3536 -0.153779 0 0
0 -2.71574 10.3397 -0.153572 0 0
0 -2.71395 10.2844 -0.152238 0 0
0 -2.71599 10.2418 -0.151486 0 0
0 -2.72567 10.2414 -0.151043 0 0
0 -2.72001 10.2156 -0.150487 0 0
0 -2.70616 10.1755 -0.149819 0 0
0 -2.69523 10.16 -0.149595 0 0
0 -2.66829 10.1545 -0.149531 0 0
0 -2.66297 10.1492 -0.149501 0 0
0 -2.66496 10.1615 -0.150295 0 0
0 -2.6782 10.2257 -0.151575 0 0
0 -2.6816 10.2725 -0.152126 0 0
0 -2.68995 10.299 -0.152274 0 0
0 -2.71492 10.3605 -0.152399 0 0
0 -2.72442 10.3953 -0.152466 0 0
0 -2.73352 10.409 -0.152392 0 0
0 -2.73381 10.411 -0.152456 0 0
0 -2.73944 10.4206 -0.152465 0 0
0 -2.74655 10.4458 -0.152299 0 0
0 -2.7339 10.4347 -0.152162 0 0
0 -2.72989 10.4136 -0.151978 0 0
0 -2.72253 10.3967 -0.151713 0 0
0 -2.70256 10.362 -0.151212 0 0
0 -2.69054 10.3234 -0.151331 0 0
0 -2.67418 10.2503 -0.15169 0 0
0 -2.64975 10.2071 -0.152173 0 0
0 -2.62663 10.1729 -0.152174 0 0
0 -2.62536 10.1511 -0.151926 0 0
0 -2.63288 10.1647 -0.151621 0 0
0 -2.63618 10.1776 -0.151513 0 0
0 -2.63899 10.1915 -0.151424 0 0
0 -2.65497 10.2192 -0.151122 0 0
0 -2.67849 10.2612 -0.151322 0 0
0 -2.70008 10.338 -0.152245 0 0
0 -2.71101 10.386 -0.152478 0 0
0 -2.70493 10.4147 -0.152262 0 0
0 -2.68824 10.4271 -0.151924 0 0
0 -2.67795 10.4122 -0.151624 0 0
0 -2.65585 10.3687 -0.150315 0 0
0 -2.63342 10.33 -0.149313 0 0
0 -2.63962 10.3227 -0.149364 0 0
0 -2.65032 10.3144 -0.149355 0 0
0 -2.64065 10.3094 -0.149322 0 0
0 -2.64132 10.3346 -0.14972 0 0
0 -2.65016 10.356 -0.150476 0 0
0 -2.6393 10.3373 -0.150399 0 0
0 -2.62048 10.3026 -0.150386 0 0
0 -2.61785 10.2954 -0.150567 0 0
0 -2.61603 10.2744 -0.150528 0 0
0 -2.61915 10.2424 -0.149726 0 0
0 -2.61632 10.2135 -0.149171 0 0
0 -2.59002 10.1481 -0.148214 0 0
0 -2.57685 10.1203 -0.147737 0 0
0 -2.56161 10.0855 -0.14704 0 0
0 -2.54798 10.037 -0.146537 0 0
0 -2.55013 10.0074 -0.145969 0 0
0 -2.54992 10.0066 -0.146195 0 0
0 -2.55661 10.0356 -0.146649 0 0
0 -2.56914 10.0698 -0.146767 0 0
0 -2.58422 10.0972 -0.146677 0 0
0 -2.62627 10.1548 -0.147014 0 0
0 -2.66279 10.2413 -0.148652 0 0
0 -2.68295 10.3319 -0.14966 0 0
0 -2.69594 10.3682 -0.149912 0 0
0 -2.72415 10.436 -0.150601 0 0
0 -2.73387 10.519 -0.151275 0 0
0 -2.7113 10.5318 -0.150994 0 0
0 -2.70844 10.5351 -0.150913 0 0
0 -2.71116 10.5373 -0.150959 0 0
0 -2.67943 10.4397 -0.150368 0 0
0 -2.64154 10.3305 -0.150031 0 0
0 -2.62505 10.2838 -0.149726 0 0
0 -2.57305 10.1258 -0.147808 0 0
0 -2.56143 10.0793 -0.147201 0 0
0 -2.54661 10.0087 -0.145753 0 0
0 -2.55412 10.0049 -0.145514 0 0
0 -2.56814 10.0043 -0.145499 0 0
0 -2.5779 10.043 -0.146944 0 0
0 -2.58553 10.0654 -0.147685 0 0
0 -2.60952 10.1367 -0.150502 0 0
0 -2.61667 10.1893 -0.151832 0 0
0 -2.63831 10.2679 -0.152381 0 0
0 -2.66733 10.3325 -0.152228 0 0
0 -2.67967 10.3678 -0.151887 0 0
0 -2.67496 10.3785 -0.151622 0 0
0 -2.67579 10.3713 -0.150693 0 0
0 -2.66526 10.3448 -0.150189 0 0
0 -2.651 10.3155 -0.15013 0 0
0 -2.65268 10.3015 -0.150011 0 0
0 -2.65669 10.3183 -0.150257 0 0
0 -2.65944 10.3475 -0.150432 0 0
0 -2.65437 10.3773 -0.150719 0 0
0 -2.6341 10.3885 -0.151241 0 0
0 -2.61218 10.3917 -0.151476 0 0
0 -2.59518 10.3763 -0.151493 0 0
0 -2.56945 10.3385 -0.151621 0 0
0 -2.55412 10.3133 -0.15162 0 0
0 -2.54477 10.2848 -0.151389 0 0
0 -2.55161 10.2429 -0.150225 0 0
0 -2.55635 10.2379 -0.149844 0 0
0 -2.54403 10.2226 -0.149637 0 0
0 -2.53622 10.2018 -0.148737 0 0
0 -2.54327 10.1933 -0.148117 0 0
0 -2.55011 10.1824 -0.147564 0 0
0 -2.55231 10.1655 -0.147033 0 0
0 -2.55341 10.1444 -0.147297 0 0
0 -2.55544 10.102 -0.147367 0 0
0 -2.53096 10.0567 -0.147481 0 0
0 -2.51756 10.0368 -0.147531 0 0
0 -2.49287 10.009 -0.148399 0 0
0 -2.49143 10.0219 -0.149218 0 0
0 -2.48144 10.0286 -0.148827 0 0
0 -2.50672 10.0667 -0.148356 0 0
0 -2.54502 10.1534 -0.148837 0 0
0 -2.54854 10.234 -0.149268 0 0
0 -2.54478 10.2804 -0.149197 0 0
0 -2.53872 10.3101 -0.149039 0 0
0 -2.53225 10.3215 -0.148893 0 0
0 -2.51946 10.3326 -0.148894 0 0
0 -2.49674 10.3481 -0.148665 0 0
0 -2.4973 10.349 -0.148331 0 0
0 -2.49738 10.3381 -0.148338 0 0
0 -2.48984 10.3229 -0.148264 0 0
0 -2.47661 10.2902 -0.148045 0 0
0 -2.48913 10.2612 -0.148207 0 0
0 -2.50278 10.2451 -0.14882 0 0
0 -2.49657 10.2064 -0.149174 0 0
0 -2.49941 10.1891 -0.14909 0 0
0 -2.53031 10.1975 -0.148739 0 0
0 -2.5467 10.2433 -0.148624 0 0
0 -2.54385 10.3082 -0.1489 0 0
0 -2.54171 10.3667 -0.149304 0 0
0 -2.54474 10.4018 -0.149246 0 0
0 -2.53945 10.466 -0.150016 0 0
0 -2.52203 10.505 -0.151305 0 0
0 -2.51477 10.5169 -0.151866 0 0
0 -2.51258 10.5092 -0.152113 0 0
0 -2.51309 10.503 -0.152278 0 0
0 -2.51555 10.5026 -0.152375 0 0
0 -2.51572 10.4875 -0.152262 0 0
0 -2.51924 10.4455 -0.151782 0 0
0 -2.51541 10.3831 -0.150761 0 0
0 -2.49817 10.3029 -0.149627 0 0
0 -2.47526 10.205 -0.14853 0 0
0 -2.45955 10.145 -0.148126 0 0
0 -2.41605 9.96459 -0.146964 0 0
0 -2.37847 9.86121 -0.145863 0 0
0 -2.35453 9.81613 -0.145469 0 0
0 -2.31994 9.74459 -0.145216 0 0
0 -2.30953 9.71193 -0.145442 0 0
0 -2.30857 9.71857 -0.145346 0 0
0 -2.31887 9.77335 -0.145378 0 0
0 -2.35217 9.84562 -0.145843 0 0
0 -2.37762 9.88734 -0.146093 0 0
0 -2.40452 9.93614 -0.146309 0 0
0 -2.4429 10.0403 -0.146418 0 0
0 -2.45907 10.0969 -0.146349 0 0
0 -2.47947 10.1553 -0.146328 0 0
0 -2.50059 10.2497 -0.146573 0 0
0 -2.502 10.3107 -0.147039 0 0
0 -2.49738 10.3646 -0.147992 0 0
0 -2.48386 10.3895 -0.148981 0 0
0 -2.46461 10.3896 -0.149462 0 0
0 -2.44771 10.3705 -0.149629 0 0
0 -2.42912 10.3407 -0.149478 0 0
0 -2.42329 10.3147 -0.148516 0 0
0 -2.41006 10.281 -0.147211 0 0
0 -2.39636 10.2325 -0.146759 0 0
0 -2.39499 10.2153 -0.146628 0 0
0 -2.39638 10.2015 -0.146453 0 0
0 -2.39773 10.2025 -0.146575 0 0
0 -2.39024 10.1966 -0.146805 0 0
0 -2.37915 10.1904 -0.147693 0 0
0 -2.38925 10.1771 -0.147894 0 0
0 -2.39698 10.1771 -0.147723 0 0
0 -2.38264 10.1811 -0.148139 0 0
0 -2.3525 10.1357 -0.148358 0 0
0 -2.3365 10.0744 -0.148472 0 0
0 -2.32849 10.0455 -0.148412 0 0
0 -2.32398 10.022 -0.148092 0 0
0 -2.31362 9.98184 -0.147991 0 0
0 -2.32782 9.97255 -0.1482 0 0
0 -2.34063 9.98599 -0.148357 0 0
0 -2.35177 10.0074 -0.148481 0 0
0 -2.34934 10.0415 -0.148086 0 0
0 -2.33372 10.0486 -0.148115 0 0
0 -2.29982 10.0817 -0.148446 0 0
0 -2.29938 10.0963 -0.14841 0 0
0 -2.28298 10.1161 -0.148312 0 0
0 -2.26148 10.1448 -0.148281 0 0
0 -2.24489 10.1853 -0.149078 0 0
0 -2.26769 10.2326 -0.149802 0 0
0 -2.28222 10.256 -0.149981 0 0
0 -2.29274 10.2776 -0.150022 0 0
0 -2.31043 10.3075 -0.149908 0 0
0 -2.32176 10.2997 -0.149827 0 0
0 -2.3441 10.29 -0.150298 0 0
0 -2.35243 10.284 -0.150289 0 0
0 -2.33261 10.2291 -0.149944 0 0
0 -2.32519 10.2074 -0.149646 0 0
0 -2.31502 10.1643 -0.149499 0 0
0 -2.31283 10.1363 -0.149268 0 0
0 -2.25948 10.0101 -0.14805 0 0
0 -2.2247 9.92728 -0.147342 0 0
0 -2.20168 9.86822 -0.147589 0 0
0 -2.17682 9.80954 -0.147782 0 0
0 -2.1561 9.76443 -0.147579 0 0
0 -2.16035 9.7287 -0.146988 0 0
0 -2.16428 9.73403 -0.147338 0 0
0 -2.18055 9.74582 -0.147088 0 0
0 -2.18169 9.75267 -0.14687 0 0
0 -2.18446 9.77865 -0.146544 0 0
0 -2.20173 9.85672 -0.146595 0 0
0 -2.22632 9.92977 -0.147352 0 0
0 -2.24064 9.99222 -0.148368 0 0
0 -2.23203 10.0143 -0.149475 0 0
0 -2.2353 10.0579 -0.150682 0 0
0 -2.26692 10.1326 -0.152043 0 0
0 -2.27959 10.1642 -0.152597 0 0
0 -2.29367 10.2484 -0.153967 0 0
0 -2.3304 10.3458 -0.1553 0 0
0 -2.3759 10.4588 -0.156788 0 0
0 -2.40021 10.5092 -0.157127 0 0
0 -2.40831 10.5497 -0.157563 0 0
0 -2.42562 10.5909 -0.158108 0 0
0 -2.43593 10.5841 -0.158455 0 0
0 -2.4156 10.5151 -0.157382 0 0
0 -2.38358 10.441 -0.156649 0 0
0 -2.34408 10.3753 -0.156901 0 0
0 -2.31879 10.269 -0.156645 0 0
0 -2.28456 10.1743 -0.155921 0 0
0 -2.24892 10.1081 -0.155033 0 0
0 -2.23451 10.0698 -0.154788 0 0
0 -2.22625 9.96912 -0.153676 0 0
0 -2.22496 9.9384 -0.152632 0 0
0 -2.2289 9.93746 -0.151573 0 0
0 -2.24357 9.93444 -0.150937 0 0
0 -2.26147 9.94149 -0.151178 0 0
0 -2.24665 9.94518 -0.151912 0 0
0 -2.2042 9.8996 -0.152052 0 0
0 -2.16134 9.84498 -0.15212 0 0
0 -2.12431 9.78407 -0.152407 0 0
0 -2.10226 9.76176 -0.153004 0 0
0 -2.0976 9.75748 -0.153045 0 0
0 -2.11924 9.79927 -0.153387 0 0
0 -2.14681 9.82232 -0.153776 0 0
0 -2.17841 9.85497 -0.154227 0 0
0 -2.21041 9.90133 -0.153933 0 0
0 -2.23708 9.94969 -0.153797 0 0
0 -2.24477 9.95955 -0.153742 0 0
0 -2.24397 9.97251 -0.153992 0 0
0 -2.24745 10.0244 -0.15465 0 0
0 -2.23403 10.0477 -0.155873 0 0
0 -2.1895 10.0309 -0.15712 0 0
0 -2.17669 10.0295 -0.157662 0 0
0 -2.19016 10.0439 -0.157493 0 0
0 -2.20469 10.0474 -0.157427 0 0
0 -2.21386 10.0687 -0.157062 0 0
0 -2.24803 10.113 -0.156872 0 0
0 -2.27526 10.1581 -0.157315 0 0
0 -2.27272 10.1775 -0.157659 0 0
0 -2.26481 10.2037 -0.158071 0 0
0 -2.26464 10.2127 -0.158429 0 0
0 -2.25967 10.1976 -0.158811 0 0
0 -2.24952 10.187 -0.158863 0 0
0 -2.23396 10.1748 -0.158995 0 0
0 -2.24343 10.1762 -0.159484 0 0
0 -2.24577 10.1747 -0.16001 0 0
0 -2.24735 10.1786 -0.160197 0 0
0 -2.24885 10.172 -0.159368 0 0
0 -2.24652 10.159 -0.159106 0 0
0 -2.21509 10.1205 -0.158755 0 0
0 -2.19906 10.1246 -0.158759 0 0
0 -2.19009 10.1195 -0.158518 0 0
0 -2.15856 10.0891 -0.158924 0 0
0 -2.15722 10.1016 -0.159671 0 0
0 -2.15816 10.115 -0.160267 0 0
0 -2.16352 10.1095 -0.160165 0 0
0 -2.14593 10.0469 -0.160029 0 0
0 -2.13575 10.0269 -0.160144 0 0
0 -2.12807 9.99897 -0.160572 0 0
0 -2.13511 9.99004 -0.160524 0 0
0 -2.14869 9.97778 -0.160191 0 0
0 -2.15315 9.9786 -0.159947 0 0
0 -2.16372 9.97945 -0.159796 0 0
0 -2.16909 9.96886 -0.159164 0 0
0 -2.15951 9.9675 -0.159241 0 0
0 -2.14746 9.96667 -0.15923 0 0
0 -2.13682 9.95822 -0.159251 0 0
0 -2.12507 9.93927 -0.159199 0 0
0 -2.11403 9.92007 -0.159068 0 0
0 -2.09471 9.89322 -0.15894 0 0
0 -2.08592 9.86864 -0.158825 0 0
0 -2.0825 9.84013 -0.158486 0 0
0 -2.07472 9.83272 -0.158774 0 0
0 -2.08719 9.84549 -0.159648 0 0
0 -2.10253 9.86526 -0.160258 0 0
0 -2.1187 9.86646 -0.160072 0 0
0 -2.1222 9.87326 -0.159883 0 0
0 -2.11807 9.86406 -0.159897 0 0
0 -2.12193 9.84529 -0.159412 0 0
0 -2.1254 9.86947 -0.159267 0 0
0 -2.10888 9.89635 -0.160001 0 0
0 -2.09497 9.92406 -0.16124 0 0
0 -2.09857 9.96327 -0.162199 0 0
0 -2.08842 9.99896 -0.163284 0 0
0 -2.07597 10.0074 -0.163812 0 0
0 -2.07717 10.013 -0.163994 0 0
0 -2.10529 10.0461 -0.164131 0 0
0 -2.11624 10.0581 -0.163794 0 0
0 -2.116 10.0378 -0.162897 0 0
0 -2.12756 10.0434 -0.162832 0 0
0 -2.13839 10.0426 -0.163114 0 0
0 -2.13752 10.0391 -0.163462 0 0
0 -2.11676 10.0127 -0.163437 0 0
0 -2.09746 10.0029 -0.164078 0 0
0 -2.09449 10.0146 -0.164787 0 0
0 -2.09524 10.027 -0.165018 0 0
0 -2.0971 10.0231 -0.164693 0 0
0 -2.0905 10.015 -0.164719 0 0
0 -2.09278 10.0104 -0.165249 0 0
0 -2.08989 9.97068 -0.165564 0 0
0 -2.08881 9.9579 -0.165583 0 0
0 -2.08468 9.9115 -0.165828 0 0
0 -2.0903 9.88323 -0.165884 0 0
0 -2.08809 9.86307 -0.165766 0 0
0 -2.09253 9.83798 -0.165457 0 0
0 -2.09935 9.8047 -0.164716 0 0
0 -2.0871 9.77437 -0.164484 0 0
0 -2.08008 9.78346 -0.164963 0 0
0 -2.09631 9.81587 -0.165397 0 0
0 -2.11015 9.84914 -0.165275 0 0
0 -2.09939 9.85552 -0.165253 0 0
0 -2.07786 9.94429 -0.166293 0 0
0 -2.0752 10.0103 -0.166818 0 0
0 -2.06701 10.048 -0.166814 0 0
0 -2.06152 10.0932 -0.167529 0 0
0 -2.07413 10.1517 -0.168362 0 0
0 -2.07553 10.1786 -0.169015 0 0
0 -2.08278 10.1729 -0.169317 0 0
0 -2.10065 10.1911 -0.170154 0 0
0 -2.10441 10.1969 -0.170649 0 0
0 -2.10186 10.1516 -0.170708 0 0
0 -2.11017 10.089 -0.170147 0 0
0 -2.11361 10.0246 -0.169603 0 0
0 -2.10314 9.94621 -0.169077 0 0
0 -2.08487 9.84623 -0.168156 0 0
0 -2.07345 9.79656 -0.167433 0 0
0 -2.06354 9.75349 -0.166652 0 0
0 -2.04418 9.69711 -0.165541 0 0
0 -2.01467 9.6559 -0.165071 0 0
0 -1.97303 9.60018 -0.163988 0 0
0 -1.92887 9.55818 -0.163018 0 0
0 -1.90803 9.53836 -0.163002 0 0
0 -1.88294 9.52534 -0.163379 0 0
0 -1.88299 9.56178 -0.163693 0 0
0 -1.90502 9.64249 -0.164258 0 0
0 -1.92696 9.69524 -0.164826 0 0
0 -1.96935 9.83399 -0.166387 0 0
0 -1.98094 9.95105 -0.167687 0 0
0 -2.00362 10.0531 -0.169656 0 0
0 -2.02443 10.1158 -0.171491 0 0
0 -2.02535 10.1461 -0.172844 0 0
0 -2.0387 10.1736 -0.173665 0 0
0 -2.08227 10.2018 -0.174123 0 0
0 -2.1118 10.1991 -0.173803 0 0
0 -2.11857 10.171 -0.173542 0 0
0 -2.11291 10.1223 -0.173275 0 0
0 -2.11214 10.0841 -0.172927 0 0
0 -2.08271 10.0262 -0.172448 0 0
0 -2.07161 10.0039 -0.172285 0 0
0 -2.0605 9.98075 -0.172102 0 0
0 -2.04018 9.93255 -0.171363 0 0
0 -2.03711 9.91419 -0.170352 0 0
0 -2.01967 9.89703 -0.169474 0 0
0 -1.99821 9.86116 -0.168568 0 0
0 -1.98118 9.79685 -0.167293 0 0
0 -1.96755 9.73918 -0.166356 0 0
0 -1.95517 9.71664 -0.166178 0 0
0 -1.91835 9.7025 -0.166702 0 0
0 -1.92963 9.73099 -0.167406 0 0
0 -1.94267 9.77997 -0.168115 0 0
0 -1.94304 9.8494 -0.169215 0 0
0 -1.95018 9.92267 -0.170173 0 0
0 -1.95609 9.9429 -0.170243 0 0
0 -1.98977 9.98388 -0.170285 0 0
0 -1.99772 9.99783 -0.170162 0 0
0 -1.99696 10.0018 -0.170778 0 0
0 -1.98752 9.98009 -0.171394 0 0
0 -1.98902 9.97327 -0.171887 0 0
0 -1.95685 9.96297 -0.171837 0 0
0 -1.92486 9.9469 -0.171968 0 0
0 -1.9057 9.93401 -0.172277 0 0
0 -1.90774 9.92818 -0.172278 0 0
0 -1.92658 9.92809 -0.171794 0 0
0 -1.93093 9.92702 -0.171857 0 0
0 -1.96275 9.90983 -0.172715 0 0
0 -1.96437 9.89301 -0.172676 0 0
0 -1.97609 9.87902 -0.172341 0 0
0 -1.96569 9.83886 -0.171373 0 0
0 -1.94748 9.80108 -0.170751 0 0
0 -1.92419 9.7036 -0.169247 0 0
0 -1.92087 9.67239 -0.168914 0 0
0 -1.90965 9.64322 -0.168834 0 0
0 -1.89253 9.61741 -0.168922 0 0
0 -1.89846 9.61934 -0.169443 0 0
0 -1.89984 9.6213 -0.169574 0 0
0 -1.89389 9.62412 -0.169649 0 0
0 -1.87758 9.62312 -0.169562 0 0
0 -1.85486 9.63112 -0.169286 0 0
0 -1.85525 9.65505 -0.169478 0 0
0 -1.86218 9.67465 -0.169651 0 0
0 -1.89211 9.73892 -0.169975 0 0
0 -1.90595 9.7765 -0.170186 0 0
0 -1.92433 9.8555 -0.170856 0 0
0 -1.95323 9.97654 -0.173276 0 0
0 -1.96057 10.0061 -0.173894 0 0
0 -1.97913 10.0715 -0.174848 0 0
0 -1.97462 10.1559 -0.176743 0 0
0 -1.96844 10.1696 -0.177152 0 0
0 -1.97011 10.1856 -0.177208 0 0
0 -1.97059 10.1937 -0.176859 0 0
0 -1.95312 10.1673 -0.176488 0 0
0 -1.92164 10.0771 -0.175673 0 0
0 -1.90372 9.96741 -0.174527 0 0
0 -1.90502 9.86302 -0.173796 0 0
0 -1.8954 9.75692 -0.172999 0 0
0 -1.88485 9.66669 -0.171954 0 0
0 -1.87461 9.58811 -0.170611 0 0
0 -1.84756 9.52813 -0.169364 0 0
0 -1.83326 9.51396 -0.168715 0 0
0 -1.82126 9.51011 -0.168473 0 0
0 -1.82626 9.50896 -0.168446 0 0
0 -1.83234 9.54035 -0.169031 0 0
0 -1.84757 9.61812 -0.17008 0 0
0 -1.86649 9.67652 -0.170744 0 0
0 -1.86361 9.69309 -0.171416 0 0
0 -1.85201 9.7164 -0.172345 0 0
0 -1.84323 9.75476 -0.173126 0 0
0 -1.83963 9.75704 -0.173312 0 0
0 -1.8474 9.75969 -0.173858 0 0
0 -1.86147 9.79438 -0.174287 0 0
0 -1.87356 9.82489 -0.174292 0 0
0 -1.88631 9.85134 -0.174104 0 0
0 -1.89284 9.86829 -0.173916 0 0
0 -1.89824 9.88725 -0.174774 0 0
0 -1.90582 9.92145 -0.176098 0 0
0 -1.89205 9.90499 -0.176703 0 0
0 -1.8621 9.8599 -0.176941 0 0
0 -1.85479 9.82427 -0.176424 0 0
0 -1.85923 9.81152 -0.175947 0 0
0 -1.85829 9.79876 -0.175304 0 0
0 -1.84752 9.79211 -0.174649 0 0
0 -1.86328 9.82163 -0.174315 0 0
0 -1.88262 9.84494 -0.174706 0 0
0 -1.89417 9.85691 -0.175104 0 0
0 -1.90584 9.8635 -0.175387 0 0
0 -1.90919 9.83665 -0.174933 0 0
0 -1.92483 9.82719 -0.17467 0 0
0 -1.92818 9.81639 -0.174564 0 0
0 -1.91072 9.76705 -0.173973 0 0
0 -1.885 9.7269 -0.173396 0 0
0 -1.88172 9.7466 -0.173502 0 0
0 -1.90115 9.77695 -0.174118 0 0
0 -1.89175 9.76981 -0.174146 0 0
0 -1.87146 9.76206 -0.174023 0 0
0 -1.8942 9.81785 -0.174114 0 0
0 -1.89185 9.82034 -0.173257 0 0
0 -1.85934 9.80694 -0.172077 0 0
0 -1.85236 9.82404 -0.171965 0 0
0 -1.86012 9.85208 -0.172236 0 0
0 -1.87035 9.87945 -0.172453 0 0
0 -1.87008 9.90609 -0.172586 0 0
0 -1.852 9.91733 -0.17362 0 0
0 -1.85099 9.92045 -0.174738 0 0
0 -1.85351 9.91629 -0.175199 0 0
0 -1.84907 9.89112 -0.174947 0 0
0 -1.84605 9.82893 -0.175085 0 0
0 -1.86713 9.78231 -0.174964 0 0
0 -1.88205 9.70962 -0.174394 0 0
0 -1.88294 9.65798 -0.173861 0 0
0 -1.87582 9.59972 -0.17335 0 0
0 -1.8665 9.50686 -0.172936 0 0
0 -1.88747 9.47865 -0.172711 0 0
0 -1.8828 9.46194 -0.172281 0 0
0 -1.8551 9.45563 -0.17205 0 0
0 -1.84165 9.51375 -0.172275 0 0
0 -1.84614 9.5934 -0.172555 0 0
0 -1.84562 9.64737 -0.172911 0 0
0 -1.84172 9.70475 -0.173762 0 0
0 -1.86307 9.76527 -0.174611 0 0
0 -1.88447 9.79228 -0.175356 0 0
0 -1.91856 9.81423 -0.176459 0 0
0 -1.9441 9.8633 -0.177606 0 0
0 -1.95415 9.87863 -0.177891 0 0
0 -1.95157 9.88372 -0.17789 0 0
0 -1.94634 9.89158 -0.177772 0 0
0 -1.94668 9.90473 -0.177467 0 0
0 -1.95551 9.90119 -0.177252 0 0
0 -1.97502 9.87378 -0.176683 0 0
0 -1.99077 9.84956 -0.176542 0 0
0 -2.00416 9.81327 -0.17653 0 0
0 -2.00612 9.75674 -0.176436 0 0
0 -1.99738 9.70921 -0.176036 0 0
0 -1.94495 9.5975 -0.17525 0 0
0 -1.92536 9.56726 -0.175061 0 0
0 -1.90902 9.52339 -0.174427 0 0
0 -1.90802 9.5202 -0.174356 0 0
0 -1.92192 9.57552 -0.175032 0 0
0 -1.93484 9.60103 -0.175793 0 0
0 -1.93359 9.59041 -0.176324 0 0
0 -1.94011 9.61991 -0.177082 0 0
0 -1.9466 9.64217 -0.177947 0 0
0 -1.95229 9.66119 -0.178965 0 0
0 -1.9707 9.70219 -0.17992 0 0
0 -1.99948 9.78473 -0.1807 0 0
0 -2.02177 9.85144 -0.181689 0 0
0 -2.03887 9.93395 -0.182957 0 0
0 -2.05631 10.0123 -0.183613 0 0
0 -2.0485 10.0554 -0.184156 0 0
0 -2.04513 10.0702 -0.184485 0 0
0 -1.99767 10.0354 -0.184194 0 0
0 -1.96556 9.98287 -0.183476 0 0
0 -1.92939 9.8958 -0.183013 0 0
0 -1.91287 9.80617 -0.182108 0 0
0 -1.8947 9.72768 -0.180994 0 0
0 -1.88026 9.65677 -0.18011 0 0
0 -1.88247 9.59394 -0.179269 0 0
0 -1.88229 9.55031 -0.178454 0 0
0 -1.88992 9.54808 -0.17767 0 0
0 -1.88273 9.56162 -0.177571 0 0
0 -1.88558 9.56792 -0.177457 0 0
0 -1.90259 9.60367 -0.177341 0 0
0 -1.91653 9.65532 -0.177793 0 0
0 -1.91534 9.67273 -0.178125 0 0
0 -1.91312 9.67984 -0.178289 0 0
0 -1.90416 9.67825 -0.178506 0 0
0 -1.8939 9.66757 -0.178573 0 0
0 -1.89287 9.65642 -0.178453 0 0
0 -1.89492 9.67941 -0.178212 0 0
0 -1.87954 9.6866 -0.177755 0 0
0 -1.88693 9.68965 -0.176822 0 0
0 -1.90597 9.72375 -0.176957 0 0
0 -1.90945 9.73686 -0.177091 0 0
0 -1.90076 9.7652 -0.177336 0 0
0 -1.89799 9.77044 -0.177868 0 0
0 -1.91863 9.76745 -0.178401 0 0
0 -1.91336 9.78089 -0.179318 0 0
0 -1.90013 9.75815 -0.179542 0 0
0 -1.88772 9.71434 -0.179806 0 0
0 -1.88365 9.67851 -0.180101 0 0
0 -1.88678 9.69189 -0.180548 0 0
0 -1.88206 9.67449 -0.180888 0 0
0 -1.88984 9.66264 -0.180914 0 0
0 -1.89516 9.65612 -0.181139 0 0
0 -1.92341 9.68643 -0.181102 0 0
0 -1.97193 9.72462 -0.18066 0 0
0 -1.98389 9.69565 -0.179774 0 0
0 -1.99632 9.66547 -0.178932 0 0
0 -1.99368 9.65322 -0.178005 0 0
0 -1.97834 9.61888 -0.176658 0 0
0 -1.97099 9.60471 -0.176295 0 0
0 -1.95776 9.58582 -0.176083 0 0
0 -1.92814 9.55611 -0.176201 0 0
0 -1.91467 9.54697 -0.176384 0 0
0 -1.90404 9.54034 -0.176524 0 0
0 -1.89225 9.53581 -0.176624 0 0
0 -1.9 9.54096 -0.177194 0 0
0 -1.90067 9.5359 -0.177453 0 0
0 -1.90038 9.52356 -0.177417 0 0
0 -1.91018 9.52159 -0.177034 0 0
0 -1.90958 9.54921 -0.177278 0 0
0 -1.90737 9.55419 -0.177843 0 0
0 -1.89249 9.55644 -0.178458 0 0
0 -1.8988 9.58889 -0.178894 0 0
0 -1.91549 9.63299 -0.180008 0 0
0 -1.93405 9.67368 -0.181681 0 0
0 -1.95568 9.70664 -0.182813 0 0
0 -1.9819 9.74798 -0.183288 0 0
0 -2.01504 9.77337 -0.18321 0 0
0 -2.02056 9.80496 -0.183827 0 0
0 -2.01313 9.82205 -0.183589 0 0
0 -2.02022 9.83785 -0.182507 0 0
0 -2.00684 9.83274 -0.181703 0 0
0 -1.98307 9.80649 -0.181317 0 0
0 -1.96696 9.77943 -0.180932 0 0
0 -1.97246 9.75661 -0.179987 0 0
0 -1.93656 9.65884 -0.179193 0 0
0 -1.92744 9.59351 -0.179194 0 0
0 -1.93594 9.58071 -0.179184 0 0
0 -1.95129 9.5584 -0.178926 0 0
0 -1.96469 9.55342 -0.178909 0 0
0 -1.97859 9.56315 -0.179157 0 0
0 -2.00999 9.64467 -0.180328 0 0
0 -2.0101 9.66404 -0.180635 0 0
0 -1.99913 9.67719 -0.181019 0 0
0 -1.98424 9.68893 -0.181901 0 0
0 -1.9673 9.70892 -0.183188 0 0
0 -1.95123 9.71754 -0.183585 0 0
0 -1.94845 9.7193 -0.183653 0 0
0 -1.93488 9.75084 -0.184634 0 0
0 -1.9355 9.75819 -0.185089 0 0
0 -1.94319 9.74361 -0.184855 0 0
0 -1.94962 9.72559 -0.184701 0 0
0 -1.95583 9.72608 -0.185089 0 0
0 -1.95748 9.72826 -0.185097 0 0
0 -1.96233 9.73953 -0.185103 0 0
0 -1.94415 9.7314 -0.1854 0 0
0 -1.92583 9.71073 -0.185212 0 0
0 -1.93458 9.69632 -0.1846 0 0
0 -1.94526 9.66907 -0.183947 0 0
0 -1.9424 9.64455 -0.183769 0 0
0 -1.94933 9.60947 -0.183704 0 0
0 -1.96951 9.60449 -0.183158 0 0
0 -1.96663 9.59245 -0.18273 0 0
0 -1.95007 9.58339 -0.182594 0 0
0 -1.96718 9.61363 -0.182525 0 0
0 -1.99178 9.64294 -0.181932 0 0
0 -2.00161 9.63925 -0.18129 0 0
0 -2.00615 9.65062 -0.181449 0 0
0 -2.02123 9.67079 -0.18198 0 0
0 -2.01716 9.66132 -0.182247 0 0
0 -1.99494 9.64482 -0.183017 0 0
0 -1.97654 9.6216 -0.183588 0 0
0 -1.9756 9.6296 -0.184137 0 0
0 -1.97692 9.61366 -0.184646 0 0
0 -1.97723 9.60489 -0.185098 0 0
0 -1.99836 9.60515 -0.184712 0 0
0 -2.00624 9.58599 -0.184071 0 0
0 -2.01382 9.57479 -0.183879 0 0
0 -2.01177 9.55983 -0.183739 0 0
0 -2.00806 9.54763 -0.183467 0 0
0 -2.01804 9.52369 -0.182159 0 0
0 -2.02323 9.47316 -0.181051 0 0
0 -2.02279 9.43739 -0.181041 0 0
0 -2.02096 9.42741 -0.181296 0 0
0 -2.01989 9.40888 -0.182078 0 0
0 -2.02405 9.40089 -0.18231 0 0
0 -2.0119 9.38619 -0.183233 0 0
0 -2.00426 9.41219 -0.183714 0 0
0 -2.01381 9.43564 -0.183648 0 0
0 -2.02744 9.43955 -0.183342 0 0
0 -2.02842 9.46959 -0.183673 0 0
0 -2.03917 9.50057 -0.184005 0 0
0 -2.05836 9.51463 -0.184009 0 0
0 -2.05962 9.48777 -0.183507 0 0
0 -2.05498 9.49039 -0.183473 0 0
0 -2.04098 9.47466 -0.182915 0 0
0 -2.03295 9.47732 -0.182228 0 0
0 -2.0061 9.49788 -0.182088 0 0
0 -2.00236 9.55352 -0.182274 0 0
0 -2.00381 9.59426 -0.182711 0 0
0 -2.00137 9.696 -0.183725 0 0
0 -2.01596 9.77197 -0.18432 0 0
0 -2.05676 9.83123 -0.185098 0 0
0 -2.098 9.88776 -0.186596 0 0
0 -2.11404 9.90618 -0.187101 0 0
0 -2.14431 9.92745 -0.187455 0 0
0 -2.15853 9.93251 -0.187538 0 0
0 -2.16815 9.93337 -0.187807 0 0
0 -2.16407 9.92085 -0.188019 0 0
0 -2.14749 9.89086 -0.188204 0 0
0 -2.13933 9.84816 -0.18768 0 0
0 -2.12088 9.78342 -0.186438 0 0
0 -2.09761 9.69834 -0.185047 0 0
0 -2.08285 9.62834 -0.184071 0 0
0 -2.08271 9.57501 -0.183337 0 0
0 -2.07066 9.5404 -0.183011 0 0
0 -2.03912 9.46052 -0.182006 0 0
0 -2.00297 9.39097 -0.182331 0 0
0 -1.98857 9.33366 -0.182444 0 0
0 -1.97911 9.27854 -0.182033 0 0
0 -1.98525 9.26202 -0.181569 0 0
0 -2.01592 9.2679 -0.181288 0 0
0 -2.02503 9.28018 -0.181362 0 0
0 -2.06394 9.34648 -0.181129 0 0
0 -2.08033 9.40074 -0.181208 0 0
0 -2.08123 9.41144 -0.181264 0 0
0 -2.06293 9.43035 -0.181676 0 0
0 -2.05488 9.45053 -0.181826 0 0
0 -2.04581 9.48722 -0.182024 0 0
0 -2.03836 9.49854 -0.182281 0 0
0 -2.01554 9.52693 -0.182488 0 0
0 -1.99921 9.59291 -0.183047 0 0
0 -2.01481 9.69448 -0.184449 0 0
0 -2.0495 9.83715 -0.186388 0 0
0 -2.06145 9.88151 -0.18688 0 0
0 -2.10913 10.0009 -0.188141 0 0
0 -2.12884 10.0254 -0.188461 0 0
0 -2.15879 10.0332 -0.188204 0 0
0 -2.1715 10.0193 -0.18741 0 0
0 -2.16646 9.95815 -0.186581 0 0
0 -2.13783 9.86436 -0.185371 0 0
0 -2.12589 9.77338 -0.18394 0 0
0 -2.12948 9.69009 -0.182442 0 0
0 -2.11509 9.58284 -0.181631 0 0
0 -2.09148 9.4922 -0.181207 0 0
0 -2.08166 9.41591 -0.181012 0 0
0 -2.05736 9.33972 -0.180989 0 0
0 -2.01411 9.26784 -0.181351 0 0
0 -1.97036 9.20054 -0.181342 0 0
0 -1.9673 9.15216 -0.180411 0 0
0 -1.97087 9.10604 -0.179393 0 0
0 -1.96718 9.05775 -0.178244 0 0
0 -1.95968 8.99198 -0.176784 0 0
0 -1.95854 8.92825 -0.175533 0 0
0 -1.96415 8.91581 -0.175528 0 0
0 -1.96336 8.91197 -0.175795 0 0
0 -1.96763 8.91226 -0.175965 0 0
0 -1.98407 8.93934 -0.176516 0 0
0 -1.99714 8.98573 -0.177111 0 0
0 -2.00488 9.03077 -0.177546 0 0
0 -2.00971 9.0846 -0.17804 0 0
0 -2.01938 9.212 -0.179044 0 0
0 -2.03923 9.38353 -0.180312 0 0
0 -2.07183 9.60601 -0.182155 0 0
0 -2.12875 9.84722 -0.184235 0 0
0 -2.22842 10.1585 -0.187319 0 0
0 -2.25768 10.2528 -0.188382 0 0
0 -2.29819 10.4048 -0.190202 0 0
0 -2.3068 10.4564 -0.190852 0 0
0 -2.28417 10.4319 -0.190389 0 0
0 -2.23874 10.3666 -0.189363 0 0
0 -2.19189 10.254 -0.188001 0 0
0 -2.17698 10.1958 -0.187158 0 0
0 -2.14179 10.0576 -0.185179 0 0
0 -2.09582 9.87204 -0.18303 0 0
0 -2.09354 9.80438 -0.182291 0 0
0 -2.07266 9.63142 -0.180618 0 0
0 -2.02521 9.37348 -0.178561 0 0
0 -1.99512 9.22261 -0.17793 0 0
0 -1.97855 9.07558 -0.176907 0 0
0 -1.96937 9.0126 -0.176394 0 0
0 -1.94164 8.90975 -0.176115 0 0
0 -1.94231 8.90518 -0.176169 0 0
0 -1.93966 8.90634 -0.175573 0 0
0 -1.94183 8.91207 -0.175327 0 0
0 -1.95302 8.97681 -0.175705 0 0
0 -1.9717 9.06581 -0.176198 0 0
0 -1.98082 9.12323 -0.17653 0 0
0 -1.99704 9.1786 -0.177031 0 0
0 -2.03323 9.26605 -0.178074 0 0
0 -2.0756 9.35762 -0.178726 0 0
0 -2.09662 9.42373 -0.179624 0 0
0 -2.10115 9.46198 -0.180623 0 0
0 -2.1072 9.50027 -0.18163 0 0
0 -2.10737 9.52055 -0.182307 0 0
0 -2.10741 9.52413 -0.182487 0 0
0 -2.11065 9.50808 -0.183182 0 0
0 -2.1234 9.47253 -0.182408 0 0
0 -2.13253 9.4663 -0.18214 0 0
0 -2.14262 9.46068 -0.18201 0 0
0 -2.14958 9.45256 -0.181714 0 0
0 -2.15382 9.43774 -0.181294 0 0
0 -2.15292 9.42264 -0.181047 0 0
0 -2.16151 9.4539 -0.181038 0 0
0 -2.16258 9.50687 -0.181568 0 0
0 -2.15939 9.54345 -0.181805 0 0
0 -2.14821 9.56161 -0.181387 0 0
0 -2.14497 9.59562 -0.181392 0 0
0 -2.13969 9.59746 -0.181212 0 0
0 -2.11144 9.56115 -0.180892 0 0
0 -2.12004 9.56408 -0.180627 0 0
0 -2.12682 9.58065 -0.181052 0 0
0 -2.13473 9.57615 -0.181164 0 0
0 -2.13251 9.57721 -0.181767 0 0
0 -2.13001 9.5818 -0.182154 0 0
0 -2.1262 9.58006 -0.182377 0 0
0 -2.11965 9.56451 -0.182613 0 0
0 -2.08216 9.48645 -0.183349 0 0
0 -2.06163 9.45195 -0.183909 0 0
0 -2.05802 9.43923 -0.184405 0 0
0 -2.05858 9.42421 -0.184255 0 0
0 -2.06755 9.41943 -0.18379 0 0
0 -2.07846 9.41608 -0.183345 0 0
0 -2.08248 9.41966 -0.183306 0 0
0 -2.08866 9.43266 -0.182967 0 0
0 -2.08857 9.46452 -0.182793 0 0
0 -2.08709 9.45437 -0.182162 0 0
0 -2.07428 9.43483 -0.181925 0 0
0 -2.08509 9.44411 -0.181773 0 0
0 -2.10448 9.4283 -0.181218 0 0
0 -2.11261 9.4003 -0.180698 0 0
0 -2.10421 9.36393 -0.180554 0 0
0 -2.09356 9.33506 -0.180576 0 0
0 -2.06847 9.28275 -0.179912 0 0
0 -2.05037 9.25686 -0.179255 0 0
0 -2.04612 9.27667 -0.179815 0 0
0 -2.0513 9.28458 -0.180172 0 0
0 -2.05489 9.28775 -0.180374 0 0
0 -2.04638 9.34697 -0.180884 0 0
0 -2.05628 9.42672 -0.18185 0 0
0 -2.05864 9.50443 -0.182946 0 0
0 -2.06538 9.5766 -0.182453 0 0
0 -2.06815 9.61372 -0.182085 0 0
0 -2.09655 9.68815 -0.181742 0 0
0 -2.13055 9.74117 -0.1819 0 0
0 -2.15556 9.79415 -0.182366 0 0
0 -2.15028 9.78209 -0.182491 0 0
0 -2.133 9.72946 -0.182964 0 0
0 -2.12844 9.65504 -0.1829 0 0
0 -2.09546 9.54903 -0.181958 0 0
0 -2.06202 9.43683 -0.180614 0 0
0 -2.03489 9.32048 -0.179611 0 0
0 -2.01107 9.19561 -0.178676 0 0
0 -1.97543 9.10222 -0.178093 0 0
0 -1.94738 9.02593 -0.177855 0 0
0 -1.93915 8.99271 -0.177763 0 0
0 -1.92461 8.93967 -0.177235 0 0
0 -1.91508 8.92751 -0.177069 0 0
0 -1.91477 8.95865 -0.177516 0 0
0 -1.95125 9.03349 -0.17789 0 0
0 -1.98641 9.20725 -0.179371 0 0
0 -1.98973 9.26281 -0.1803 0 0
0 -2.009 9.45305 -0.182974 0 0
0 -2.03159 9.53077 -0.183488 0 0
0 -2.06921 9.66586 -0.184443 0 0
0 -2.08453 9.76691 -0.186088 0 0
0 -2.09615 9.86133 -0.187581 0 0
0 -2.11742 9.92702 -0.18791 0 0
0 -2.12703 9.95244 -0.187894 0 0
0 -2.11889 9.92286 -0.187867 0 0
0 -2.10934 9.88446 -0.187671 0 0
0 -2.10991 9.81179 -0.186869 0 0
0 -2.11157 9.71989 -0.185865 0 0
0 -2.09414 9.6021 -0.184395 0 0
0 -2.05472 9.45907 -0.182657 0 0
0 -2.0112 9.28519 -0.180456 0 0
0 -1.96673 9.08877 -0.177778 0 0
0 -1.93069 8.94209 -0.175831 0 0
0 -1.90711 8.83578 -0.174843 0 0
0 -1.89804 8.77526 -0.174381 0 0
0 -1.89954 8.78143 -0.174063 0 0
0 -1.91132 8.88033 -0.174797 0 0
0 -1.94302 9.04513 -0.17623 0 0
0 -1.96354 9.20803 -0.177605 0 0
0 -1.99263 9.39366 -0.1792 0 0
0 -2.02456 9.56978 -0.181015 0 0
0 -2.05774 9.71628 -0.182809 0 0
0 -2.07209 9.81084 -0.183512 0 0
0 -2.08064 9.87296 -0.183435 0 0
0 -2.08423 9.88058 -0.182695 0 0
0 -2.08608 9.87547 -0.182868 0 0
0 -2.08995 9.86015 -0.182984 0 0
0 -2.0903 9.81279 -0.182725 0 0
0 -2.0793 9.7245 -0.182571 0 0
0 -2.07126 9.67223 -0.182591 0 0
0 -2.06338 9.61909 -0.182669 0 0
0 -2.04623 9.4987 -0.181896 0 0
0 -2.00976 9.31269 -0.179944 0 0
0 -1.9429 9.08017 -0.177522 0 0
0 -1.87301 8.85464 -0.174847 0 0
0 -1.81708 8.60206 -0.171591 0 0
0 -1.80169 8.54027 -0.170936 0 0
0 -1.77382 8.4741 -0.169752 0 0
0 -1.79534 8.54997 -0.169889 0 0
0 -1.8414 8.69505 -0.170814 0 0
0 -1.87815 8.86704 -0.171971 0 0
0 -1.90256 9.05716 -0.173444 0 0
0 -1.93845 9.27914 -0.175152 0 0
0 -1.98579 9.4994 -0.177305 0 0
0 -2.03153 9.6962 -0.179764 0 0
0 -2.05892 9.86988 -0.182509 0 0
0 -2.07869 9.95752 -0.183725 0 0
0 -2.09537 10.0292 -0.184686 0 0
0 -2.11794 10.1097 -0.185845 0 0
0 -2.13263 10.1305 -0.186175 0 0
0 -2.12801 10.0964 -0.185931 0 0
0 -2.11921 10.0633 -0.185548 0 0
0 -2.10777 10.0147 -0.185078 0 0
0 -2.07336 9.87839 -0.183982 0 0
0 -2.06368 9.80381 -0.183248 0 0
0 -2.05724 9.72809 -0.182574 0 0
0 -2.04152 9.56787 -0.181412 0 0
0 -2.01913 9.38603 -0.180088 0 0
0 -2.00662 9.24523 -0.179568 0 0
0 -2.01106 9.12841 -0.178541 0 0
0 -1.98773 9.01886 -0.17769 0 0
0 -1.96193 8.95958 -0.177057 0 0
0 -1.93385 8.93335 -0.176463 0 0
0 -1.90949 8.9349 -0.176035 0 0
0 -1.89632 8.93918 -0.175448 0 0
0 -1.89309 8.98037 -0.175703 0 0
0 -1.90549 9.04643 -0.17663 0 0
0 -1.91038 9.09855 -0.177347 0 0
0 -1.93987 9.18102 -0.178084 0 0
0 -1.9528 9.27888 -0.179065 0 0
0 -1.96486 9.37923 -0.18023 0 0
0 -1.97808 9.44878 -0.180154 0 0
0 -1.99761 9.51941 -0.179592 0 0
0 -2.02123 9.61864 -0.180465 0 0
0 -2.03013 9.68225 -0.18174 0 0
0 -2.04586 9.73389 -0.1822 0 0
0 -2.04755 9.76681 -0.182834 0 0
0 -2.04904 9.77804 -0.183747 0 0
0 -2.03412 9.74892 -0.184066 0 0
0 -1.99868 9.67062 -0.183075 0 0
0 -1.97322 9.53813 -0.181095 0 0
0 -1.95818 9.4541 -0.180185 0 0
0 -1.93196 9.26475 -0.177647 0 0
0 -1.90376 9.12733 -0.176215 0 0
0 -1.88448 9.01163 -0.174783 0 0
0 -1.86221 8.94093 -0.173982 0 0
0 -1.83641 8.92139 -0.174124 0 0
0 -1.80413 8.90526 -0.17392 0 0
0 -1.76037 8.89159 -0.174009 0 0
0 -1.74041 8.91755 -0.174268 0 0
0 -1.73695 8.95371 -0.174637 0 0
0 -1.74977 9.00372 -0.174891 0 0
0 -1.78095 9.10098 -0.175812 0 0
0 -1.80866 9.22456 -0.177141 0 0
0 -1.84072 9.3592 -0.178199 0 0
0 -1.8754 9.48922 -0.179262 0 0
0 -1.90739 9.63754 -0.180305 0 0
0 -1.91436 9.74659 -0.181157 0 0
0 -1.92504 9.80007 -0.181149 0 0
0 -1.94219 9.84547 -0.180571 0 0
0 -1.92217 9.83529 -0.180217 0 0
0 -1.89568 9.78036 -0.180363 0 0
0 -1.87215 9.7036 -0.179849 0 0
0 -1.86445 9.61083 -0.17843 0 0
0 -1.83418 9.50454 -0.177886 0 0
0 -1.80864 9.37281 -0.177294 0 0
0 -1.80253 9.27846 -0.176314 0 0
0 -1.80064 9.17326 -0.175074 0 0
0 -1.78304 9.06478 -0.174762 0 0
0 -1.76988 8.9658 -0.174413 0 0
0 -1.78188 8.90517 -0.173816 0 0
0 -1.80183 8.88444 -0.174156 0 0
0 -1.80264 8.87138 -0.174371 0 0
0 -1.80248 8.9029 -0.174454 0 0
0 -1.80966 8.95609 -0.174404 0 0
0 -1.82886 9.01535 -0.174901 0 0
0 -1.835 9.07857 -0.175472 0 0
0 -1.84702 9.15367 -0.175827 0 0
0 -1.8598 9.19893 -0.176557 0 0
0 -1.90707 9.38467 -0.179332 0 0
0 -1.91214 9.48962 -0.180382 0 0
0 -1.90994 9.53232 -0.180781 0 0
0 -1.91923 9.59657 -0.181177 0 0
0 -1.92861 9.63584 -0.181113 0 0
0 -1.92153 9.63994 -0.180791 0 0
0 -1.9123 9.63693 -0.180468 0 0
0 -1.90209 9.64204 -0.180728 0 0
0 -1.90389 9.63295 -0.181005 0 0
0 -1.90879 9.61202 -0.181354 0 0
0 -1.90277 9.58299 -0.18136 0 0
0 -1.89554 9.48961 -0.180425 0 0
0 -1.88966 9.42852 -0.17971 0 0
0 -1.86783 9.2792 -0.177772 0 0
0 -1.84147 9.1458 -0.175555 0 0
0 -1.80502 9.03631 -0.174357 0 0
0 -1.76974 8.95151 -0.173928 0 0
0 -1.75959 8.89223 -0.172843 0 0
0 -1.75352 8.83368 -0.171447 0 0
0 -1.73799 8.80733 -0.170609 0 0
0 -1.73708 8.80123 -0.170379 0 0
0 -1.74229 8.79493 -0.17008 0 0
0 -1.7406 8.78914 -0.170151 0 0
0 -1.73064 8.82677 -0.171538 0 0
0 -1.72759 8.88357 -0.17309 0 0
0 -1.73494 8.96847 -0.174453 0 0
0 -1.74522 9.08441 -0.175847 0 0
0 -1.75191 9.21067 -0.17723 0 0
0 -1.766 9.34191 -0.178215 0 0
0 -1.78866 9.47121 -0.178682 0 0
0 -1.82339 9.59776 -0.179794 0 0
0 -1.8448 9.68275 -0.180901 0 0
0 -1.8632 9.75047 -0.181666 0 0
0 -1.87104 9.79621 -0.182429 0 0
0 -1.87874 9.79933 -0.183165 0 0
0 -1.88262 9.76755 -0.183341 0 0
0 -1.872 9.70413 -0.182611 0 0
0 -1.8629 9.66197 -0.182163 0 0
0 -1.8523 9.61207 -0.181618 0 0
0 -1.83305 9.50478 -0.18046 0 0
0 -1.81002 9.38615 -0.179536 0 0
0 -1.78241 9.2814 -0.17855 0 0
0 -1.76036 9.17276 -0.177463 0 0
0 -1.74373 9.05963 -0.175947 0 0
0 -1.72918 8.94454 -0.17427 0 0
0 -1.71646 8.84859 -0.173212 0 0
0 -1.72276 8.76773 -0.172073 0 0
0 -1.72894 8.75846 -0.171965 0 0
0 -1.73565 8.75537 -0.172083 0 0
0 -1.7299 8.77049 -0.172585 0 0
0 -1.72766 8.78603 -0.17269 0 0
0 -1.73314 8.82014 -0.172418 0 0
0 -1.74126 8.87566 -0.172426 0 0
0 -1.74216 8.9136 -0.172631 0 0
0 -1.75539 9.06193 -0.174124 0 0
0 -1.76896 9.12154 -0.174772 0 0
0 -1.82074 9.30498 -0.176964 0 0
0 -1.84587 9.41412 -0.178608 0 0
0 -1.84364 9.48553 -0.179695 0 0
0 -1.84715 9.56211 -0.180499 0 0
0 -1.86172 9.61917 -0.181229 0 0
0 -1.86565 9.65594 -0.182419 0 0
0 -1.85153 9.71005 -0.183791 0 0
0 -1.84899 9.76942 -0.184313 0 0
0 -1.85548 9.78395 -0.184365 0 0
0 -1.85726 9.78042 -0.184405 0 0
0 -1.83612 9.74142 -0.184132 0 0
0 -1.82015 9.70531 -0.183032 0 0
0 -1.81919 9.64041 -0.181021 0 0
0 -1.81666 9.51434 -0.178592 0 0
0 -1.79875 9.3628 -0.176717 0 0
0 -1.77861 9.22519 -0.174994 0 0
0 -1.75701 9.0888 -0.173727 0 0
0 -1.71586 8.92852 -0.17262 0 0
0 -1.67435 8.80141 -0.171909 0 0
0 -1.64796 8.72423 -0.171735 0 0
0 -1.63296 8.66306 -0.17127 0 0
0 -1.62319 8.64826 -0.170718 0 0
0 -1.61474 8.67797 -0.170548 0 0
0 -1.59824 8.74454 -0.17088 0 0
0 -1.59676 8.8254 -0.1714 0 0
0 -1.61724 8.94264 -0.171966 0 0
0 -1.66126 9.06107 -0.172998 0 0
0 -1.69496 9.13891 -0.173247 0 0
0 -1.73643 9.22798 -0.173517 0 0
0 -1.78097 9.30786 -0.174317 0 0
0 -1.80073 9.37387 -0.175398 0 0
0 -1.79096 9.43238 -0.176665 0 0
0 -1.78138 9.49278 -0.177812 0 0
0 -1.77676 9.54398 -0.179661 0 0
0 -1.76774 9.56153 -0.180367 0 0
0 -1.76098 9.57315 -0.180657 0 0
0 -1.75775 9.57614 -0.180667 0 0
0 -1.75607 9.55997 -0.180454 0 0
0 -1.75069 9.53403 -0.180203 0 0
0 -1.74294 9.47778 -0.179509 0 0
0 -1.73689 9.45169 -0.179177 0 0
0 -1.73089 9.41278 -0.178575 0 0
0 -1.72327 9.31143 -0.177399 0 0
0 -1.71192 9.20689 -0.176574 0 0
0 -1.7062 9.11407 -0.175551 0 0
0 -1.70179 9.01376 -0.174475 0 0
0 -1.69803 8.96094 -0.173923 0 0
0 -1.6979 8.91623 -0.173361 0 0
0 -1.7028 8.8841 -0.172851 0 0
0 -1.71077 8.84859 -0.172064 0 0
0 -1.70506 8.83152 -0.172163 0 0
0 -1.70331 8.85174 -0.172083 0 0
0 -1.70007 8.89724 -0.172166 0 0
0 -1.67363 8.96814 -0.173021 0 0
0 -1.65569 9.04326 -0.173525 0 0
0 -1.65087 9.07435 -0.173445 0 0
0 -1.64977 9.11393 -0.173395 0 0
0 -1.64277 9.2001 -0.17392 0 0
0 -1.62796 9.2814 -0.175261 0 0
0 -1.63248 9.33076 -0.175949 0 0
0 -1.63401 9.33787 -0.176264 0 0
0 -1.63822 9.33168 -0.176703 0 0
0 -1.63669 9.31843 -0.177021 0 0
0 -1.63965 9.27358 -0.176476 0 0
0 -1.63103 9.22631 -0.176443 0 0
0 -1.62989 9.21435 -0.176609 0 0
0 -1.63137 9.20027 -0.176642 0 0
0 -1.63524 9.16887 -0.176568 0 0
0 -1.63925 9.12416 -0.176032 0 0
0 -1.63792 9.06448 -0.175473 0 0
0 -1.64248 9.01554 -0.175164 0 0
0 -1.63437 8.97334 -0.174026 0 0
0 -1.6322 8.97182 -0.173229 0 0
0 -1.62727 8.98325 -0.173488 0 0
0 -1.62623 8.98534 -0.173565 0 0
0 -1.63507 8.98506 -0.173079 0 0
0 -1.63517 8.98818 -0.172516 0 0
0 -1.65607 8.97802 -0.172716 0 0
0 -1.65572 8.95316 -0.172854 0 0
0 -1.65873 8.95869 -0.173456 0 0
0 -1.6574 8.98527 -0.174577 0 0
0 -1.65368 9.02975 -0.17592 0 0
0 -1.64912 9.05978 -0.176594 0 0
0 -1.64667 9.15899 -0.178371 0 0
0 -1.63214 9.2215 -0.178691 0 0
0 -1.63309 9.26599 -0.178924 0 0
0 -1.63546 9.36151 -0.179601 0 0
0 -1.64597 9.41404 -0.179724 0 0
0 -1.64188 9.39691 -0.178741 0 0
0 -1.64512 9.38634 -0.178463 0 0
0 -1.65884 9.35142 -0.17822 0 0
0 -1.65652 9.29114 -0.177625 0 0
0 -1.64933 9.21801 -0.176631 0 0
0 -1.64745 9.19865 -0.176443 0 0
0 -1.64324 9.17669 -0.17666 0 0
0 -1.63252 9.15087 -0.176322 0 0
0 -1.61419 9.10141 -0.175833 0 0
0 -1.6127 9.04564 -0.175648 0 0
0 -1.58153 8.97412 -0.175242 0 0
0 -1.56681 8.90869 -0.174054 0 0
0 -1.56388 8.88463 -0.173611 0 0
0 -1.56561 8.87575 -0.173103 0 0
0 -1.56 8.8724 -0.172778 0 0
0 -1.54978 8.86805 -0.172354 0 0
0 -1.53461 8.86864 -0.171681 0 0
0 -1.54129 8.88686 -0.171384 0 0
0 -1.54743 8.90386 -0.171463 0 0
0 -1.55206 8.92051 -0.171535 0 0
0 -1.55233 8.9458 -0.171937 0 0
0 -1.55145 8.96753 -0.172514 0 0
0 -1.55412 9.01431 -0.172634 0 0
0 -1.56024 9.04159 -0.172637 0 0
0 -1.56538 9.07831 -0.172915 0 0
0 -1.55587 9.1578 -0.174139 0 0
0 -1.55082 9.23214 -0.17525 0 0
0 -1.55897 9.29147 -0.17558 0 0
0 -1.58479 9.33874 -0.175791 0 0
0 -1.61136 9.38306 -0.17666 0 0
0 -1.62448 9.40995 -0.177059 0 0
0 -1.64443 9.42456 -0.176572 0 0
0 -1.64789 9.42003 -0.176314 0 0
0 -1.64076 9.42125 -0.176455 0 0
0 -1.63533 9.3917 -0.175977 0 0
0 -1.63243 9.30652 -0.174524 0 0
0 -1.6288 9.19338 -0.172766 0 0
0 -1.62538 9.05931 -0.17035 0 0
0 -1.61978 9.03636 -0.169849 0 0
0 -1.57625 8.97787 -0.169225 0 0
0 -1.53236 8.92263 -0.168972 0 0
0 -1.52354 8.90574 -0.168908 0 0
0 -1.51486 8.88849 -0.169168 0 0
0 -1.50817 8.87518 -0.169157 0 0
0 -1.50702 8.82097 -0.168709 0 0
0 -1.54096 8.84218 -0.168591 0 0
0 -1.56838 8.94767 -0.169112 0 0
0 -1.55328 8.99441 -0.169125 0 0
0 -1.54926 9.06138 -0.169411 0 0
0 -1.54321 9.12351 -0.169562 0 0
0 -1.53488 9.13026 -0.169406 0 0
0 -1.51728 9.13677 -0.169133 0 0
0 -1.5082 9.17329 -0.169015 0 0
0 -1.51747 9.17757 -0.169461 0 0
0 -1.52546 9.17575 -0.169718 0 0
0 -1.52688 9.1861 -0.17006 0 0
0 -1.51795 9.18167 -0.170307 0 0
0 -1.52091 9.17294 -0.17116 0 0
0 -1.52789 9.20348 -0.171642 0 0
0 -1.53352 9.21343 -0.17142 0 0
0 -1.54247 9.22437 -0.171676 0 0
0 -1.5535 9.22267 -0.171422 0 0
0 -1.57543 9.21741 -0.170882 0 0
0 -1.58797 9.18466 -0.170199 0 0
0 -1.58363 9.13368 -0.169938 0 0
0 -1.581 9.13807 -0.169997 0 0
0 -1.56712 9.12676 -0.169675 0 0
0 -1.55664 9.09535 -0.169511 0 0
0 -1.54382 9.0729 -0.169387 0 0
0 -1.54715 9.08309 -0.168699 0 0
0 -1.53621 9.06688 -0.167408 0 0
0 -1.51048 9.01699 -0.166626 0 0
0 0 9.00573 -0.166779 0 0
0 0 9.02455 -0.166819 0 0
0 0 9.01373 -0.166558 0 0
0 0 9.02714 -0.167446 0 0
0 0 9.05671 -0.167874 0 0
0 0 9.10526 -0.168465 0 0
0 0 9.13322 -0.16881 0 0
0 0 9.16608 -0.169139 0 0
0 0 9.19879 -0.169396 0 0
0 -1.50457 9.19088 -0.169171 0 0
0 -1.51517 9.16092 -0.168675 0 0
0 -1.52717 9.13398 -0.167742 0 0
0 -1.52017 9.11034 -0.167276 0 0
0 -1.50623 9.06568 -0.167018 0 0
0 0 9.01379 -0.166276 0 0
0 0 8.99902 -0.165871 0 0
0 0 8.99446 -0.166069 0 0
0 0 8.98875 -0.166189 0 0
0 0 9.01437 -0.166673 0 0
0 0 9.02857 -0.166362 0 0
0 0 9.01613 -0.166202 0 0
0 0 9.01041 -0.166142 0 0
0 0 9.00261 -0.165962 0 0
0 0 8.98954 -0.165157 0 0
0 0 8.98693 -0.164394 0 0
0 0 8.95435 -0.163942 0 0
0 0 8.96164 -0.163995 0 0
0 0 8.96484 -0.164158 0 0
0 0 8.96119 -0.164349 0 0
0 0 8.95798 -0.16438 0 0
0 0 8.98258 -0.164365 0 0
0 0 9.00245 -0.16456 0 0
0 0 9.01845 -0.164923 0 0
0 0 9.00719 -0.164789 0 0
0 0 8.97759 -0.164332 0 0
0 0 8.98061 -0.164313 0 0
0 0 8.96282 -0.163981 0 0
0 0 8.92484 -0.163667 0 0
0 0 8.91283 -0.164223 0 0
0 0 8.94843 -0.165341 0 0
0 0 8.97182 -0.165902 0 0
0 0 8.9676 -0.166046 0 0
0 0 8.96467 -0.16596 0 0
0 0 8.9672 -0.165731 0 0
0 0 8.97761 -0.165336 0 0
0 0 8.96908 -0.164859 0 0
0 0 8.97755 -0.165102 0 0
0 0 8.98411 -0.165603 0 0
0 0 9.0101 -0.165866 0 0
0 0 9.01941 -0.166276 0 0
0 0 9.02884 -0.166503 0 0
0 0 9.07359 -0.166434 0 0
0 0 9.10695 -0.166364 0 0
0 0 9.12271 -0.166554 0 0
0 0 9.15498 -0.167177 0 0
0 0 9.17784 -0.167121 0 0
0 0 9.21687 -0.167436 0 0
0 0 9.22913 -0.168155 0 0
0 0 9.16838 -0.167809 0 0
0 0 9.14598 -0.167572 0 0
0 0 9.09389 -0.166735 0 0
0 0 9.02402 -0.166126 0 0
0 0 8.95477 -0.165146 0 0
0 0 8.91241 -0.163968 0 0
0 0 8.89672 -0.163506 0 0
0 0 8.89705 -0.163628 0 0
0 0 8.88226 -0.163211 0 0
0 0 8.87289 -0.16236 0 0
0 0 8.85703 -0.162012 0 0
0 0 8.8482 -0.1618 0 0
0 0 8.85281 -0.161438 0 0
0 0 8.84782 -0.160996 0 0
0 0 8.85858 -0.16126 0 0
0 0 8.88849 -0.161584 0 0
0 0 8.9332 -0.16266 0 0
0 0 8.96473 -0.163367 0 0
0 0 9.00808 -0.163929 0 0
0 0 9.07591 -0.164581 0 0
0 0 9.12342 -0.165122 0 0
0 0 9.15029 -0.165274 0 0
0 0 9.18266 -0.166085 0 0
0 0 9.19517 -0.16705 0 0
0 0 9.19419 -0.167778 0 0
0 0 9.17548 -0.168199 0 0
0 0 9.14244 -0.168173 0 0
0 0 9.11561 -0.167674 0 0
0 0 9.06733 -0.16602 0 0
0 0 9.03576 -0.164964 0 0
0 0 9.00617 -0.164207 0 0
0 0 8.9586 -0.163688 0 0
0 0 8.92849 -0.163963 0 0
0 0 8.91992 -0.164636 0 0
0 0 8.91298 -0.165459 0 0
0 0 8.8633 -0.16531 0 0
0 0 8.84806 -0.16528 0 0
0 0 8.83603 -0.165207 0 0
0 0 8.85273 -0.16476 0 0
0 0 8.83973 -0.163866 0 0
0 0 8.83133 -0.163797 0 0
0 0 8.84906 -0.16419 0 0
0 0 8.87972 -0.164184 0 0
0 0 8.89602 -0.164189 0 0
0 0 8.89772 -0.164113 0 0
0 0 8.93461 -0.164314 0 0
0 0 8.97173 -0.164121 0 0
0 0 9.02101 -0.16406 0 0
0 0 9.06061 -0.164346 0 0
0 0 9.09191 -0.164915 0 0
0 0 9.11933 -0.165276 0 0
0 0 9.1256 -0.164997 0 0
0 0 9.09994 -0.164469 0 0
0 0 9.04054 -0.163837 0 0
0 0 9.00751 -0.163268 0 0
0 0 9.00621 -0.162817 0 0
0 0 9.01425 -0.162619 0 0
0 0 9.03913 -0.16343 0 0
0 0 9.07653 -0.164786 0 0
0 0 9.10141 -0.16542 0 0
0 0 9.11949 -0.166148 0 0
0 0 9.12037 -0.166683 0 0
0 0 9.0979 -0.166401 0 0
0 0 9.08606 -0.165512 0 0
0 0 9.09817 -0.164905 0 0
0 0 9.09065 -0.164556 0 0
0 0 9.06179 -0.163416 0 0
0 0 9.04457 -0.162334 0 0
0 0 9.00382 -0.161291 0 0
0 0 8.94921 -0.160325 0 0
0 0 8.87686 -0.15889 0 0
0 0 8.81763 -0.15814 0 0
0 0 8.76251 -0.158133 0 0
0 0 8.72314 -0.158432 0 0
0 0 8.71073 -0.159346 0 0
0 0 8.70578 -0.159908 0 0
0 0 8.71226 -0.160563 0 0
0 0 8.73325 -0.160814 0 0
0 0 8.7702 -0.161027 0 0
0 0 8.83759 -0.160925 0 0
0 0 8.89484 -0.160874 0 0
0 0 8.95162 -0.161552 0 0
0 0 9.00982 -0.162341 0 0
0 0 9.07254 -0.163289 0 0
0 0 9.13182 -0.163982 0 0
0 0 9.17651 -0.16456 0 0
0 0 9.18839 -0.164522 0 0
0 0 9.20217 -0.164191 0 0
0 0 9.22521 -0.163718 0 0
0 0 9.23024 -0.163342 0 0
0 0 9.23319 -0.163393 0 0
0 0 9.19848 -0.163613 0 0
0 0 9.13116 -0.163624 0 0
0 0 9.09459 -0.16351 0 0
0 0 9.05852 -0.163518 0 0
0 0 8.93854 -0.163184 0 0
0 0 8.87604 -0.163075 0 0
0 0 8.83186 -0.162294 0 0
0 0 8.79718 -0.160994 0 0
0 0 8.788 -0.161245 0 0
0 0 8.78474 -0.161488 0 0
0 0 8.76317 -0.161342 0 0
0 0 8.71961 -0.161203 0 0
0 0 8.6984 -0.161082 0 0
0 0 8.67059 -0.161269 0 0
0 0 8.65723 -0.16155 0 0
0 0 8.64596 -0.161747 0 0
0 0 8.6349 -0.162113 0 0
0 0 8.64888 -0.162208 0 0
0 0 8.66975 -0.161821 0 0
0 0 8.68998 -0.16201 0 0
0 0 8.72264 -0.162303 0 0
0 0 8.73425 -0.1617 0 0
0 0 8.75149 -0.161102 0 0
0 0 8.75623 -0.161001 0 0
0 0 8.76835 -0.160459 0 0
0 0 8.77394 -0.160065 0 0
0 0 8.80469 -0.16035 0 0
0 0 8.83076 -0.160684 0 0
0 0 8.88893 -0.161166 0 0
0 0 8.94308 -0.161431 0 0
0 0 9.01371 -0.16197 0 0
0 0 9.03311 -0.162166 0 0
0 0 9.06459 -0.161863 0 0
0 0 9.06246 -0.161753 0 0
0 0 9.03925 -0.161994 0 0
0 0 9.05866 -0.162542 0 0
0 0 9.05838 -0.162447 0 0
0 0 9.04515 -0.162405 0 0
0 0 8.99449 -0.162328 0 0
0 0 8.96997 -0.16197 0 0
0 0 8.92039 -0.161126 0 0
0 0 8.8758 -0.160735 0 0
0 0 8.83942 -0.16043 0 0
0 0 8.79958 -0.159655 0 0
0 0 8.77778 -0.159316 0 0
0 0 8.77903 -0.159397 0 0
0 0 8.82934 -0.158682 0 0
0 0 8.86301 -0.157839 0 0
0 0 8.93253 -0.153505 0 0
0 0 8.96699 -0.147526 0 0
0 0 9.03722 -0.140525 0 0
0 0 9.12055 -0.132599 0 0
0 0 9.14834 -0.123805 0 0
0 0 9.19018 -0.116394 0 0
0 0 9.34064 -0.110655 0 0
0 0 9.5357 -0.104803 0 0
0 0 9.71731 -0.0998561 0 0
0 0 9.94324 -0.0952207 0 0
0 0 10.1614 -0.0904913 0 0
0 0 10.3267 -0.0854321 0 0
0 0 10.459 -0.0809194 0 0
0 0 10.5804 -0.0763536 0 0
0 1.53946 10.6675 -0.0713166 0 0
0 1.69199 10.728 -0.0658565 0 0
0 1.86207 10.7716 -0.060483 0 0
0 2.01514 10.7981 -0.0561085 0 0
0 2.14934 10.8106 -0.0518505 0 0
0 2.32439 10.8138 0 0 0
0 2.62556 10.7788 0 0 0
0 3.01218 10.6936 0 0 0
0 3.42052 10.6291 0 0 0
0 3.86823 10.6036 0 0 0
0 4.50444 10.6429 0 0 0
0 4.66774 10.6839 0 0 0
0 4.98387 10.9705 0 0 0
0 5.13747 11.1794 0.0523276 0 0
0 5.27582 11.3728 0.0572564 0 0
0 5.34348 11.4601 0.0596707 0 0
0 5.46606 11.5972 0.0641484 0 0
0 5.6105 11.682 0.0701091 0 0
0 5.65252 11.6804 0.0717095 0 0
0 5.71174 11.6664 0.0744476 0 0
0 5.76936 11.6131 0.0773152 0 0
0 5.78269 11.5792 0.0778814 0 0
0 5.80237 11.503 0.0789206 0 0
0 5.81408 11.4093 0.0802439 0 0
0 5.81738 11.3806 0.0804583 0 0
0 5.81964 11.226 0.0808712 0 0
0 5.80325 11.1146 0.08155 0 0
0 5.78175 11.0003 0.0824656 0 0
0 5.75775 10.8817 0.0830326 0 0
0 5.736 10.7767 0.0837462 0 0
0 5.71564 10.6935 0.0848256 0 0
0 5.70981 10.628 0.085663 0 0
0 5.70957 10.5766 0.0863698 0 0
0 5.72333 10.5583 0.0872281 0 0
0 5.73372 10.5535 0.0882343 0 0
0 5.75543 10.56 0.0888156 0 0
0 5.77809 10.5909 0.0894275 0 0
0 5.80489 10.658 0.0903738 0 0
0 5.84725 10.7379 0.0913754 0 0
0 5.90559 10.8134 0.0925058 0 0
0 5.96017 10.892 0.0943135 0 0
0 6.0101 10.9754 0.0962228 0 0
0 6.06459 11.0316 0.0985288 0 0
0 6.10581 11.098 0.100412 0 0
0 6.12988 11.1671 0.101928 0 0
0 6.13721 11.2317 0.103341 0 0
0 6.14583 11.2515 0.104016 0 0
0 6.16589 11.3412 0.105726 0 0
0 6.18281 11.3684 0.106765 0 0
0 6.18199 11.3901 0.107807 0 0
0 6.19193 11.3889 0.108772 0 0
0 6.20954 11.3919 0.108836 0 0
0 6.22826 11.3452 0.109425 0 0
0 6.23908 11.31 0.109191 0 0
0 6.25295 11.2866 0.109155 0 0
0 6.27083 11.2451 0.109664 0 0
0 6.29227 11.2018 0.110634 0 0
0 6.3206 11.152 0.111397 0 0
0 6.33218 11.1342 0.111385 0 0
0 6.34139 11.1102 0.111537 0 0
0 6.34212 11.049 0.112607 0 0
0 6.32183 11.0038 0.113306 0 0
0 6.30057 10.9892 0.113336 0 0
0 6.25915 10.9687 0.113308 0 0
0 6.22349 10.9489 0.113403 0 0
0 6.19783 10.9381 0.113292 0 0
0 6.18964 10.933 0.11229 0 0
0 6.19269 10.8904 0.11172 0 0
0 6.19745 10.8435 0.111607 0 0
0 6.18805 10.8258 0.111802 0 0
0 6.1712 10.8224 0.112025 0 0
0 6.16106 10.8151 0.112412 0 0
0 6.1637 10.8112 0.113479 0 0
0 6.16421 10.8202 0.11425 0 0
0 6.16479 10.8753 0.115287 0 0
0 6.17661 10.9624 0.116083 0 0
0 6.20105 11.0584 0.11697 0 0
0 6.22151 11.164 0.117491 0 0
0 6.25466 11.2913 0.117727 0 0
0 6.29648 11.3853 0.117955 0 0
0 6.35135 11.4041 0.118187 0 0
0 6.38263 11.3873 0.119355 0 0
0 6.39485 11.3525 0.120741 0 0
0 6.37963 11.3019 0.122045 0 0
0 6.35713 11.2494 0.122452 0 0
0 6.34398 11.231 0.122467 0 0
0 6.3121 11.2238 0.122444 0 0
0 6.27281 11.215 0.121953 0 0
0 6.26188 11.1911 0.121931 0 0
0 6.26211 11.1489 0.122444 0 0
0 6.26691 11.0992 0.12327 0 0
0 6.26604 11.0641 0.123734 0 0
0 6.26847 11.0216 0.124075 0 0
0 6.26152 10.9897 0.124333 0 0
0 6.24255 10.9388 0.124468 0 0
0 6.23226 10.8906 0.124286 0 0
0 6.21951 10.8651 0.124161 0 0
0 6.18193 10.8548 0.124102 0 0
0 6.1596 10.8244 0.123325 0 0
0 6.15819 10.8105 0.123274 0 0
0 6.13855 10.8302 0.123012 0 0
0 6.12173 10.8561 0.12248 0 0
0 6.11995 10.8866 0.12188 0 0
0 6.12109 10.8997 0.121861 0 0
0 6.11571 10.9233 0.122216 0 0
0 6.11646 10.924 0.122255 0 0
0 6.12735 10.9255 0.121799 0 0
0 6.13302 10.9284 0.121811 0 0
0 6.13086 10.9259 0.122015 0 0
0 6.11771 10.924 0.122516 0 0
0 6.11269 10.9497 0.122572 0 0
0 6.11112 10.9899 0.122978 0 0
0 6.10873 11.0011 0.123383 0 0
0 6.09932 11.0088 0.124447 0 0
0 6.10665 11.0141 0.125206 0 0
0 6.11614 11.0055 0.125964 0 0
0 6.11923 11.0035 0.127053 0 0
0 6.11732 11.0177 0.127445 0 0
0 6.11735 11.0347 0.127947 0 0
0 6.12108 11.0534 0.128318 0 0
0 6.13751 11.0865 0.128744 0 0
0 6.16623 11.1141 0.129 0 0
0 6.18032 11.1421 0.129246 0 0
0 6.2013 11.1407 0.129858 0 0
0 6.21891 11.1206 0.129965 0 0
0 6.23114 11.0944 0.129896 0 0
0 6.23474 11.0256 0.12989 0 0
0 6.21628 10.9872 0.129887 0 0
0 6.18675 10.9776 0.13035 0 0
0 6.1788 10.9504 0.130919 0 0
0 6.17136 10.9415 0.130844 0 0
0 6.17424 10.9494 0.130259 0 0
0 6.17265 10.9514 0.129601 0 0
0 6.16783 10.9019 0.129581 0 0
0 6.17793 10.8766 0.128828 0 0
0 6.17238 10.8718 0.127605 0 0
0 6.14385 10.8635 0.127243 0 0
0 6.11866 10.8316 0.127623 0 0
0 6.1206 10.8082 0.128103 0 0
0 6.1147 10.8017 0.128184 0 0
0 6.09865 10.7869 0.128693 0 0
0 6.09706 10.7695 0.12928 0 0
0 6.1039 10.7475 0.129859 0 0
0 6.13202 10.7163 0.131014 0 0
0 6.1604 10.7328 0.131952 0 0
0 6.18171 10.7652 0.132332 0 0
0 6.23256 10.8179 0.134174 0 0
0 6.25824 10.8357 0.134816 0 0
0 6.30407 10.8976 0.135521 0 0
0 6.33532 10.9969 0.136701 0 0
0 6.34342 11.0196 0.137307 0 0
0 6.38635 11.0739 0.139176 0 0
0 6.39852 11.0982 0.139798 0 0
0 6.40396 11.1878 0.141499 0 0
0 6.41012 11.2097 0.142481 0 0
0 6.43123 11.2233 0.143122 0 0
0 6.44356 11.2226 0.144102 0 0
0 6.43476 11.2356 0.144065 0 0
0 6.42959 11.2504 0.143223 0 0
0 6.43878 11.2389 0.142362 0 0
0 6.44054 11.2379 0.141892 0 0
0 6.40699 11.2422 0.141585 0 0
0 6.38562 11.2252 0.141709 0 0
0 6.36448 11.171 0.142114 0 0
0 6.33244 11.1107 0.142159 0 0
0 6.29566 11.0655 0.142289 0 0
0 6.27956 11.0051 0.141961 0 0
0 6.26826 10.9704 0.140904 0 0
0 6.248 10.9238 0.140165 0 0
0 6.24726 10.8968 0.140083 0 0
0 6.249 10.8776 0.140002 0 0
0 6.24849 10.8519 0.139844 0 0
0 6.24373 10.8349 0.139721 0 0
0 6.2266 10.8222 0.139837 0 0
0 6.21145 10.8291 0.139767 0 0
0 6.20306 10.8547 0.139498 0 0
0 6.18488 10.8962 0.139499 0 0
0 6.18602 10.9123 0.139533 0 0
0 6.18573 10.9245 0.139124 0 0
0 6.19399 10.9263 0.138506 0 0
0 6.20633 10.921 0.138099 0 0
0 6.22289 10.9118 0.138164 0 0
0 6.24398 10.9122 0.13801 0 0
0 6.25405 10.9385 0.137783 0 0
0 6.27129 10.9464 0.138386 0 0
0 6.28696 10.9773 0.13854 0 0
0 6.27493 11.0378 0.138549 0 0
0 6.25602 11.109 0.138804 0 0
0 6.25618 11.149 0.139407 0 0
0 6.26928 11.196 0.139694 0 0
0 6.26097 11.2449 0.139897 0 0
0 6.25382 11.2559 0.140326 0 0
0 6.25731 11.2172 0.14054 0 0
0 6.25296 11.1551 0.14077 0 0
0 6.23316 11.0955 0.141147 0 0
0 6.21933 11.0045 0.14137 0 0
0 6.20905 10.9068 0.141537 0 0
0 6.17961 10.8459 0.1411 0 0
0 6.13742 10.8321 0.139996 0 0
0 6.10867 10.8372 0.138767 0 0
0 6.07808 10.8268 0.138282 0 0
0 6.0508 10.8329 0.137969 0 0
0 6.03839 10.8338 0.13736 0 0
0 6.05364 10.8049 0.137378 0 0
0 6.05657 10.7588 0.138216 0 0
0 6.05621 10.7269 0.139156 0 0
0 6.06597 10.7092 0.139811 0 0
0 6.08113 10.693 0.140644 0 0
0 6.08933 10.6915 0.141159 0 0
0 6.1009 10.6978 0.141582 0 0
0 6.12821 10.7254 0.142104 0 0
0 6.16401 10.7387 0.142392 0 0
0 6.1902 10.746 0.142646 0 0
0 6.1948 10.7758 0.142652 0 0
0 6.17439 10.8006 0.143218 0 0
0 6.1625 10.8176 0.143691 0 0
0 6.15713 10.8226 0.143801 0 0
0 6.14909 10.8349 0.143702 0 0
0 6.14155 10.8565 0.143458 0 0
0 6.13928 10.8845 0.143127 0 0
0 6.14824 10.9391 0.142684 0 0
0 6.17399 10.9749 0.142561 0 0
0 6.18881 10.9806 0.142693 0 0
0 6.2011 10.9821 0.142884 0 0
0 6.2188 10.9844 0.143379 0 0
0 6.24754 10.9762 0.143835 0 0
0 6.2598 10.9722 0.144048 0 0
0 6.28387 10.9377 0.14482 0 0
0 6.28371 10.9233 0.145186 0 0
0 6.28159 10.922 0.14506 0 0
0 6.2789 10.9081 0.145564 0 0
0 6.27265 10.9006 0.145841 0 0
0 6.24702 10.8649 0.146193 0 0
0 6.2461 10.8812 0.145757 0 0
0 6.24503 10.8997 0.14541 0 0
0 6.25018 10.9046 0.14521 0 0
0 6.26503 10.9119 0.144812 0 0
0 6.27623 10.9103 0.144989 0 0
0 6.29156 10.8827 0.146171 0 0
0 6.29573 10.8527 0.146924 0 0
0 6.29641 10.8436 0.147269 0 0
0 6.29705 10.8227 0.147577 0 0
0 6.29398 10.8043 0.147763 0 0
0 6.28049 10.7967 0.147286 0 0
0 6.26162 10.7975 0.146691 0 0
0 6.23786 10.7729 0.146487 0 0
0 6.21902 10.7274 0.146344 0 0
0 6.1892 10.7108 0.145792 0 0
0 6.18958 10.707 0.145826 0 0
0 6.20872 10.6886 0.146001 0 0
0 6.23465 10.6828 0.146281 0 0
0 6.26452 10.69 0.147048 0 0
0 6.28632 10.7114 0.148087 0 0
0 6.31299 10.7345 0.149062 0 0
0 6.32382 10.7756 0.149596 0 0
0 6.34754 10.8241 0.149804 0 0
0 6.37437 10.8622 0.150254 0 0
0 6.39829 10.9084 0.150751 0 0
0 6.42441 10.9529 0.151634 0 0
0 6.4409 11.0044 0.152924 0 0
0 6.45449 11.0398 0.154386 0 0
0 6.46274 11.0681 0.155511 0 0
0 6.48485 11.1109 0.155665 0 0
0 6.49902 11.1259 0.155814 0 0
0 6.51406 11.113 0.156004 0 0
0 6.52972 11.1051 0.15629 0 0
0 6.54038 11.0845 0.156318 0 0
0 6.53771 11.074 0.156525 0 0
0 6.51678 11.0531 0.156746 0 0
0 6.48715 11.0288 0.156298 0 0
0 6.47592 11.0007 0.155466 0 0
0 6.47476 10.9913 0.155223 0 0
0 6.4715 10.9607 0.155249 0 0
0 6.47383 10.9138 0.155653 0 0
0 6.48827 10.8857 0.155732 0 0
0 6.50394 10.8286 0.156653 0 0
0 6.49008 10.7747 0.157759 0 0
0 6.47427 10.7722 0.157569 0 0
0 6.4544 10.7709 0.156579 0 0
0 6.41735 10.7781 0.155597 0 0
0 6.41067 10.7876 0.154981 0 0
0 6.41077 10.7868 0.154799 0 0
0 6.42566 10.7718 0.15518 0 0
0 6.4457 10.7599 0.155674 0 0
0 6.45669 10.7501 0.155836 0 0
0 6.48678 10.6958 0.156122 0 0
0 6.49424 10.6635 0.156117 0 0
0 6.47485 10.699 0.155145 0 0
0 6.46252 10.7153 0.154596 0 0
0 6.44768 10.7233 0.154508 0 0
0 6.42446 10.762 0.154618 0 0
0 6.4247 10.831 0.154912 0 0
0 6.4236 10.9216 0.155993 0 0
0 6.43667 10.9892 0.156961 0 0
0 6.47663 11.0311 0.157766 0 0
0 6.52024 11.079 0.157747 0 0
0 6.52838 11.0956 0.158204 0 0
0 6.53795 11.0982 0.1594 0 0
0 6.56208 11.04 0.159556 0 0
0 6.55918 10.9676 0.159787 0 0
0 6.53584 10.8834 0.160518 0 0
0 6.52809 10.8024 0.16041 0 0
0 6.51552 10.7315 0.159956 0 0
0 6.48321 10.6977 0.160117 0 0
0 6.4454 10.6834 0.160836 0 0
0 6.43064 10.6845 0.161124 0 0
0 6.42994 10.7001 0.160717 0 0
0 6.4429 10.7236 0.160116 0 0
0 6.46521 10.7505 0.159752 0 0
0 6.49133 10.7772 0.160136 0 0
0 6.50382 10.8127 0.16052 0 0
0 6.51615 10.8273 0.161501 0 0
0 6.54281 10.8295 0.163051 0 0
0 6.55377 10.8189 0.163748 0 0
0 6.53138 10.7899 0.165113 0 0
0 6.51398 10.7805 0.164995 0 0
0 6.50485 10.7998 0.164399 0 0
0 6.4949 10.8007 0.164157 0 0
0 6.45022 10.7845 0.163517 0 0
0 6.44781 10.7697 0.163131 0 0
0 6.46272 10.733 0.163151 0 0
0 6.49067 10.6853 0.163356 0 0
0 6.50103 10.653 0.163916 0 0
0 6.50408 10.6383 0.164115 0 0
0 6.50587 10.6396 0.164141 0 0
0 6.51017 10.673 0.163662 0 0
0 6.51874 10.709 0.163053 0 0
0 6.52275 10.7334 0.162815 0 0
0 6.54315 10.7884 0.162501 0 0
0 6.54139 10.8639 0.163137 0 0
0 6.5422 10.932 0.1633 0 0
0 6.52748 10.9775 0.163447 0 0
0 6.48778 11.0259 0.163433 0 0
0 6.45308 11.0675 0.163235 0 0
0 6.44188 11.0661 0.162729 0 0
0 6.45209 11.0231 0.162425 0 0
0 6.46725 10.9832 0.162574 0 0
0 6.48826 10.9607 0.162728 0 0
0 6.51314 10.9358 0.162934 0 0
0 6.52806 10.8792 0.163227 0 0
0 6.53112 10.8541 0.163247 0 0
0 6.5262 10.8079 0.163086 0 0
0 6.48169 10.7437 0.16243 0 0
0 6.44192 10.6999 0.161583 0 0
0 6.40997 10.6562 0.160545 0 0
0 6.36697 10.6227 0.159517 0 0
0 6.34761 10.6128 0.158834 0 0
0 6.31845 10.6308 0.157312 0 0
0 6.3196 10.6561 0.156883 0 0
0 6.33167 10.6755 0.156937 0 0
0 6.33531 10.6976 0.157387 0 0
0 6.34227 10.7433 0.158335 0 0
0 6.34286 10.763 0.15889 0 0
0 6.3439 10.7794 0.159397 0 0
0 6.36074 10.7833 0.160273 0 0
0 6.36202 10.8259 0.16058 0 0
0 6.37642 10.8594 0.160614 0 0
0 6.38008 10.9067 0.160639 0 0
0 6.39273 10.9473 0.161478 0 0
0 6.3981 10.9692 0.161692 0 0
0 6.39943 11.0108 0.161484 0 0
0 6.39591 11.0073 0.161768 0 0
0 6.37811 11.0018 0.162173 0 0
0 6.3649 10.9811 0.162456 0 0
0 6.35064 10.9763 0.161916 0 0
0 6.33718 10.9763 0.161599 0 0
0 6.335 10.9667 0.161703 0 0
0 6.34178 10.9602 0.161395 0 0
0 6.34237 10.959 0.161071 0 0
0 6.34073 10.9526 0.160712 0 0
0 6.33178 10.9099 0.160299 0 0
0 6.3128 10.8434 0.160399 0 0
0 6.2817 10.7631 0.160501 0 0
0 6.25764 10.6411 0.160665 0 0
0 6.25946 10.6005 0.160875 0 0
0 6.26622 10.5312 0.161106 0 0
0 6.26336 10.4746 0.161357 0 0
0 6.25368 10.4405 0.161277 0 0
0 6.23465 10.4514 0.160946 0 0
0 6.20527 10.4748 0.160511 0 0
0 6.18878 10.4907 0.159855 0 0
0 6.18365 10.4999 0.159658 0 0
0 6.1756 10.5213 0.15934 0 0
0 6.16501 10.5809 0.15889 0 0
0 6.1933 10.6261 0.159093 0 0
0 6.2499 10.7254 0.159349 0 0
0 6.2559 10.7712 0.159531 0 0
0 6.26912 10.8317 0.160655 0 0
0 6.28332 10.8694 0.161918 0 0
0 6.28958 10.8857 0.162312 0 0
0 6.29552 10.8942 0.16263 0 0
0 6.29036 10.8949 0.16321 0 0
0 6.28543 10.8665 0.163609 0 0
0 6.28947 10.8412 0.163433 0 0
0 6.28553 10.8279 0.163111 0 0
0 6.28748 10.8021 0.162843 0 0
0 6.28253 10.8022 0.162577 0 0
0 6.28443 10.7989 0.162309 0 0
0 6.28269 10.7705 0.162408 0 0
0 6.26661 10.7108 0.162576 0 0
0 6.25791 10.6808 0.162438 0 0
0 6.24302 10.6588 0.162143 0 0
0 6.22966 10.6319 0.161531 0 0
0 6.21702 10.6122 0.161682 0 0
0 6.21558 10.6068 0.162139 0 0
0 6.22391 10.606 0.16268 0 0
0 6.25549 10.6099 0.163788 0 0
0 6.26861 10.6272 0.164032 0 0
0 6.27312 10.6439 0.164066 0 0
0 6.28028 10.6757 0.164325 0 0
0 6.29788 10.7188 0.164611 0 0
0 6.30342 10.7265 0.164653 0 0
0 6.32537 10.7417 0.165062 0 0
0 6.33662 10.7023 0.166442 0 0
0 6.34101 10.6731 0.167175 0 0
0 6.34252 10.6706 0.166978 0 0
0 6.33565 10.6627 0.165419 0 0
0 6.31084 10.6694 0.164808 0 0
0 6.29655 10.6748 0.164657 0 0
0 6.2861 10.6984 0.164336 0 0
0 6.27856 10.7105 0.164344 0 0
0 6.2556 10.762 0.164765 0 0
0 6.25086 10.8249 0.165294 0 0
0 6.26199 10.8501 0.165061 0 0
0 6.25897 10.863 0.164542 0 0
0 6.25055 10.8556 0.164107 0 0
0 6.24889 10.8192 0.163945 0 0
0 6.24443 10.7654 0.163977 0 0
0 6.23449 10.7115 0.164044 0 0
0 6.22146 10.6567 0.164417 0 0
0 6.20639 10.5826 0.164822 0 0
0 6.18063 10.5632 0.16433 0 0
0 6.16809 10.5653 0.163617 0 0
0 6.15987 10.5662 0.163808 0 0
0 6.16286 10.5643 0.16416 0 0
0 6.18082 10.5923 0.164209 0 0
0 6.21391 10.6554 0.164142 0 0
0 6.23957 10.6747 0.164496 0 0
0 6.26631 10.6778 0.164947 0 0
0 6.2951 10.6823 0.16579 0 0
0 6.30519 10.7141 0.166497 0 0
0 6.31579 10.742 0.167394 0 0
0 6.33813 10.7436 0.168544 0 0
0 6.33112 10.7203 0.17029 0 0
0 6.31531 10.7013 0.171322 0 0
0 6.32335 10.6912 0.171209 0 0
0 6.30907 10.6886 0.170995 0 0
0 6.27138 10.7314 0.169994 0 0
0 6.2386 10.7756 0.16864 0 0
0 6.23524 10.8162 0.167178 0 0
0 6.22194 10.8552 0.166364 0 0
0 6.22466 10.8545 0.166018 0 0
0 6.24539 10.8274 0.166477 0 0
0 6.266 10.7547 0.16721 0 0
0 6.26871 10.7006 0.167501 0 0
0 6.2623 10.689 0.167323 0 0
0 6.25682 10.6811 0.167189 0 0
0 6.24764 10.6698 0.1669 0 0
0 6.2412 10.6607 0.166549 0 0
0 6.22461 10.6257 0.164893 0 0
0 6.20652 10.6202 0.16405 0 0
0 6.18415 10.5945 0.164004 0 0
0 6.1623 10.5634 0.163694 0 0
0 6.15185 10.5818 0.163099 0 0
0 6.14512 10.6054 0.162983 0 0
0 6.141 10.6447 0.163605 0 0
0 6.15034 10.6905 0.164086 0 0
0 6.16659 10.7559 0.164177 0 0
0 6.18222 10.795 0.164373 0 0
0 6.19166 10.8001 0.164721 0 0
0 6.18123 10.8167 0.165132 0 0
0 6.15603 10.8026 0.165765 0 0
0 6.13742 10.778 0.166079 0 0
0 6.10928 10.7221 0.166423 0 0
0 6.0944 10.6961 0.166523 0 0
0 6.08444 10.6735 0.166291 0 0
0 6.07497 10.5975 0.165992 0 0
0 6.07909 10.5598 0.165648 0 0
0 6.07444 10.5218 0.164497 0 0
0 6.04927 10.4987 0.16256 0 0
0 6.02958 10.4886 0.161423 0 0
0 5.99552 10.4901 0.160861 0 0
0 5.9574 10.528 0.159889 0 0
0 5.94018 10.5596 0.159004 0 0
0 5.94027 10.571 0.159029 0 0
0 5.94704 10.5855 0.159846 0 0
0 5.95369 10.5881 0.160361 0 0
0 5.9876 10.5806 0.161767 0 0
0 5.98626 10.5691 0.162588 0 0
0 5.97816 10.5742 0.162874 0 0
0 5.97158 10.5548 0.162066 0 0
0 5.95981 10.5146 0.161065 0 0
0 5.94576 10.5082 0.160547 0 0
0 5.91612 10.5919 0.158829 0 0
0 5.92238 10.633 0.157867 0 0
0 5.92811 10.6463 0.157751 0 0
0 5.94439 10.6905 0.158719 0 0
0 5.96499 10.7765 0.159799 0 0
0 5.9776 10.8378 0.16055 0 0
0 5.99282 10.8438 0.161808 0 0
0 6.02951 10.8496 0.163789 0 0
0 6.03971 10.8413 0.164207 0 0
0 6.04607 10.8237 0.164594 0 0
0 6.04844 10.8015 0.164176 0 0
0 6.04492 10.7669 0.163782 0 0
0 6.02304 10.7207 0.163119 0 0
0 5.99481 10.6819 0.162405 0 0
0 5.96145 10.6687 0.161313 0 0
0 5.91333 10.6481 0.160837 0 0
0 5.88153 10.6254 0.160465 0 0
0 5.84988 10.5975 0.159648 0 0
0 5.83788 10.5835 0.159355 0 0
0 5.8163 10.5445 0.15918 0 0
0 5.8135 10.5312 0.158909 0 0
0 5.82207 10.5118 0.15862 0 0
0 5.85806 10.4497 0.158352 0 0
0 5.87731 10.399 0.15832 0 0
0 5.88292 10.3743 0.158421 0 0
0 5.88763 10.4053 0.158298 0 0
0 5.88289 10.4486 0.158027 0 0
0 5.85961 10.494 0.157911 0 0
0 5.82923 10.5896 0.15812 0 0
0 5.84158 10.6891 0.158717 0 0
0 5.87218 10.7438 0.159747 0 0
0 5.91306 10.7702 0.161107 0 0
0 5.95013 10.8223 0.16231 0 0
0 5.98415 10.8738 0.162977 0 0
0 5.98969 10.882 0.163216 0 0
0 5.97004 10.8677 0.163443 0 0
0 5.94767 10.8563 0.163188 0 0
0 5.9256 10.8115 0.162807 0 0
0 5.90156 10.7589 0.162687 0 0
0 5.88917 10.7084 0.1625 0 0
0 5.89078 10.6796 0.161595 0 0
0 5.87965 10.6673 0.161086 0 0
0 5.85951 10.643 0.16126 0 0
0 5.8579 10.5913 0.162046 0 0
0 5.85627 10.5762 0.162313 0 0
0 5.83686 10.5609 0.162691 0 0
0 5.84154 10.4753 0.163458 0 0
0 5.84485 10.444 0.163134 0 0
0 5.82657 10.4033 0.161892 0 0
0 5.78928 10.3452 0.160253 0 0
0 5.78901 10.3096 0.160048 0 0
0 5.78699 10.2487 0.159832 0 0
0 5.78048 10.2429 0.159425 0 0
0 5.77623 10.2422 0.159098 0 0
0 5.77581 10.2441 0.159019 0 0
0 5.79711 10.2413 0.15906 0 0
0 5.81123 10.2665 0.159023 0 0
0 5.81443 10.2866 0.159017 0 0
0 5.82119 10.3456 0.159044 0 0
0 5.82832 10.368 0.159279 0 0
0 5.83926 10.4082 0.159903 0 0
0 5.83377 10.4561 0.161185 0 0
0 5.8383 10.4938 0.162552 0 0
0 5.85498 10.5505 0.162825 0 0
0 5.87063 10.5842 0.16342 0 0
0 5.88236 10.6225 0.163796 0 0
0 5.90294 10.6602 0.163973 0 0
0 5.91762 10.7177 0.163546 0 0
0 5.93089 10.7114 0.164332 0 0
0 5.93649 10.7198 0.16457 0 0
0 5.93051 10.7453 0.16405 0 0
0 5.92415 10.7435 0.163366 0 0
0 5.92325 10.6912 0.163826 0 0
0 5.91986 10.661 0.164194 0 0
0 5.92437 10.654 0.164325 0 0
0 5.92831 10.6442 0.164603 0 0
0 5.93304 10.6175 0.165445 0 0
0 5.93377 10.5958 0.166729 0 0
0 5.93593 10.6115 0.167646 0 0
0 5.95265 10.6527 0.167907 0 0
0 5.96665 10.702 0.168163 0 0
0 5.96171 10.7421 0.16825 0 0
0 5.96488 10.7858 0.168201 0 0
0 5.97765 10.7914 0.168137 0 0
0 5.97432 10.771 0.167654 0 0
0 5.94677 10.7178 0.166921 0 0
0 5.92418 10.6789 0.166487 0 0
0 5.9064 10.6415 0.165994 0 0
0 5.88537 10.5444 0.165213 0 0
0 5.8604 10.4617 0.164032 0 0
0 5.82834 10.4406 0.162501 0 0
0 5.79441 10.4193 0.161947 0 0
0 5.76958 10.4259 0.162044 0 0
0 5.769 10.4573 0.162056 0 0
0 5.76466 10.5251 0.161748 0 0
0 5.76491 10.5345 0.162536 0 0
0 5.76303 10.5338 0.163293 0 0
0 5.78701 10.5514 0.163074 0 0
0 5.81332 10.5647 0.163198 0 0
0 5.80663 10.5681 0.163651 0 0
0 5.79207 10.5703 0.163938 0 0
0 5.77847 10.5846 0.1642 0 0
0 5.76639 10.6516 0.16423 0 0
0 5.76888 10.6817 0.164189 0 0
0 5.77427 10.7309 0.164302 0 0
0 5.79008 10.7562 0.164258 0 0
0 5.80944 10.7509 0.164289 0 0
0 5.81724 10.7516 0.163451 0 0
0 5.81169 10.7153 0.163404 0 0
0 5.80122 10.6551 0.163674 0 0
0 5.78028 10.6014 0.163644 0 0
0 5.76994 10.5809 0.163532 0 0
0 5.76889 10.5681 0.163546 0 0
0 5.75854 10.528 0.163242 0 0
0 5.75566 10.52 0.16301 0 0
0 5.74059 10.5347 0.162172 0 0
0 5.71995 10.5445 0.161479 0 0
0 5.69183 10.5432 0.160981 0 0
0 5.6794 10.5279 0.160704 0 0
0 5.66807 10.4857 0.160287 0 0
0 5.64924 10.4489 0.15959 0 0
0 5.61389 10.4102 0.159036 0 0
0 5.58585 10.3897 0.158313 0 0
0 5.57126 10.3516 0.157779 0 0
0 5.56168 10.3386 0.157736 0 0
0 5.53831 10.3463 0.157859 0 0
0 5.52912 10.3631 0.158244 0 0
0 5.55034 10.3909 0.15895 0 0
0 5.56075 10.4048 0.159282 0 0
0 5.58725 10.4681 0.160047 0 0
0 5.61701 10.4907 0.160804 0 0
0 5.65514 10.5182 0.162406 0 0
0 5.68945 10.5446 0.163501 0 0
0 5.69302 10.5657 0.163874 0 0
0 5.69161 10.6132 0.1646 0 0
0 5.70094 10.652 0.166223 0 0
0 5.70025 10.6696 0.16652 0 0
0 5.68977 10.7418 0.166501 0 0
0 5.7135 10.7673 0.166691 0 0
0 5.735 10.7685 0.167047 0 0
0 5.77029 10.7655 0.16766 0 0
0 5.78654 10.7742 0.167434 0 0
0 5.79858 10.775 0.166948 0 0
0 5.80925 10.7282 0.167106 0 0
0 5.80927 10.6846 0.167326 0 0
0 5.77722 10.6957 0.165965 0 0
0 5.75927 10.7086 0.165568 0 0
0 5.72752 10.7056 0.164838 0 0
0 5.69025 10.6708 0.164543 0 0
0 5.62942 10.6344 0.163525 0 0
0 5.58435 10.5529 0.162558 0 0
0 5.55945 10.4416 0.161729 0 0
0 5.52743 10.3156 0.161249 0 0
0 5.48579 10.2286 0.160169 0 0
0 5.44584 10.1754 0.158322 0 0
0 5.38442 10.1322 0.156426 0 0
0 5.36161 10.1036 0.155996 0 0
0 5.32799 10.0732 0.154885 0 0
0 5.31407 10.0751 0.153826 0 0
0 5.3216 10.0749 0.153532 0 0
0 5.32831 10.0735 0.15379 0 0
0 5.34591 10.0971 0.154585 0 0
0 5.37464 10.1661 0.155197 0 0
0 5.40287 10.2477 0.156057 0 0
0 5.43196 10.3667 0.157041 0 0
0 5.47893 10.4599 0.158304 0 0
0 5.52107 10.5411 0.159337 0 0
0 5.55744 10.611 0.159908 0 0
0 5.58566 10.6651 0.160322 0 0
0 5.61655 10.6655 0.16048 0 0
0 5.6316 10.669 0.160467 0 0
0 5.61736 10.6933 0.160636 0 0
0 5.60551 10.7029 0.161154 0 0
0 5.59843 10.6955 0.161971 0 0
0 5.56671 10.7245 0.162625 0 0
0 5.55959 10.7305 0.163105 0 0
0 5.56984 10.7631 0.163757 0 0
0 5.58045 10.7751 0.163637 0 0
0 5.61647 10.7641 0.163374 0 0
0 5.62494 10.751 0.16335 0 0
0 5.61548 10.727 0.16258 0 0
0 5.585 10.672 0.160812 0 0
0 5.54266 10.5543 0.158869 0 0
0 5.43834 10.3961 0.156059 0 0
0 5.392 10.3535 0.155082 0 0
0 5.30927 10.2031 0.15284 0 0
0 5.28237 10.1401 0.151648 0 0
0 5.25754 10.1119 0.150628 0 0
0 5.2324 10.0915 0.149709 0 0
0 5.22935 10.0737 0.149154 0 0
0 5.23242 10.0705 0.147842 0 0
0 5.23548 10.079 0.147969 0 0
0 5.23406 10.1209 0.148885 0 0
0 5.25045 10.1802 0.150564 0 0
0 5.28898 10.2958 0.152447 0 0
0 5.33447 10.4203 0.154819 0 0
0 5.38714 10.5356 0.1573 0 0
0 5.41826 10.6523 0.159288 0 0
0 5.44486 10.7598 0.160268 0 0
0 5.47355 10.8148 0.160707 0 0
0 5.4863 10.8557 0.160855 0 0
0 5.49926 10.8776 0.160828 0 0
0 5.49432 10.8777 0.160884 0 0
0 5.51776 10.8209 0.160986 0 0
0 5.52636 10.7601 0.161773 0 0
0 5.53483 10.691 0.162464 0 0
0 5.53503 10.6024 0.163318 0 0
0 5.52298 10.5324 0.163259 0 0
0 5.49409 10.4839 0.16258 0 0
0 5.45751 10.4331 0.161912 0 0
0 5.43067 10.3676 0.160705 0 0
0 5.40028 10.3027 0.159045 0 0
0 5.36513 10.2541 0.157183 0 0
0 5.33945 10.1989 0.156134 0 0
0 5.32789 10.1304 0.155166 0 0
0 5.31331 10.08 0.154479 0 0
0 5.27823 10.027 0.154449 0 0
0 5.24747 9.99051 0.154486 0 0
0 5.22873 9.95497 0.153786 0 0
0 5.23103 9.93091 0.153391 0 0
0 5.22515 9.94475 0.153223 0 0
0 5.2179 9.99916 0.152882 0 0
0 5.22064 10.0561 0.153051 0 0
0 5.22585 10.0906 0.153801 0 0
0 5.21789 10.1241 0.155095 0 0
0 5.20843 10.1694 0.155734 0 0
0 5.22426 10.2138 0.156256 0 0
0 5.235 10.2299 0.156512 0 0
0 5.24837 10.2505 0.15669 0 0
0 5.27992 10.2922 0.157513 0 0
0 5.32941 10.3274 0.158261 0 0
0 5.37084 10.3774 0.158705 0 0
0 5.39991 10.4036 0.159502 0 0
0 5.42621 10.4212 0.160745 0 0
0 5.43264 10.4418 0.16123 0 0
0 5.44395 10.5478 0.162316 0 0
0 5.45505 10.6278 0.163368 0 0
0 5.47346 10.7039 0.164804 0 0
0 5.47318 10.791 0.165813 0 0
0 5.48318 10.8872 0.16604 0 0
0 5.5011 10.937 0.166397 0 0
0 5.50971 10.9439 0.16687 0 0
0 5.5113 10.9238 0.16715 0 0
